           1    -5.54695    -5.54695           0
           2    -5.42983    -5.48839   0.0414097
           3    -5.31426    -5.43035   0.0548452
           4    -5.27128    -5.39058   0.0536469
           5    -5.22788    -5.35804   0.0518557
           6    -5.10858    -5.31647    0.057514
           7    -5.02939    -5.27546   0.0622242
           8     -4.9644    -5.23657   0.0654768
           9    -4.98599    -5.20873   0.0638476
          10    -4.96144      -5.184   0.0620673
          11    -5.00186    -5.16744   0.0585919
          12    -5.01109    -5.15441    0.055139
          13    -4.94824    -5.13855   0.0531295
          14    -4.87441    -5.11969   0.0525781
          15    -4.87308    -5.10325   0.0515793
          16    -4.89307    -5.09011   0.0500004
          17    -4.87648    -5.07754   0.0486127
          18    -4.77382    -5.06067   0.0487525
          19    -4.80005    -5.04695   0.0480775
          20     -4.8253    -5.03587   0.0469336
          21     -4.8153    -5.02537   0.0458588
          22    -4.80803    -5.01549   0.0448258
          23    -4.88316    -5.00973   0.0432445
          24    -4.92678    -5.00628   0.0415806
          25    -4.89832    -5.00196    0.040141
          26    -4.78192     -4.9935   0.0394792
          27    -4.86159    -4.98861   0.0383181
          28    -4.82645    -4.98282   0.0373847
          29    -4.77883    -4.97579   0.0367513
          30    -4.74924    -4.96823   0.0362938
          31    -4.79746    -4.96272   0.0355387
          32    -4.80245    -4.95772   0.0347792
          33    -4.80399    -4.95306   0.0340358
          34    -4.84215     -4.9498   0.0331907
          35    -4.85524    -4.94709   0.0323522
          36    -4.83473    -4.94397   0.0316037
          37     -4.6954    -4.93726   0.0314555
          38    -4.67903    -4.93046   0.0313531
          39     -4.6628     -4.9236   0.0312914
          40    -4.57716    -4.91494    0.031685
          41    -4.52719    -4.90548   0.0322927
          42    -4.52341    -4.89638   0.0327801
          43    -4.62203       -4.89   0.0326328
          44    -4.57712    -4.88289   0.0326567
          45    -4.57414    -4.87603   0.0326438
          46     -4.4888    -4.86761   0.0330017
          47    -4.59799    -4.86187   0.0327944
          48    -4.66236    -4.85772   0.0323735
          49    -4.73676    -4.85525   0.0318068
          50     -4.8171    -4.85449   0.0311798
          51    -4.77721    -4.85297   0.0306052
          52    -4.75991    -4.85118    0.030069
          53    -4.78945    -4.85002   0.0295242
          54    -4.80401    -4.84916   0.0289897
          55    -4.77333    -4.84779   0.0284954
          56    -4.73135    -4.84571   0.0280623
          57    -4.67306    -4.84268    0.027733
          58    -4.70432    -4.84029   0.0273572
          59    -4.71896    -4.83824   0.0269707
          60    -4.67787    -4.83556   0.0266533
          61    -4.68507     -4.8331   0.0263303
          62    -4.67737    -4.83058   0.0260252
          63    -4.65767    -4.82784   0.0257564
          64       -4.65    -4.82506   0.0255034
          65    -4.71805    -4.82341   0.0251641
          66    -4.70929    -4.82169   0.0248422
          67    -4.73646    -4.82041   0.0245039
          68    -4.69274    -4.81854   0.0242154
          69    -4.70934    -4.81695   0.0239161
          70    -4.66181    -4.81474   0.0236769
          71    -4.57939    -4.81142   0.0235743
          72    -4.52592    -4.80746    0.023578
          73    -4.59861     -4.8046    0.023428
          74    -4.62777    -4.80221   0.0232329
          75     -4.5809    -4.79926   0.0231098
          76    -4.57655    -4.79633   0.0229907
          77    -4.55594     -4.7932   0.0229031
          78    -4.59502    -4.79066     0.02275
          79      -4.585    -4.78806   0.0226105
          80    -4.56082    -4.78522   0.0225056
          81    -4.61163    -4.78308   0.0223295
          82     -4.6199    -4.78109   0.0221457
          83    -4.67496    -4.77981   0.0219158
          84    -4.72648    -4.77917   0.0216641
          85    -4.72849    -4.77858   0.0214174
          86    -4.81453    -4.77899   0.0211724
          87    -4.79641    -4.77919     0.02093
          88    -4.81429    -4.77959    0.020696
          89     -4.7516    -4.77928   0.0204658
          90    -4.72744     -4.7787   0.0202465
          91    -4.70367    -4.77788   0.0200408
          92    -4.66925     -4.7767   0.0198577
          93    -4.72252    -4.77611   0.0196528
          94    -4.68872    -4.77519   0.0194657
          95    -4.64883    -4.77386   0.0193062
          96    -4.65096    -4.77257   0.0191474
          97    -4.72905    -4.77213   0.0189553
          98    -4.71954    -4.77159   0.0187695
          99    -4.73839    -4.77125   0.0185829
         100    -4.68861    -4.77043   0.0184154
         101     -4.6332    -4.76907   0.0182831
         102    -4.64032    -4.76781   0.0181474
         103    -4.65597    -4.76672   0.0180037
         104    -4.70544    -4.76613   0.0178402
         105    -4.73862    -4.76587   0.0176722
         106    -4.72689     -4.7655   0.0175093
         107      -4.781    -4.76565   0.0173463
         108    -4.71618    -4.76519   0.0171917
         109    -4.71198     -4.7647   0.0170409
         110    -4.78637     -4.7649   0.0168872
         111    -4.85942    -4.76575   0.0167565
         112    -4.87065    -4.76669    0.016633
         113    -4.85397    -4.76746   0.0165037
         114    -4.82893      -4.768   0.0163678
         115    -4.81417     -4.7684   0.0162304
         116    -4.89004    -4.76945   0.0161243
         117    -4.86154    -4.77023   0.0160057
         118    -4.84211    -4.77084   0.0158816
         119    -4.80513    -4.77113   0.0157508
         120    -4.76864    -4.77111   0.0156195
         121    -4.84302    -4.77171   0.0155018
         122    -4.77806    -4.77176   0.0153748
         123    -4.85957    -4.77247   0.0152664
         124    -4.90013     -4.7735   0.0151779
         125    -4.82574    -4.77392   0.0150622
         126    -4.82151     -4.7743   0.0149474
         127      -4.806    -4.77455   0.0148318
         128    -4.80168    -4.77476   0.0147175
         129    -4.71124    -4.77427   0.0146116
         130    -4.75658    -4.77413   0.0144998
         131    -4.76509    -4.77406   0.0143893
         132    -4.79902    -4.77425   0.0142816
         133    -4.77473    -4.77425   0.0141742
         134    -4.78412    -4.77433   0.0140686
         135    -4.67358    -4.77358   0.0139842
         136    -4.79295    -4.77372   0.0138821
         137    -4.79343    -4.77387   0.0137815
         138    -4.86228    -4.77451   0.0136965
         139    -4.75736    -4.77438   0.0135985
         140    -4.77383    -4.77438   0.0135014
         141    -4.79775    -4.77455   0.0134066
         142    -4.80094    -4.77473   0.0133135
         143    -4.77275    -4.77472   0.0132204
         144    -4.74437    -4.77451   0.0131303
         145    -4.75271    -4.77436   0.0130406
         146    -4.79516     -4.7745   0.0129521
         147    -4.75794    -4.77439   0.0128644
         148    -4.85428    -4.77493   0.0127888
         149    -4.74898    -4.77475   0.0127042
         150    -4.69919    -4.77425   0.0126295
         151    -4.63257    -4.77331   0.0125806
         152    -4.61388    -4.77226   0.0125415
         153    -4.60781    -4.77119   0.0125055
         154    -4.69363    -4.77068   0.0124345
         155    -4.72791    -4.77041   0.0123573
         156    -4.73363    -4.77017   0.0122803
         157    -4.75804    -4.77009   0.0122024
         158    -4.78511    -4.77019   0.0121255
         159    -4.73151    -4.76995   0.0120517
         160    -4.70555    -4.76954   0.0119831
         161     -4.7108    -4.76918   0.0119142
         162    -4.68271    -4.76865   0.0118526
         163    -4.70307    -4.76824   0.0117867
         164    -4.72092    -4.76795   0.0117184
         165    -4.76521    -4.76794   0.0116474
         166    -4.74186    -4.76778   0.0115783
         167    -4.71643    -4.76747    0.011513
         168    -4.70654    -4.76711   0.0114502
         169    -4.76628    -4.76711   0.0113824
         170    -4.75485    -4.76703   0.0113157
         171    -4.73906    -4.76687   0.0112507
         172    -4.71426    -4.76656   0.0111895
         173     -4.6536    -4.76591   0.0111438
         174    -4.56855    -4.76478   0.0111374
         175    -4.64932    -4.76412   0.0110932
         176    -4.70919     -4.7638   0.0110346
         177    -4.80872    -4.76406   0.0109752
         178    -4.82703    -4.76441   0.0109192
         179    -4.87221    -4.76501   0.0108748
         180    -4.85749    -4.76553   0.0108265
         181    -4.87817    -4.76615   0.0107846
         182    -4.78428    -4.76625   0.0107258
         183    -4.76453    -4.76624   0.0106672
         184    -4.78564    -4.76635   0.0106097
         185    -4.77618     -4.7664   0.0105525
         186     -4.7497    -4.76631   0.0104962
         187    -4.76886    -4.76632     0.01044
         188    -4.68453    -4.76589   0.0103936
         189    -4.79348    -4.76603   0.0103396
         190    -4.81449    -4.76629   0.0102883
         191    -4.69627    -4.76592    0.010241
         192    -4.82996    -4.76626   0.0101931
         193    -4.84686    -4.76667   0.0101488
         194       -4.78    -4.76674   0.0100967
         195    -4.75471    -4.76668   0.0100451
         196    -4.74826    -4.76659  0.00999434
         197    -4.72543    -4.76638  0.00994579
         198    -4.78947    -4.76649  0.00989624
         199    -4.83734    -4.76685  0.00985291
         200    -4.82364    -4.76713  0.00980774
         201     -4.8501    -4.76755  0.00976762
         202    -4.82533    -4.76783  0.00972346
         203    -4.69055    -4.76745  0.00968301
         204    -4.73348    -4.76729  0.00963697
         205    -4.74725    -4.76719  0.00959046
         206    -4.75507    -4.76713  0.00954408
         207     -4.7252    -4.76693  0.00950013
         208    -4.71435    -4.76667  0.00945781
         209    -4.69432    -4.76633   0.0094189
         210    -4.65653    -4.76581  0.00938855
         211     -4.6654    -4.76533   0.0093561
         212    -4.72265    -4.76513  0.00931414
         213    -4.77968     -4.7652  0.00927066
         214    -4.83178    -4.76551  0.00923256
         215    -4.88593    -4.76607  0.00920659
         216    -4.91049    -4.76674  0.00918821
         217    -4.90015    -4.76735  0.00916642
         218    -4.84611    -4.76771  0.00913149
         219    -4.88543    -4.76825   0.0091056
         220    -4.81859    -4.76848  0.00906708
         221    -4.84245    -4.76881  0.00903223
         222    -4.82867    -4.76908  0.00899557
         223    -4.88935    -4.76962  0.00897138
         224    -4.81329    -4.76982  0.00893345
         225    -4.77223    -4.76983  0.00889375
         226    -4.82993    -4.77009  0.00885837
         227    -4.79463     -4.7702  0.00882001
         228    -4.68214    -4.76982  0.00878978
         229    -4.70015    -4.76951  0.00875666
         230    -4.77862    -4.76955  0.00871868
         231    -4.82423    -4.76979  0.00868414
         232    -4.82229    -4.77001  0.00864966
         233    -4.84483    -4.77034   0.0086185
         234    -4.85009    -4.77068   0.0085884
         235    -4.80291    -4.77081  0.00855295
         236    -4.84568    -4.77113  0.00852259
         237    -4.84698    -4.77145  0.00849264
         238    -4.80152    -4.77158  0.00845789
         239    -4.73984    -4.77144  0.00842355
         240    -4.72029    -4.77123  0.00839115
         241    -4.74897    -4.77114  0.00835684
         242    -4.75625    -4.77108  0.00832253
         243    -4.80661    -4.77122  0.00828957
         244    -4.79173    -4.77131  0.00825602
         245    -4.77652    -4.77133  0.00822235
         246    -4.76975    -4.77132  0.00818893
         247    -4.76354    -4.77129  0.00815583
         248    -4.68745    -4.77095  0.00812995
         249     -4.6457    -4.77045  0.00811285
         250    -4.60424    -4.76978  0.00810759
         251    -4.50719    -4.76874  0.00814251
         252     -4.5279    -4.76778  0.00816609
         253    -4.60261    -4.76713  0.00815987
         254    -4.61774    -4.76654  0.00814892
         255    -4.58597    -4.76583  0.00814767
         256    -4.59819    -4.76518  0.00814212
         257    -4.60171    -4.76454  0.00813524
         258    -4.56959    -4.76379  0.00813873
         259    -4.71029    -4.76358  0.00810992
         260    -4.74144     -4.7635  0.00807918
         261    -4.73743     -4.7634  0.00804884
         262    -4.77717    -4.76345  0.00801829
         263    -4.75925    -4.76343  0.00798782
         264    -4.78246     -4.7635  0.00795789
         265    -4.74041    -4.76342  0.00792834
         266    -4.75239    -4.76338  0.00789864
         267    -4.75491    -4.76334  0.00786912
         268    -4.72056    -4.76318  0.00784138
         269     -4.7822    -4.76325  0.00781255
         270    -4.80486    -4.76341  0.00778513
         271    -4.79998    -4.76354  0.00775757
         272    -4.76532    -4.76355  0.00772905
         273     -4.7626    -4.76355  0.00770074
         274    -4.80435     -4.7637  0.00767408
         275    -4.84045    -4.76398  0.00765125
         276    -4.78139    -4.76404  0.00762378
         277    -4.67598    -4.76372  0.00760289
         278    -4.74776    -4.76366  0.00757575
         279    -4.83747    -4.76393  0.00755322
         280    -4.85102    -4.76424  0.00753264
         281    -4.80562    -4.76439  0.00750728
         282    -4.85027    -4.76469  0.00748683
         283    -4.76859     -4.7647  0.00746039
         284    -4.77167    -4.76473  0.00743416
         285    -4.76139    -4.76472  0.00740808
         286     -4.7862    -4.76479  0.00738256
         287    -4.79603     -4.7649  0.00735764
         288    -4.78282    -4.76496  0.00733236
         289    -4.77534      -4.765  0.00730707
         290    -4.67784     -4.7647  0.00728806
         291    -4.73762    -4.76461   0.0072636
         292    -4.68691    -4.76434   0.0072436
         293    -4.63435     -4.7639  0.00723245
         294    -4.67642     -4.7636  0.00721397
         295    -4.71528    -4.76343  0.00719137
         296    -4.77616    -4.76348  0.00716721
         297    -4.79657    -4.76359  0.00714394
         298    -4.78932    -4.76367  0.00712049
         299    -4.80039     -4.7638  0.00709774
         300    -4.81242    -4.76396  0.00707593
         301    -4.74777    -4.76391  0.00705262
         302    -4.70566    -4.76371  0.00703191
         303    -4.62493    -4.76326   0.0070236
         304    -4.69699    -4.76304  0.00700388
         305    -4.66713    -4.76272  0.00698797
         306    -4.77161    -4.76275  0.00696519
         307    -4.72964    -4.76264  0.00694334
         308    -4.68402    -4.76239  0.00692549
         309    -4.71853    -4.76225  0.00690453
         310    -4.74565    -4.76219  0.00688246
         311    -4.75196    -4.76216  0.00686041
         312    -4.83111    -4.76238  0.00684198
         313     -4.8063    -4.76252  0.00682156
         314    -4.70351    -4.76233  0.00680243
         315    -4.67699    -4.76206  0.00678622
         316    -4.67717    -4.76179  0.00677006
         317    -4.63481    -4.76139  0.00676055
         318    -4.66942     -4.7611  0.00674547
         319    -4.65625    -4.76078  0.00673233
         320    -4.66054    -4.76046  0.00671858
         321    -4.65057    -4.76012  0.00670636
         322    -4.62432     -4.7597  0.00669878
         323    -4.67454    -4.75943  0.00668323
         324    -4.71908    -4.75931  0.00666376
         325    -4.78421    -4.75939   0.0066437
         326    -4.71691    -4.75926   0.0066246
         327    -4.76361    -4.75927  0.00660435
         328    -4.77703    -4.75932  0.00658444
         329    -4.77128    -4.75936  0.00656452
         330    -4.78728    -4.75944  0.00654518
         331    -4.81333    -4.75961  0.00652743
         332    -4.84639    -4.75987    0.006513
         333    -4.91066    -4.76032  0.00650916
         334     -4.8926    -4.76072  0.00650171
         335    -4.89777    -4.76113  0.00649516
         336     -4.8687    -4.76145  0.00648372
         337    -4.87503    -4.76178  0.00647323
         338    -4.87931    -4.76213  0.00646341
         339     -4.8304    -4.76233  0.00644748
         340      -4.819     -4.7625  0.00643067
         341    -4.83166     -4.7627  0.00641501
         342     -4.7906    -4.76278  0.00639677
         343     -4.7816    -4.76284  0.00637836
         344    -4.80792    -4.76297  0.00636116
         345    -4.82809    -4.76316  0.00634553
         346    -4.88761    -4.76352  0.00633737
         347    -4.91387    -4.76395   0.0063339
         348    -4.90245    -4.76435  0.00632819
         349    -4.83157    -4.76454  0.00631299
         350    -4.83947    -4.76476  0.00629858
         351    -4.82853    -4.76494  0.00628326
         352    -4.78429    -4.76499  0.00626565
         353    -4.80672    -4.76511  0.00624902
         354    -4.80414    -4.76522  0.00623234
         355    -4.79966    -4.76532  0.00621553
         356    -4.84037    -4.76553  0.00620165
         357    -4.84303    -4.76575  0.00618808
         358    -4.81671    -4.76589  0.00617243
         359    -4.78186    -4.76593  0.00615539
         360    -4.77687    -4.76596  0.00613837
         361     -4.8043    -4.76607  0.00612229
         362    -4.72183    -4.76595  0.00610659
         363    -4.70554    -4.76578  0.00609204
         364    -4.72848    -4.76568  0.00607616
         365    -4.70188     -4.7655  0.00606203
         366    -4.78526    -4.76556  0.00604571
         367    -4.81674     -4.7657  0.00603084
         368     -4.8938    -4.76605  0.00602449
         369     -4.8966     -4.7664  0.00601855
         370    -4.90426    -4.76677   0.0060138
         371    -4.85089      -4.767  0.00600186
         372    -4.78964    -4.76706  0.00598604
         373    -4.83179    -4.76723  0.00597251
         374    -4.78399    -4.76728   0.0059567
         375     -4.7735    -4.76729  0.00594084
         376    -4.85445    -4.76753  0.00592956
         377    -4.82611    -4.76768  0.00591587
         378    -4.85417    -4.76791  0.00590464
         379    -4.85574    -4.76814  0.00589361
         380    -4.83096    -4.76831  0.00588042
         381    -4.69207    -4.76811  0.00586839
         382    -4.79715    -4.76818  0.00585352
         383    -4.83226    -4.76835  0.00584062
         384    -4.79159    -4.76841  0.00582573
         385    -4.88755    -4.76872  0.00581881
         386    -4.80026     -4.7688  0.00580431
         387    -4.89848    -4.76914  0.00579897
         388    -4.81927    -4.76927  0.00578547
         389    -4.76943    -4.76927   0.0057706
         390     -4.7075    -4.76911  0.00575797
         391    -4.70185    -4.76894  0.00574581
         392    -4.81533    -4.76906  0.00573238
         393    -4.84254    -4.76924  0.00572084
         394    -4.86601    -4.76949  0.00571159
         395    -4.80655    -4.76958   0.0056979
         396    -4.76252    -4.76956  0.00568354
         397    -4.76838    -4.76956  0.00566922
         398      -4.775    -4.76957  0.00565499
         399    -4.78951    -4.76962  0.00564104
         400    -4.81958    -4.76975  0.00562832
         401    -4.88016    -4.77002  0.00562102
         402    -4.88906    -4.77032  0.00561483
         403    -4.79728    -4.77039  0.00560129
         404    -4.82624    -4.77053  0.00558914
         405    -4.78361    -4.77056  0.00557543
         406    -4.77911    -4.77058  0.00556174
         407     -4.7658    -4.77057  0.00554808
         408    -4.75412    -4.77053  0.00553463
         409    -4.78967    -4.77057   0.0055213
         410    -4.75492    -4.77054  0.00550796
         411    -4.73143    -4.77044  0.00549538
         412     -4.7729    -4.77045  0.00548205
         413    -4.76522    -4.77043  0.00546879
         414    -4.81313    -4.77054  0.00545655
         415    -4.78338    -4.77057  0.00544349
         416    -4.85546    -4.77077  0.00543423
         417    -4.85166    -4.77097  0.00542466
         418    -4.87039     -4.7712  0.00541689
         419    -4.86502    -4.77143  0.00540859
         420    -4.83884    -4.77159   0.0053981
         421    -4.87047    -4.77182  0.00539038
         422    -4.85285    -4.77202  0.00538103
         423    -4.86425    -4.77223  0.00537272
         424    -4.80364    -4.77231  0.00536056
         425    -4.75401    -4.77226  0.00534812
         426    -4.85405    -4.77246  0.00533901
         427    -4.80953    -4.77254  0.00532721
         428    -4.81233    -4.77264  0.00531558
         429    -4.82174    -4.77275  0.00530442
         430    -4.82648    -4.77288  0.00529355
         431    -4.83583    -4.77302  0.00528329
         432    -4.81762    -4.77312  0.00527207
         433     -4.8189    -4.77323  0.00526095
         434    -4.78548    -4.77326   0.0052489
         435    -4.73796    -4.77318  0.00523746
         436    -4.72398    -4.77306  0.00522667
         437    -4.76073    -4.77304  0.00521478
         438    -4.68049    -4.77283  0.00520716
         439    -4.73691    -4.77274  0.00519594
         440    -4.72369    -4.77263  0.00518532
         441    -4.67442    -4.77241  0.00517835
         442    -4.57593    -4.77196  0.00518568
         443    -4.59992    -4.77158  0.00518849
         444    -4.69601    -4.77141   0.0051796
         445    -4.68565    -4.77121  0.00517154
         446    -4.67353    -4.77099  0.00516458
         447    -4.72929     -4.7709  0.00515387
         448    -4.73078    -4.77081  0.00514314
         449    -4.75714    -4.77078  0.00513178
         450    -4.74974    -4.77073  0.00512059
         451    -4.72551    -4.77063  0.00511022
         452    -4.72854    -4.77054  0.00509976
         453    -4.76931    -4.77054   0.0050885
         454    -4.85834    -4.77073  0.00508097
         455    -4.81346    -4.77083  0.00507067
         456    -4.77602    -4.77084  0.00505956
         457    -4.75551     -4.7708   0.0050486
         458    -4.79811    -4.77086  0.00503793
         459    -4.77849    -4.77088  0.00502698
         460    -4.75086    -4.77084  0.00501624
         461     -4.7267    -4.77074  0.00500627
         462    -4.76877    -4.77074  0.00499544
         463    -4.69078    -4.77056  0.00498764
         464    -4.74653    -4.77051  0.00497716
         465    -4.72736    -4.77042  0.00496732
         466     -4.7188    -4.77031  0.00495789
         467    -4.71751     -4.7702  0.00494856
         468    -4.79153    -4.77024   0.0049382
         469    -4.84516     -4.7704  0.00493026
         470    -4.82031    -4.77051  0.00492091
         471    -4.80046    -4.77057  0.00491087
         472    -4.80807    -4.77065  0.00490111
         473    -4.81279    -4.77074  0.00489156
         474    -4.79589    -4.77079  0.00488153
         475    -4.67995     -4.7706  0.00487499
         476    -4.65536    -4.77036  0.00487076
         477    -4.74522    -4.77031  0.00486083
         478    -4.74365    -4.77025  0.00485098
         479    -4.78005    -4.77027   0.0048409
         480     -4.8144    -4.77036  0.00483169
         481    -4.73847     -4.7703   0.0048221
         482    -4.75524    -4.77026  0.00481219
         483    -4.86993    -4.77047  0.00480665
         484    -4.82455    -4.77058  0.00479802
         485    -4.91081    -4.77087  0.00479683
         486    -4.92569    -4.77119  0.00479753
         487    -4.93606    -4.77153  0.00479961
         488    -4.96178    -4.77192  0.00480558
         489    -4.91683    -4.77222  0.00480488
         490    -4.97331    -4.77263  0.00481257
         491    -4.87568    -4.77284  0.00480734
         492    -4.90735    -4.77311  0.00480534
         493    -4.90768    -4.77338  0.00480334
         494    -4.86608    -4.77357  0.00479728
         495    -4.92512    -4.77388  0.00479735
         496    -4.92601    -4.77418  0.00479747
         497    -4.93174     -4.7745  0.00479828
         498    -4.99116    -4.77493  0.00480833
         499    -4.98098    -4.77535  0.00481639
         500    -4.97677    -4.77575  0.00482357
         501    -4.86625    -4.77593  0.00481733
         502    -4.85785    -4.77609  0.00481049
         503    -4.86656    -4.77627  0.00480429
         504    -4.81787    -4.77636  0.00479547
         505    -4.78842    -4.77638  0.00478603
         506    -4.79543    -4.77642  0.00477672
         507       -4.82     -4.7765  0.00476807
         508    -4.82684     -4.7766  0.00475972
         509    -4.80889    -4.77667  0.00475079
         510    -4.82287    -4.77676  0.00474234
         511     -4.8343    -4.77687  0.00473439
         512    -4.81134    -4.77694  0.00472562
         513    -4.77683    -4.77694  0.00471641
         514    -4.76418    -4.77691   0.0047073
         515    -4.78588    -4.77693  0.00469819
         516    -4.72329    -4.77683  0.00469024
         517    -4.80333    -4.77688  0.00468145
         518    -4.80244    -4.77693  0.00467267
         519    -4.82132    -4.77701  0.00466445
         520    -4.75489    -4.77697  0.00465567
         521    -4.80513    -4.77702  0.00464705
         522    -4.79853    -4.77706  0.00463833
         523    -4.75392    -4.77702  0.00462967
         524    -4.73518    -4.77694  0.00462153
         525    -4.75326     -4.7769  0.00461294
         526    -4.72315    -4.77679   0.0046053
         527    -4.69577    -4.77664  0.00459913
         528    -4.67368    -4.77644  0.00459455
         529    -4.65045    -4.77621  0.00459204
         530    -4.64278    -4.77595  0.00459027
         531    -4.68106    -4.77578   0.0045851
         532    -4.77497    -4.77577  0.00457648
         533    -4.73956    -4.77571   0.0045684
         534    -4.78585    -4.77573  0.00455989
         535    -4.90452    -4.77597  0.00455771
         536    -4.83277    -4.77607  0.00455044
         537    -4.78187    -4.77608  0.00454198
         538    -4.80596    -4.77614  0.00453388
         539    -4.77997    -4.77615  0.00452547
         540    -4.73362    -4.77607  0.00451778
         541    -4.74923    -4.77602   0.0045097
         542    -4.70237    -4.77588  0.00450342
         543    -4.75956    -4.77585  0.00449523
         544    -4.67646    -4.77567  0.00449068
         545    -4.74069     -4.7756   0.0044829
         546    -4.71565    -4.77549  0.00447603
         547    -4.79419    -4.77553  0.00446798
         548    -4.82534    -4.77562  0.00446075
         549    -4.76405     -4.7756  0.00445267
         550    -4.75461    -4.77556  0.00444474
         551    -4.78916    -4.77558  0.00443674
         552    -4.85035    -4.77572  0.00443077
         553    -4.85159    -4.77586  0.00442489
         554    -4.81472    -4.77593  0.00441745
         555    -4.76299     -4.7759  0.00440956
         556    -4.79578    -4.77594  0.00440177
         557    -4.78717    -4.77596  0.00439391
         558    -4.79896      -4.776  0.00438623
         559    -4.76214    -4.77598  0.00437846
         560    -4.79734    -4.77601   0.0043708
         561     -4.6669    -4.77582  0.00436734
         562    -4.77309    -4.77582  0.00435957
         563    -4.75566    -4.77578  0.00435197
         564    -4.67352     -4.7756  0.00434803
         565    -4.71324    -4.77549  0.00434174
         566    -4.84215    -4.77561  0.00433566
         567    -4.81094    -4.77567  0.00432846
         568    -4.72394    -4.77558   0.0043218
         569    -4.70051    -4.77545  0.00431622
         570    -4.66358    -4.77525  0.00431311
         571    -4.74426    -4.77519  0.00430589
         572    -4.81721    -4.77527  0.00429899
         573    -4.76965    -4.77526   0.0042915
         574    -4.73173    -4.77518   0.0042847
         575    -4.75751    -4.77515  0.00427735
         576    -4.82825    -4.77524  0.00427092
         577    -4.87559    -4.77542  0.00426706
         578    -4.81438    -4.77549  0.00426021
         579    -4.78089    -4.77549  0.00425286
         580    -4.78764    -4.77552  0.00424558
         581    -4.83678    -4.77562  0.00423958
         582    -4.80372    -4.77567  0.00423257
         583    -4.88152    -4.77585   0.0042292
         584    -4.85862    -4.77599  0.00422434
         585    -4.82919    -4.77608  0.00421809
         586    -4.81852    -4.77616  0.00421152
         587    -4.89245    -4.77635    0.004209
         588     -4.8693    -4.77651  0.00420481
         589    -4.89439    -4.77671  0.00420243
         590    -4.86709    -4.77687   0.0041981
         591    -4.78201    -4.77687    0.004191
         592    -4.80181    -4.77692  0.00418414
         593    -4.85635    -4.77705  0.00417922
         594     -4.9071    -4.77727  0.00417792
         595     -4.9302    -4.77753   0.0041788
         596    -4.83412    -4.77762  0.00417286
         597    -4.82562     -4.7777  0.00416665
         598    -4.82882    -4.77779  0.00416056
         599    -4.80044    -4.77782  0.00415378
         600    -4.93082    -4.77808  0.00415468
         601    -4.81366    -4.77814  0.00414819
         602    -4.81473     -4.7782  0.00414174
         603    -4.83122    -4.77829  0.00413581
         604    -4.78138    -4.77829  0.00412896
         605     -4.7707    -4.77828  0.00412216
         606    -4.75227    -4.77824  0.00411558
         607    -4.71672    -4.77814  0.00411005
         608    -4.76691    -4.77812  0.00410333
         609     -4.7386    -4.77805   0.0040971
         610    -4.77579    -4.77805  0.00409039
         611    -4.84938    -4.77817  0.00408536
         612    -4.89438    -4.77836   0.0040831
         613     -4.8771    -4.77852  0.00407961
         614    -4.81741    -4.77858  0.00407346
         615    -4.84367    -4.77869  0.00406821
         616    -4.78666     -4.7787  0.00406163
         617    -4.80453    -4.77874  0.00405526
         618    -4.79595    -4.77877  0.00404879
         619    -4.84672    -4.77888  0.00404374
         620    -4.85011    -4.77899  0.00403885
         621    -4.82836    -4.77907  0.00403313
         622    -4.85468    -4.77919  0.00402847
         623    -4.78985    -4.77921  0.00402204
         624    -4.80859    -4.77926  0.00401587
         625    -4.79527    -4.77928  0.00400953
         626    -4.73576    -4.77921  0.00400373
         627    -4.74883    -4.77917  0.00399764
         628    -4.72976    -4.77909  0.00399205
         629    -4.72735    -4.77901  0.00398655
         630    -4.75578    -4.77897  0.00398039
         631     -4.6952    -4.77884  0.00397629
         632    -4.68673    -4.77869  0.00397267
         633    -4.74535    -4.77864  0.00396674
         634    -4.72852    -4.77856  0.00396128
         635    -4.74764    -4.77851  0.00395534
         636    -4.71478    -4.77841  0.00395039
         637    -4.68829    -4.77827  0.00394672
         638    -4.64611    -4.77806  0.00394596
         639    -4.72032    -4.77797  0.00394082
         640    -4.67205     -4.7778  0.00393814
         641    -4.72404    -4.77772  0.00393289
         642    -4.71951    -4.77763  0.00392781
         643    -4.73653    -4.77757  0.00392222
         644    -4.68734    -4.77743  0.00391863
         645     -4.7663    -4.77741  0.00391259
         646    -4.77539    -4.77741  0.00390654
         647    -4.84044     -4.7775  0.00390171
         648    -4.88506    -4.77767  0.00389922
         649    -4.80667    -4.77771  0.00389347
         650    -4.77861    -4.77772  0.00388748
         651    -4.71675    -4.77762  0.00388264
         652    -4.73817    -4.77756  0.00387715
         653    -4.67856    -4.77741  0.00387418
         654    -4.63581    -4.77719   0.0038743
         655     -4.6715    -4.77703  0.00387174
         656    -4.63899    -4.77682  0.00387156
         657    -4.64072    -4.77661   0.0038712
         658    -4.60294    -4.77635  0.00387431
         659    -4.60152    -4.77608   0.0038775
         660    -4.61838    -4.77585  0.00387898
         661    -4.56527    -4.77553  0.00388617
         662    -4.59475    -4.77525  0.00388988
         663    -4.65719    -4.77508  0.00388809
         664    -4.73516    -4.77502   0.0038827
         665    -4.78393    -4.77503  0.00387688
         666    -4.84653    -4.77514  0.00387255
         667    -4.83008    -4.77522  0.00386762
         668    -4.69637     -4.7751  0.00386363
         669    -4.68396    -4.77496  0.00386026
         670    -4.87382    -4.77511  0.00385731
         671    -4.87876    -4.77527  0.00385466
         672    -4.91188    -4.77547  0.00385428
         673    -4.86361     -4.7756  0.00385078
         674     -4.8461    -4.77571  0.00384648
         675    -4.83069    -4.77579  0.00384165
         676    -4.84984     -4.7759  0.00383752
         677    -4.81271    -4.77595  0.00383224
         678    -4.83351    -4.77604  0.00382753
         679    -4.86672    -4.77617  0.00382422
         680    -4.88679    -4.77633  0.00382206
         681    -4.95893     -4.7766  0.00382584
         682    -4.89851    -4.77678   0.0038244
         683    -4.93907    -4.77702  0.00382618
         684    -4.92932    -4.77724  0.00382706
         685    -4.94387    -4.77748  0.00382919
         686    -4.93586    -4.77771  0.00383056
         687    -4.91292    -4.77791  0.00383004
         688    -4.90296    -4.77809  0.00382878
         689    -4.91245    -4.77829  0.00382819
         690    -4.80334    -4.77832  0.00382281
         691    -4.76832    -4.77831  0.00381731
         692    -4.80424    -4.77835  0.00381198
         693    -4.92302    -4.77855  0.00381219
         694    -4.89113    -4.77872  0.00381014
         695    -4.87273    -4.77885  0.00380706
         696    -4.88228      -4.779  0.00380449
         697    -4.89306    -4.77916  0.00380255
         698    -4.85602    -4.77927   0.0037987
         699    -4.83635    -4.77936  0.00379414
         700    -4.81483    -4.77941  0.00378906
         701    -4.80992    -4.77945   0.0037839
         702    -4.80724    -4.77949  0.00377872
         703    -4.78845     -4.7795  0.00377337
         704    -4.74901    -4.77946  0.00376826
         705    -4.76395    -4.77944  0.00376297
         706    -4.79894    -4.77947  0.00375775
         707    -4.79435    -4.77949  0.00375249
         708    -4.83627    -4.77957  0.00374805
         709    -4.81953    -4.77962  0.00374318
         710    -4.84018    -4.77971  0.00373888
         711     -4.8649    -4.77983  0.00373554
         712    -4.89331    -4.77999   0.0037337
         713    -4.82325    -4.78005  0.00372895
         714     -4.7815    -4.78005  0.00372373
         715    -4.74214       -4.78   0.0037189
         716    -4.68913    -4.77987  0.00371587
         717    -4.66568    -4.77971   0.0037141
         718    -4.67724    -4.77957  0.00371167
         719    -4.71941    -4.77948  0.00370745
         720    -4.64931     -4.7793  0.00370671
         721    -4.59905    -4.77905  0.00370999
         722    -4.65458    -4.77888  0.00370885
         723    -4.68871    -4.77876  0.00370582
         724     -4.7764    -4.77875   0.0037007
         725    -4.85278    -4.77886  0.00369701
         726    -4.84379    -4.77894  0.00369299
         727    -4.83264    -4.77902  0.00368865
         728    -4.82479    -4.77908  0.00368412
         729    -4.87457    -4.77921   0.0036814
         730    -4.81551    -4.77926  0.00367669
         731    -4.80559     -4.7793  0.00367184
         732    -4.79115    -4.77931  0.00366686
         733    -4.77053     -4.7793  0.00366187
         734     -4.6878    -4.77918    0.003659
         735    -4.69517    -4.77906  0.00365581
         736    -4.71418    -4.77898  0.00365191
         737    -4.72722    -4.77891  0.00364763
         738    -4.68121    -4.77877  0.00364509
         739    -4.63916    -4.77858  0.00364505
         740    -4.70048    -4.77848  0.00364165
         741    -4.75119    -4.77844  0.00363692
         742    -4.66659    -4.77829  0.00363514
         743    -4.75692    -4.77826  0.00363036
         744    -4.81703    -4.77831  0.00362586
         745     -4.7446    -4.77827  0.00362127
         746     -4.7577    -4.77824  0.00361652
         747    -4.74195    -4.77819  0.00361201
         748    -4.73088    -4.77813  0.00360773
         749     -4.7933    -4.77815  0.00360297
         750    -4.81837     -4.7782  0.00359857
         751    -4.87064    -4.77833  0.00359588
         752    -4.87033    -4.77845  0.00359318
         753    -4.82785    -4.77851  0.00358901
         754    -4.78057    -4.77852  0.00358425
         755     -4.8394     -4.7786  0.00358041
         756    -4.86585    -4.77871  0.00357753
         757    -4.79617    -4.77874  0.00357288
         758    -4.86987    -4.77886  0.00357019
         759    -4.80332    -4.77889  0.00356563
         760    -4.80587    -4.77892  0.00356112
         761    -4.83311      -4.779  0.00355715
         762     -4.8251    -4.77906  0.00355299
         763     -4.8372    -4.77913  0.00354915
         764    -4.76395    -4.77911  0.00354456
         765    -4.75236    -4.77908   0.0035401
         766    -4.85454    -4.77918  0.00353685
         767    -4.92301    -4.77936  0.00353721
         768    -4.86652    -4.77948  0.00353442
         769    -4.87764     -4.7796  0.00353213
         770    -4.78301    -4.77961  0.00352755
         771    -4.79216    -4.77963  0.00352301
         772    -4.87044    -4.77974  0.00352041
         773    -4.94895    -4.77996  0.00352265
         774    -4.97065    -4.78021  0.00352671
         775    -4.85662    -4.78031  0.00352354
         776    -4.87701    -4.78043   0.0035212
         777     -4.8914    -4.78057  0.00351956
         778    -4.93853    -4.78078  0.00352089
         779    -4.89972    -4.78093  0.00351968
         780    -4.90231    -4.78109   0.0035186
         781    -4.88909    -4.78122  0.00351681
         782    -4.87061    -4.78134  0.00351417
         783    -4.89649    -4.78149  0.00351276
         784     -4.8425    -4.78156  0.00350914
         785    -4.77177    -4.78155   0.0035047
         786    -4.75954    -4.78152  0.00350035
         787    -4.65882    -4.78137  0.00349937
         788    -4.66911    -4.78122  0.00349783
         789    -4.63709    -4.78104  0.00349816
         790    -4.75198      -4.781  0.00349393
         791    -4.68992    -4.78089  0.00349141
         792    -4.60513    -4.78067  0.00349405
         793    -4.63707    -4.78049  0.00349433
         794    -4.64304    -4.78031  0.00349421
         795    -4.68602    -4.78019  0.00349183
         796    -4.68695    -4.78008  0.00348941
         797    -4.65785    -4.77992   0.0034884
         798    -4.72784    -4.77986  0.00348464
         799    -4.68163    -4.77974  0.00348244
         800    -4.71632    -4.77966  0.00347899
         801     -4.7187    -4.77958  0.00347548
         802    -4.78806    -4.77959  0.00347116
         803    -4.84365    -4.77967  0.00346776
         804    -4.75146    -4.77964  0.00346362
         805    -4.80229    -4.77966  0.00345943
         806    -4.79907    -4.77969  0.00345523
         807    -4.86023    -4.77979  0.00345238
         808    -4.77992    -4.77979  0.00344811
         809    -4.74941    -4.77975  0.00344405
         810    -4.78005    -4.77975   0.0034398
         811    -4.80391    -4.77978  0.00343569
         812    -4.77516    -4.77978  0.00343146
         813    -4.87866     -4.7799   0.0034294
         814    -4.87214    -4.78001  0.00342706
         815    -4.85488     -4.7801  0.00342408
         816    -4.82333    -4.78015   0.0034203
         817    -4.82717    -4.78021  0.00341659
         818    -4.83367    -4.78028  0.00341304
         819    -4.81349    -4.78032  0.00340912
         820    -4.88517    -4.78045  0.00340736
         821    -4.87639    -4.78056  0.00340521
         822    -4.82246    -4.78061  0.00340145
         823    -4.86584    -4.78072  0.00339889
         824    -4.80832    -4.78075  0.00339493
         825      -4.826    -4.78081  0.00339126
         826    -4.82484    -4.78086  0.00338757
         827    -4.74584    -4.78082  0.00338374
         828    -4.66575    -4.78068  0.00338251
         829    -4.66539    -4.78054  0.00338128
         830    -4.71233    -4.78046  0.00337821
         831    -4.77113    -4.78045  0.00337416
         832    -4.86407    -4.78055   0.0033716
         833    -4.81025    -4.78058  0.00336774
         834    -4.78875    -4.78059  0.00336372
         835    -4.80125    -4.78062  0.00335978
         836    -4.80264    -4.78064  0.00335587
         837    -4.78102    -4.78064  0.00335186
         838    -4.70443    -4.78055  0.00334909
         839    -4.82468     -4.7806  0.00334551
         840    -4.70414    -4.78051  0.00334277
         841    -4.67172    -4.78038  0.00334129
         842    -4.59936    -4.78017  0.00334424
         843    -4.70025    -4.78007  0.00334161
         844    -4.76996    -4.78006  0.00333767
         845    -4.87258    -4.78017  0.00333552
         846    -4.85196    -4.78026  0.00333266
         847    -4.76106    -4.78023   0.0033288
         848    -4.69163    -4.78013  0.00332651
         849    -4.73212    -4.78007  0.00332308
         850    -4.77003    -4.78006  0.00331919
         851    -4.78615    -4.78007  0.00331529
         852     -4.7903    -4.78008  0.00331143
         853      -4.774    -4.78007  0.00330755
         854    -4.71894       -4.78  0.00330445
         855    -4.76852    -4.77999  0.00330062
         856     -4.7294    -4.77993  0.00329729
         857    -4.71749    -4.77986  0.00329425
         858     -4.7289     -4.7798  0.00329094
         859    -4.80465    -4.77983  0.00328724
         860    -4.87606    -4.77994  0.00328532
         861    -4.94454    -4.78013  0.00328706
         862    -4.81539    -4.78017   0.0032835
         863    -4.77728    -4.78017   0.0032797
         864    -4.80669     -4.7802  0.00327605
         865    -4.86721     -4.7803   0.0032738
         866    -4.89576    -4.78043  0.00327274
         867    -4.89433    -4.78056   0.0032716
         868    -4.89995     -4.7807  0.00327072
         869    -4.91899    -4.78086  0.00327082
         870    -4.91876    -4.78102   0.0032709
         871    -4.87664    -4.78113  0.00326899
         872    -4.85639    -4.78121  0.00326638
         873    -4.90902    -4.78136  0.00326592
         874    -4.93383    -4.78153  0.00326684
         875     -4.9143    -4.78169  0.00326662
         876    -4.85987    -4.78178  0.00326411
         877    -4.86383    -4.78187  0.00326173
         878    -4.78953    -4.78188  0.00325803
         879    -4.72591    -4.78181  0.00325495
         880    -4.76047    -4.78179  0.00325134
         881    -4.73142    -4.78173  0.00324815
         882    -4.70651    -4.78165  0.00324559
         883    -4.74861    -4.78161  0.00324213
         884    -4.80078    -4.78163  0.00323853
         885    -4.83515    -4.78169  0.00323544
         886    -4.80154    -4.78171  0.00323186
         887     -4.8774    -4.78182  0.00323002
         888    -4.88525    -4.78194  0.00322848
         889    -4.78101    -4.78194  0.00322485
         890    -4.81636    -4.78198  0.00322146
         891    -4.81515    -4.78201  0.00321806
         892    -4.72774    -4.78195  0.00321502
         893    -4.67986    -4.78184  0.00321346
         894    -4.75982    -4.78181  0.00320996
         895    -4.73974    -4.78177  0.00320671
         896    -4.77694    -4.78176  0.00320314
         897    -4.76763    -4.78175  0.00319961
         898    -4.70894    -4.78166  0.00319707
         899     -4.8537    -4.78174  0.00319452
         900     -4.9142    -4.78189  0.00319436
         901    -4.80843    -4.78192  0.00319095
         902    -4.82809    -4.78197  0.00318782
         903    -4.85508    -4.78205  0.00318532
         904    -4.83437    -4.78211  0.00318232
         905    -4.85567    -4.78219  0.00317984
         906    -4.89837    -4.78232  0.00317892
         907    -4.85007     -4.7824  0.00317629
         908    -4.84694    -4.78247  0.00317359
         909    -4.89789    -4.78259  0.00317263
         910    -4.89654    -4.78272  0.00317162
         911    -4.91591    -4.78287   0.0031715
         912    -4.88993    -4.78298   0.0031702
         913    -4.84556    -4.78305  0.00316747
         914    -4.83581    -4.78311  0.00316453
         915    -4.82426    -4.78315  0.00316139
         916    -4.80651    -4.78318  0.00315804
         917    -4.80056     -4.7832  0.00315465
         918    -4.89035    -4.78332  0.00315338
         919     -4.8875    -4.78343  0.00315198
         920     -4.8213    -4.78347  0.00314882
         921    -4.87453    -4.78357  0.00314696
         922    -4.84704    -4.78364   0.0031443
         923    -4.89882    -4.78376  0.00314337
         924     -4.8829    -4.78387  0.00314179
         925    -4.83676    -4.78393  0.00313892
         926    -4.87778    -4.78403  0.00313716
         927    -4.78758    -4.78403  0.00313378
         928    -4.80292    -4.78405  0.00313047
         929    -4.72288    -4.78399  0.00312779
         930    -4.72921    -4.78393  0.00312499
         931      -4.718    -4.78386  0.00312243
         932    -4.73199     -4.7838  0.00311958
         933    -4.85699    -4.78388  0.00311722
         934    -4.85156    -4.78395  0.00311472
         935    -4.80045    -4.78397  0.00311144
         936     -4.7407    -4.78392  0.00310846
         937    -4.78184    -4.78392  0.00310515
         938    -4.75452    -4.78389  0.00310199
         939    -4.80063    -4.78391  0.00309874
         940    -4.79885    -4.78392  0.00309549
         941    -4.76592     -4.7839  0.00309225
         942    -4.75215    -4.78387  0.00308916
         943    -4.78281    -4.78387  0.00308588
         944     -4.8077    -4.78389  0.00308271
         945    -4.82682    -4.78394  0.00307979
         946    -4.79686    -4.78395  0.00307656
         947    -4.73933    -4.78391  0.00307367
         948    -4.73121    -4.78385  0.00307093
         949    -4.76269    -4.78383  0.00306778
         950    -4.76014     -4.7838  0.00306465
         951    -4.75771    -4.78378  0.00306155
         952    -4.74926    -4.78374  0.00305855
         953    -4.80022    -4.78376  0.00305539
         954    -4.77261    -4.78375  0.00305221
         955    -4.82976    -4.78379  0.00304939
         956    -4.87707    -4.78389  0.00304776
         957    -4.77033    -4.78388  0.00304461
         958    -4.79363    -4.78389  0.00304145
         959    -4.76241    -4.78387  0.00303836
         960    -4.72294     -4.7838  0.00303586
         961     -4.7306    -4.78375  0.00303321
         962    -4.76783    -4.78373   0.0030301
         963    -4.75565     -4.7837  0.00302709
         964    -4.74406    -4.78366  0.00302423
         965      -4.745    -4.78362  0.00302136
         966    -4.67764    -4.78351  0.00302023
         967    -4.69583    -4.78342  0.00301846
         968    -4.71506    -4.78335  0.00301617
         969    -4.73688     -4.7833  0.00301344
         970    -4.71356    -4.78323  0.00301119
         971    -4.73743    -4.78318  0.00300846
         972    -4.79591    -4.78319  0.00300539
         973    -4.71897    -4.78313  0.00300303
         974    -4.69047    -4.78303  0.00300145
         975    -4.68136    -4.78293  0.00300018
         976    -4.63941    -4.78278  0.00300071
         977    -4.61288    -4.78261  0.00300268
         978    -4.59843    -4.78242  0.00300551
         979    -4.65151    -4.78229  0.00300541
         980    -4.71155    -4.78221  0.00300321
         981    -4.66327    -4.78209  0.00300259
         982    -4.66689    -4.78198  0.00300183
         983    -4.67297    -4.78186  0.00300082
         984    -4.68104    -4.78176  0.00299952
         985    -4.61416    -4.78159   0.0030013
         986    -4.66041    -4.78147  0.00300077
         987    -4.70666    -4.78139  0.00299869
         988      -4.714    -4.78132  0.00299643
         989    -4.77316    -4.78132  0.00299341
         990    -4.76676     -4.7813  0.00299042
         991    -4.77288    -4.78129  0.00298741
         992    -4.71694    -4.78123  0.00298511
         993    -4.69016    -4.78114  0.00298351
         994    -4.74066     -4.7811  0.00298079
         995    -4.83172    -4.78115  0.00297822
         996    -4.79234    -4.78116  0.00297526
         997    -4.82971    -4.78121  0.00297267
         998    -4.89127    -4.78132  0.00297174
         999     -4.8162    -4.78135  0.00296897
        1000    -4.78061    -4.78135    0.002966
