           1    -7.60986    -7.60986           0
           2    -7.49274     -7.5513   0.0414097
           3    -7.37717    -7.49326   0.0548452
           4    -7.33419    -7.45349   0.0536469
           5    -7.29079    -7.42095   0.0518557
           6    -7.17149    -7.37937    0.057514
           7     -7.0923    -7.33836   0.0622242
           8    -7.02731    -7.29948   0.0654768
           9     -7.0489    -7.27164   0.0638476
          10    -7.02435    -7.24691   0.0620673
          11    -7.06477    -7.23035   0.0585919
          12      -7.074    -7.21732    0.055139
          13    -7.01114    -7.20146   0.0531295
          14    -6.93731    -7.18259   0.0525781
          15    -6.93598    -7.16615   0.0515793
          16    -6.95597    -7.15302   0.0500004
          17    -6.93939    -7.14045   0.0486127
          18    -6.83673    -7.12358   0.0487525
          19    -6.86296    -7.10986   0.0480775
          20    -6.88821    -7.09878   0.0469336
          21    -6.87821    -7.08827   0.0458588
          22    -6.87094     -7.0784   0.0448258
          23    -6.94606    -7.07264   0.0432445
          24    -6.98969    -7.06919   0.0415806
          25    -6.96123    -7.06487    0.040141
          26    -6.84482     -7.0564   0.0394792
          27     -6.9245    -7.05152   0.0383181
          28    -6.88936    -7.04573   0.0373847
          29    -6.84174    -7.03869   0.0367513
          30    -6.81215    -7.03114   0.0362938
          31    -6.86037    -7.02563   0.0355387
          32    -6.86536    -7.02062   0.0347792
          33     -6.8669    -7.01597   0.0340358
          34    -6.90506     -7.0127   0.0331907
          35    -6.91815       -7.01   0.0323522
          36    -6.89764    -7.00688   0.0316037
          37    -6.75831    -7.00016   0.0314555
          38    -6.74194    -6.99337   0.0313531
          39     -6.7257     -6.9865   0.0312914
          40    -6.64007    -6.97784    0.031685
          41     -6.5901    -6.96839   0.0322927
          42    -6.58632    -6.95929   0.0327801
          43    -6.68494    -6.95291   0.0326328
          44    -6.64002     -6.9458   0.0326567
          45    -6.63705    -6.93894   0.0326438
          46    -6.55171    -6.93052   0.0330017
          47     -6.6609    -6.92478   0.0327944
          48    -6.72527    -6.92063   0.0323735
          49    -6.79966    -6.91816   0.0318068
          50    -6.88001    -6.91739   0.0311798
          51    -6.84012    -6.91588   0.0306052
          52    -6.82281    -6.91409    0.030069
          53    -6.85235    -6.91292   0.0295242
          54    -6.86692    -6.91207   0.0289897
          55    -6.83623    -6.91069   0.0284954
          56    -6.79425    -6.90861   0.0280623
          57    -6.73597    -6.90559    0.027733
          58    -6.76723     -6.9032   0.0273572
          59    -6.78187    -6.90114   0.0269707
          60    -6.74078    -6.89847   0.0266533
          61    -6.74798      -6.896   0.0263303
          62    -6.74027    -6.89349   0.0260252
          63    -6.72058    -6.89075   0.0257564
          64    -6.71291    -6.88797   0.0255034
          65    -6.78096    -6.88632   0.0251641
          66     -6.7722    -6.88459   0.0248422
          67    -6.79937    -6.88332   0.0245039
          68    -6.75565    -6.88144   0.0242154
          69    -6.77225    -6.87986   0.0239161
          70    -6.72472    -6.87765   0.0236769
          71     -6.6423    -6.87433   0.0235743
          72    -6.58882    -6.87037    0.023578
          73    -6.66152     -6.8675    0.023428
          74    -6.69068    -6.86511   0.0232329
          75    -6.64381    -6.86216   0.0231098
          76    -6.63946    -6.85923   0.0229907
          77    -6.61885    -6.85611   0.0229031
          78    -6.65793    -6.85357     0.02275
          79    -6.64791    -6.85097   0.0226105
          80    -6.62372    -6.84813   0.0225056
          81    -6.67454    -6.84598   0.0223295
          82    -6.68281    -6.84399   0.0221457
          83    -6.73786    -6.84272   0.0219158
          84    -6.78939    -6.84208   0.0216641
          85     -6.7914    -6.84148   0.0214174
          86    -6.87744     -6.8419   0.0211724
          87    -6.85931     -6.8421     0.02093
          88     -6.8772     -6.8425    0.020696
          89    -6.81451    -6.84219   0.0204658
          90    -6.79035    -6.84161   0.0202465
          91    -6.76657    -6.84079   0.0200408
          92    -6.73216    -6.83961   0.0198577
          93    -6.78543    -6.83902   0.0196528
          94    -6.75162    -6.83809   0.0194657
          95    -6.71174    -6.83676   0.0193062
          96    -6.71386    -6.83548   0.0191474
          97    -6.79196    -6.83503   0.0189553
          98    -6.78245     -6.8345   0.0187695
          99     -6.8013    -6.83416   0.0185829
         100    -6.75152    -6.83334   0.0184154
         101    -6.69611    -6.83198   0.0182831
         102    -6.70323    -6.83072   0.0181474
         103    -6.71888    -6.82963   0.0180037
         104    -6.76835    -6.82904   0.0178402
         105    -6.80153    -6.82878   0.0176722
         106    -6.78979    -6.82841   0.0175093
         107    -6.84391    -6.82856   0.0173463
         108    -6.77909     -6.8281   0.0171917
         109    -6.77489    -6.82761   0.0170409
         110    -6.84928    -6.82781   0.0168872
         111    -6.92233    -6.82866   0.0167565
         112    -6.93355    -6.82959    0.016633
         113    -6.91688    -6.83037   0.0165037
         114    -6.89184    -6.83091   0.0163678
         115    -6.87707    -6.83131   0.0162304
         116    -6.95295    -6.83236   0.0161243
         117    -6.92445    -6.83314   0.0160057
         118    -6.90502    -6.83375   0.0158816
         119    -6.86804    -6.83404   0.0157508
         120    -6.83155    -6.83402   0.0156195
         121    -6.90593    -6.83461   0.0155018
         122    -6.84097    -6.83467   0.0153748
         123    -6.92247    -6.83538   0.0152664
         124    -6.96304    -6.83641   0.0151779
         125    -6.88865    -6.83683   0.0150622
         126    -6.88441     -6.8372   0.0149474
         127    -6.86891    -6.83745   0.0148318
         128    -6.86458    -6.83767   0.0147175
         129    -6.77415    -6.83717   0.0146116
         130    -6.81948    -6.83704   0.0144998
         131      -6.828    -6.83697   0.0143893
         132    -6.86193    -6.83716   0.0142816
         133    -6.83764    -6.83716   0.0141742
         134    -6.84703    -6.83724   0.0140686
         135    -6.73649    -6.83649   0.0139842
         136    -6.85585    -6.83663   0.0138821
         137    -6.85634    -6.83678   0.0137815
         138    -6.92519    -6.83742   0.0136965
         139    -6.82027    -6.83729   0.0135985
         140    -6.83674    -6.83729   0.0135014
         141    -6.86066    -6.83745   0.0134066
         142    -6.86385    -6.83764   0.0133135
         143    -6.83566    -6.83763   0.0132204
         144    -6.80728    -6.83742   0.0131303
         145    -6.81562    -6.83727   0.0130406
         146    -6.85807    -6.83741   0.0129521
         147    -6.82085     -6.8373   0.0128644
         148    -6.91719    -6.83784   0.0127888
         149    -6.81188    -6.83766   0.0127042
         150     -6.7621    -6.83716   0.0126295
         151    -6.69548    -6.83622   0.0125806
         152    -6.67679    -6.83517   0.0125415
         153    -6.67072     -6.8341   0.0125055
         154    -6.75654    -6.83359   0.0124345
         155    -6.79082    -6.83332   0.0123573
         156    -6.79654    -6.83308   0.0122803
         157    -6.82095      -6.833   0.0122024
         158    -6.84801     -6.8331   0.0121255
         159    -6.79441    -6.83285   0.0120517
         160    -6.76846    -6.83245   0.0119831
         161    -6.77371    -6.83209   0.0119142
         162    -6.74561    -6.83155   0.0118526
         163    -6.76598    -6.83115   0.0117867
         164    -6.78383    -6.83086   0.0117184
         165    -6.82812    -6.83085   0.0116474
         166    -6.80477    -6.83069   0.0115783
         167    -6.77934    -6.83038    0.011513
         168    -6.76945    -6.83002   0.0114502
         169    -6.82919    -6.83001   0.0113824
         170    -6.81776    -6.82994   0.0113157
         171    -6.80197    -6.82978   0.0112507
         172    -6.77716    -6.82947   0.0111895
         173    -6.71651    -6.82882   0.0111438
         174    -6.63146    -6.82768   0.0111374
         175    -6.71223    -6.82703   0.0110932
         176     -6.7721    -6.82671   0.0110346
         177    -6.87163    -6.82697   0.0109752
         178    -6.88994    -6.82732   0.0109192
         179    -6.93512    -6.82792   0.0108748
         180     -6.9204    -6.82844   0.0108265
         181    -6.94108    -6.82906   0.0107846
         182    -6.84719    -6.82916   0.0107258
         183    -6.82744    -6.82915   0.0106672
         184    -6.84855    -6.82925   0.0106097
         185    -6.83909    -6.82931   0.0105525
         186    -6.81261    -6.82922   0.0104962
         187    -6.83177    -6.82923     0.01044
         188    -6.74744     -6.8288   0.0103936
         189    -6.85639    -6.82894   0.0103396
         190     -6.8774     -6.8292   0.0102883
         191    -6.75918    -6.82883    0.010241
         192    -6.89287    -6.82916   0.0101931
         193    -6.90977    -6.82958   0.0101488
         194    -6.84291    -6.82965   0.0100967
         195    -6.81762    -6.82959   0.0100451
         196    -6.81117     -6.8295  0.00999434
         197    -6.78834    -6.82929  0.00994579
         198    -6.85237     -6.8294  0.00989624
         199    -6.90025    -6.82976  0.00985291
         200    -6.88655    -6.83004  0.00980774
         201    -6.91301    -6.83046  0.00976762
         202    -6.88823    -6.83074  0.00972346
         203    -6.75346    -6.83036  0.00968301
         204    -6.79639    -6.83019  0.00963697
         205    -6.81016     -6.8301  0.00959046
         206    -6.81798    -6.83004  0.00954408
         207    -6.78811    -6.82984  0.00950013
         208    -6.77726    -6.82958  0.00945781
         209    -6.75722    -6.82924   0.0094189
         210    -6.71943    -6.82871  0.00938855
         211    -6.72831    -6.82824   0.0093561
         212    -6.78556    -6.82804  0.00931414
         213    -6.84258     -6.8281  0.00927066
         214    -6.89469    -6.82842  0.00923256
         215    -6.94883    -6.82898  0.00920659
         216     -6.9734    -6.82964  0.00918821
         217    -6.96306    -6.83026  0.00916642
         218    -6.90902    -6.83062  0.00913149
         219    -6.94834    -6.83116   0.0091056
         220     -6.8815    -6.83139  0.00906708
         221    -6.90536    -6.83172  0.00903223
         222    -6.89158    -6.83199  0.00899557
         223    -6.95226    -6.83253  0.00897138
         224     -6.8762    -6.83273  0.00893345
         225    -6.83514    -6.83274  0.00889375
         226    -6.89284      -6.833  0.00885837
         227    -6.85754    -6.83311  0.00882001
         228    -6.74505    -6.83272  0.00878978
         229    -6.76306    -6.83242  0.00875666
         230    -6.84153    -6.83246  0.00871868
         231    -6.88713     -6.8327  0.00868414
         232     -6.8852    -6.83292  0.00864966
         233    -6.90774    -6.83324   0.0086185
         234      -6.913    -6.83358   0.0085884
         235    -6.86582    -6.83372  0.00855295
         236    -6.90859    -6.83404  0.00852259
         237    -6.90988    -6.83436  0.00849264
         238    -6.86443    -6.83449  0.00845789
         239    -6.80275    -6.83435  0.00842355
         240     -6.7832    -6.83414  0.00839115
         241    -6.81188    -6.83405  0.00835684
         242    -6.81915    -6.83399  0.00832253
         243    -6.86951    -6.83413  0.00828957
         244    -6.85463    -6.83422  0.00825602
         245    -6.83943    -6.83424  0.00822235
         246    -6.83266    -6.83423  0.00818893
         247    -6.82644     -6.8342  0.00815583
         248    -6.75036    -6.83386  0.00812995
         249     -6.7086    -6.83336  0.00811285
         250    -6.66714    -6.83269  0.00810759
         251     -6.5701    -6.83165  0.00814251
         252    -6.59081    -6.83069  0.00816609
         253    -6.66552    -6.83004  0.00815987
         254    -6.68065    -6.82945  0.00814892
         255    -6.64888    -6.82874  0.00814767
         256     -6.6611    -6.82809  0.00814212
         257    -6.66462    -6.82745  0.00813524
         258     -6.6325     -6.8267  0.00813873
         259     -6.7732    -6.82649  0.00810992
         260    -6.80435     -6.8264  0.00807918
         261    -6.80034     -6.8263  0.00804884
         262    -6.84008    -6.82636  0.00801829
         263    -6.82215    -6.82634  0.00798782
         264    -6.84537    -6.82641  0.00795789
         265    -6.80332    -6.82633  0.00792834
         266    -6.81529    -6.82628  0.00789864
         267    -6.81782    -6.82625  0.00786912
         268    -6.78347    -6.82609  0.00784138
         269    -6.84511    -6.82616  0.00781255
         270    -6.86777    -6.82632  0.00778513
         271    -6.86289    -6.82645  0.00775757
         272    -6.82822    -6.82646  0.00772905
         273    -6.82551    -6.82646  0.00770074
         274    -6.86726     -6.8266  0.00767408
         275    -6.90335    -6.82688  0.00765125
         276     -6.8443    -6.82695  0.00762378
         277    -6.73889    -6.82663  0.00760289
         278    -6.81067    -6.82657  0.00757575
         279    -6.90037    -6.82684  0.00755322
         280    -6.91393    -6.82715  0.00753264
         281    -6.86852    -6.82729  0.00750728
         282    -6.91318     -6.8276  0.00748683
         283     -6.8315    -6.82761  0.00746039
         284    -6.83458    -6.82764  0.00743416
         285     -6.8243    -6.82762  0.00740808
         286    -6.84911     -6.8277  0.00738256
         287    -6.85894    -6.82781  0.00735764
         288    -6.84573    -6.82787  0.00733236
         289    -6.83824    -6.82791  0.00730707
         290    -6.74074    -6.82761  0.00728806
         291    -6.80052    -6.82751   0.0072636
         292    -6.74982    -6.82725   0.0072436
         293    -6.69726     -6.8268  0.00723245
         294    -6.73933    -6.82651  0.00721397
         295    -6.77818    -6.82634  0.00719137
         296    -6.83907    -6.82639  0.00716721
         297    -6.85948     -6.8265  0.00714394
         298    -6.85223    -6.82658  0.00712049
         299     -6.8633    -6.82671  0.00709774
         300    -6.87532    -6.82687  0.00707593
         301    -6.81068    -6.82681  0.00705262
         302    -6.76857    -6.82662  0.00703191
         303    -6.68784    -6.82616   0.0070236
         304     -6.7599    -6.82595  0.00700388
         305    -6.73004    -6.82563  0.00698797
         306    -6.83452    -6.82566  0.00696519
         307    -6.79255    -6.82555  0.00694334
         308    -6.74693     -6.8253  0.00692549
         309    -6.78143    -6.82515  0.00690453
         310    -6.80856     -6.8251  0.00688246
         311    -6.81487    -6.82507  0.00686041
         312    -6.89401    -6.82529  0.00684198
         313    -6.86921    -6.82543  0.00682156
         314    -6.76642    -6.82524  0.00680243
         315     -6.7399    -6.82497  0.00678622
         316    -6.74007     -6.8247  0.00677006
         317    -6.69771     -6.8243  0.00676055
         318    -6.73233    -6.82401  0.00674547
         319    -6.71916    -6.82368  0.00673233
         320    -6.72345    -6.82337  0.00671858
         321    -6.71348    -6.82303  0.00670636
         322    -6.68723    -6.82261  0.00669878
         323    -6.73745    -6.82234  0.00668323
         324    -6.78199    -6.82222  0.00666376
         325    -6.84712    -6.82229   0.0066437
         326    -6.77982    -6.82216   0.0066246
         327    -6.82652    -6.82218  0.00660435
         328    -6.83994    -6.82223  0.00658444
         329    -6.83419    -6.82227  0.00656452
         330    -6.85019    -6.82235  0.00654518
         331    -6.87623    -6.82252  0.00652743
         332     -6.9093    -6.82278    0.006513
         333    -6.97357    -6.82323  0.00650916
         334    -6.95551    -6.82363  0.00650171
         335    -6.96068    -6.82404  0.00649516
         336    -6.93161    -6.82436  0.00648372
         337    -6.93794    -6.82469  0.00647323
         338    -6.94222    -6.82504  0.00646341
         339    -6.89331    -6.82524  0.00644748
         340    -6.88191    -6.82541  0.00643067
         341    -6.89457    -6.82561  0.00641501
         342    -6.85351    -6.82569  0.00639677
         343    -6.84451    -6.82575  0.00637836
         344    -6.87083    -6.82588  0.00636116
         345      -6.891    -6.82607  0.00634553
         346    -6.95052    -6.82643  0.00633737
         347    -6.97677    -6.82686   0.0063339
         348    -6.96536    -6.82726  0.00632819
         349    -6.89447    -6.82745  0.00631299
         350    -6.90238    -6.82766  0.00629858
         351    -6.89144    -6.82785  0.00628326
         352    -6.84719     -6.8279  0.00626565
         353    -6.86963    -6.82802  0.00624902
         354    -6.86705    -6.82813  0.00623234
         355    -6.86257    -6.82823  0.00621553
         356    -6.90327    -6.82844  0.00620165
         357    -6.90594    -6.82865  0.00618808
         358    -6.87961     -6.8288  0.00617243
         359    -6.84477    -6.82884  0.00615539
         360    -6.83978    -6.82887  0.00613837
         361     -6.8672    -6.82898  0.00612229
         362    -6.78474    -6.82886  0.00610659
         363    -6.76844    -6.82869  0.00609204
         364    -6.79138    -6.82859  0.00607616
         365    -6.76479    -6.82841  0.00606203
         366    -6.84817    -6.82847  0.00604571
         367    -6.87965    -6.82861  0.00603084
         368    -6.95671    -6.82895  0.00602449
         369    -6.95951    -6.82931  0.00601855
         370    -6.96717    -6.82968   0.0060138
         371     -6.9138    -6.82991  0.00600186
         372    -6.85254    -6.82997  0.00598604
         373     -6.8947    -6.83014  0.00597251
         374     -6.8469    -6.83019   0.0059567
         375    -6.83641     -6.8302  0.00594084
         376    -6.91735    -6.83043  0.00592956
         377    -6.88901    -6.83059  0.00591587
         378    -6.91708    -6.83082  0.00590464
         379    -6.91865    -6.83105  0.00589361
         380    -6.89387    -6.83122  0.00588042
         381    -6.75498    -6.83102  0.00586839
         382    -6.86006    -6.83109  0.00585352
         383    -6.89517    -6.83126  0.00584062
         384     -6.8545    -6.83132  0.00582573
         385    -6.95046    -6.83163  0.00581881
         386    -6.86316    -6.83171  0.00580431
         387    -6.96139    -6.83205  0.00579897
         388    -6.88217    -6.83217  0.00578547
         389    -6.83234    -6.83218   0.0057706
         390    -6.77041    -6.83202  0.00575797
         391    -6.76476    -6.83185  0.00574581
         392    -6.87824    -6.83196  0.00573238
         393    -6.90545    -6.83215  0.00572084
         394    -6.92892     -6.8324  0.00571159
         395    -6.86946    -6.83249   0.0056979
         396    -6.82543    -6.83247  0.00568354
         397    -6.83129    -6.83247  0.00566922
         398    -6.83791    -6.83248  0.00565499
         399    -6.85242    -6.83253  0.00564104
         400    -6.88249    -6.83266  0.00562832
         401    -6.94306    -6.83293  0.00562102
         402    -6.95197    -6.83323  0.00561483
         403    -6.86019     -6.8333  0.00560129
         404    -6.88915    -6.83343  0.00558914
         405    -6.84651    -6.83347  0.00557543
         406    -6.84202    -6.83349  0.00556174
         407    -6.82871    -6.83348  0.00554808
         408    -6.81703    -6.83344  0.00553463
         409    -6.85258    -6.83348   0.0055213
         410    -6.81783    -6.83344  0.00550796
         411    -6.79434    -6.83335  0.00549538
         412    -6.83581    -6.83335  0.00548205
         413    -6.82812    -6.83334  0.00546879
         414    -6.87604    -6.83345  0.00545655
         415    -6.84629    -6.83348  0.00544349
         416    -6.91836    -6.83368  0.00543423
         417    -6.91457    -6.83387  0.00542466
         418     -6.9333    -6.83411  0.00541689
         419    -6.92793    -6.83434  0.00540859
         420    -6.90175     -6.8345   0.0053981
         421    -6.93337    -6.83473  0.00539038
         422    -6.91576    -6.83492  0.00538103
         423    -6.92716    -6.83514  0.00537272
         424    -6.86655    -6.83522  0.00536056
         425    -6.81691    -6.83517  0.00534812
         426    -6.91696    -6.83536  0.00533901
         427    -6.87243    -6.83545  0.00532721
         428    -6.87524    -6.83554  0.00531558
         429    -6.88465    -6.83566  0.00530442
         430    -6.88939    -6.83578  0.00529355
         431    -6.89874    -6.83593  0.00528329
         432    -6.88053    -6.83603  0.00527207
         433    -6.88181    -6.83614  0.00526095
         434    -6.84838    -6.83617   0.0052489
         435    -6.80087    -6.83609  0.00523746
         436    -6.78689    -6.83597  0.00522667
         437    -6.82364    -6.83594  0.00521478
         438     -6.7434    -6.83573  0.00520716
         439    -6.79982    -6.83565  0.00519594
         440    -6.78659    -6.83554  0.00518532
         441    -6.73733    -6.83532  0.00517835
         442    -6.63884    -6.83487  0.00518568
         443    -6.66282    -6.83448  0.00518849
         444    -6.75892    -6.83431   0.0051796
         445    -6.74856    -6.83412  0.00517154
         446    -6.73643     -6.8339  0.00516458
         447     -6.7922    -6.83381  0.00515387
         448    -6.79369    -6.83372  0.00514314
         449    -6.82004    -6.83369  0.00513178
         450    -6.81265    -6.83364  0.00512059
         451    -6.78842    -6.83354  0.00511022
         452    -6.79145    -6.83345  0.00509976
         453    -6.83222    -6.83345   0.0050885
         454    -6.92125    -6.83364  0.00508097
         455    -6.87637    -6.83373  0.00507067
         456    -6.83893    -6.83375  0.00505956
         457    -6.81842    -6.83371   0.0050486
         458    -6.86102    -6.83377  0.00503793
         459     -6.8414    -6.83379  0.00502698
         460    -6.81377    -6.83374  0.00501624
         461    -6.78961    -6.83365  0.00500627
         462    -6.83168    -6.83364  0.00499544
         463    -6.75368    -6.83347  0.00498764
         464    -6.80944    -6.83342  0.00497716
         465    -6.79027    -6.83333  0.00496732
         466    -6.78171    -6.83322  0.00495789
         467    -6.78041     -6.8331  0.00494856
         468    -6.85443    -6.83315   0.0049382
         469    -6.90807    -6.83331  0.00493026
         470    -6.88322    -6.83341  0.00492091
         471    -6.86336    -6.83348  0.00491087
         472    -6.87098    -6.83356  0.00490111
         473    -6.87569    -6.83365  0.00489156
         474     -6.8588     -6.8337  0.00488153
         475    -6.74285    -6.83351  0.00487499
         476    -6.71827    -6.83327  0.00487076
         477    -6.80813    -6.83321  0.00486083
         478    -6.80656    -6.83316  0.00485098
         479    -6.84296    -6.83318   0.0048409
         480    -6.87731    -6.83327  0.00483169
         481    -6.80137     -6.8332   0.0048221
         482    -6.81815    -6.83317  0.00481219
         483    -6.93283    -6.83338  0.00480665
         484    -6.88746    -6.83349  0.00479802
         485    -6.97372    -6.83378  0.00479683
         486    -6.98859     -6.8341  0.00479753
         487    -6.99897    -6.83444  0.00479961
         488    -7.02469    -6.83483  0.00480558
         489    -6.97973    -6.83512  0.00480488
         490    -7.03622    -6.83553  0.00481257
         491    -6.93859    -6.83574  0.00480734
         492    -6.97026    -6.83602  0.00480534
         493    -6.97058    -6.83629  0.00480334
         494    -6.92899    -6.83648  0.00479728
         495    -6.98803    -6.83678  0.00479735
         496    -6.98891    -6.83709  0.00479747
         497    -6.99465    -6.83741  0.00479828
         498    -7.05407    -6.83784  0.00480833
         499    -7.04388    -6.83826  0.00481639
         500    -7.03968    -6.83866  0.00482357
         501    -6.92915    -6.83884  0.00481733
         502    -6.92076      -6.839  0.00481049
         503    -6.92947    -6.83918  0.00480429
         504    -6.88078    -6.83926  0.00479547
         505    -6.85133    -6.83929  0.00478603
         506    -6.85834    -6.83933  0.00477672
         507     -6.8829    -6.83941  0.00476807
         508    -6.88975    -6.83951  0.00475972
         509     -6.8718    -6.83957  0.00475079
         510    -6.88578    -6.83967  0.00474234
         511    -6.89721    -6.83978  0.00473439
         512    -6.87424    -6.83985  0.00472562
         513    -6.83974    -6.83984  0.00471641
         514    -6.82709    -6.83982   0.0047073
         515    -6.84879    -6.83984  0.00469819
         516     -6.7862    -6.83973  0.00469024
         517    -6.86624    -6.83978  0.00468145
         518    -6.86535    -6.83983  0.00467267
         519    -6.88423    -6.83992  0.00466445
         520     -6.8178    -6.83988  0.00465567
         521    -6.86804    -6.83993  0.00464705
         522    -6.86144    -6.83997  0.00463833
         523    -6.81683    -6.83993  0.00462967
         524    -6.79809    -6.83985  0.00462153
         525    -6.81616     -6.8398  0.00461294
         526    -6.78606     -6.8397   0.0046053
         527    -6.75868    -6.83955  0.00459913
         528    -6.73659    -6.83935  0.00459455
         529    -6.71336    -6.83911  0.00459204
         530    -6.70569    -6.83886  0.00459027
         531    -6.74397    -6.83868   0.0045851
         532    -6.83788    -6.83868  0.00457648
         533    -6.80247    -6.83861   0.0045684
         534    -6.84876    -6.83863  0.00455989
         535    -6.96743    -6.83887  0.00455771
         536    -6.89568    -6.83898  0.00455044
         537    -6.84478    -6.83899  0.00454198
         538    -6.86887    -6.83905  0.00453388
         539    -6.84288    -6.83905  0.00452547
         540    -6.79653    -6.83897  0.00451778
         541    -6.81214    -6.83893   0.0045097
         542    -6.76528    -6.83879  0.00450342
         543    -6.82247    -6.83876  0.00449523
         544    -6.73937    -6.83858  0.00449068
         545     -6.8036    -6.83851   0.0044829
         546    -6.77856     -6.8384  0.00447603
         547     -6.8571    -6.83844  0.00446798
         548    -6.88825    -6.83853  0.00446075
         549    -6.82696    -6.83851  0.00445267
         550    -6.81751    -6.83847  0.00444474
         551    -6.85207    -6.83849  0.00443674
         552    -6.91326    -6.83863  0.00443077
         553     -6.9145    -6.83877  0.00442489
         554    -6.87762    -6.83884  0.00441745
         555    -6.82589    -6.83881  0.00440956
         556    -6.85869    -6.83885  0.00440177
         557    -6.85008    -6.83887  0.00439391
         558    -6.86187    -6.83891  0.00438623
         559    -6.82505    -6.83888  0.00437846
         560    -6.86025    -6.83892   0.0043708
         561    -6.72981    -6.83873  0.00436734
         562      -6.836    -6.83872  0.00435957
         563    -6.81857    -6.83869  0.00435197
         564    -6.73643    -6.83851  0.00434803
         565    -6.77615     -6.8384  0.00434174
         566    -6.90506    -6.83851  0.00433566
         567    -6.87384    -6.83858  0.00432846
         568    -6.78685    -6.83849   0.0043218
         569    -6.76342    -6.83835  0.00431622
         570    -6.72648    -6.83816  0.00431311
         571    -6.80717     -6.8381  0.00430589
         572    -6.88011    -6.83818  0.00429899
         573    -6.83256    -6.83817   0.0042915
         574    -6.79464    -6.83809   0.0042847
         575    -6.82042    -6.83806  0.00427735
         576    -6.89116    -6.83815  0.00427092
         577     -6.9385    -6.83833  0.00426706
         578    -6.87729    -6.83839  0.00426021
         579     -6.8438     -6.8384  0.00425286
         580    -6.85055    -6.83842  0.00424558
         581    -6.89968    -6.83853  0.00423958
         582    -6.86663    -6.83858  0.00423257
         583    -6.94443    -6.83876   0.0042292
         584    -6.92153     -6.8389  0.00422434
         585     -6.8921    -6.83899  0.00421809
         586    -6.88143    -6.83906  0.00421152
         587    -6.95536    -6.83926    0.004209
         588     -6.9322    -6.83942  0.00420481
         589     -6.9573    -6.83962  0.00420243
         590       -6.93    -6.83977   0.0041981
         591    -6.84492    -6.83978    0.004191
         592    -6.86472    -6.83982  0.00418414
         593    -6.91926    -6.83996  0.00417922
         594    -6.97001    -6.84018  0.00417792
         595    -6.99311    -6.84043   0.0041788
         596    -6.89703    -6.84053  0.00417286
         597    -6.88853    -6.84061  0.00416665
         598    -6.89173     -6.8407  0.00416056
         599    -6.86335    -6.84073  0.00415378
         600    -6.99373    -6.84099  0.00415468
         601    -6.87656    -6.84105  0.00414819
         602    -6.87764    -6.84111  0.00414174
         603    -6.89413     -6.8412  0.00413581
         604    -6.84429     -6.8412  0.00412896
         605    -6.83361    -6.84119  0.00412216
         606    -6.81518    -6.84115  0.00411558
         607    -6.77963    -6.84104  0.00411005
         608    -6.82982    -6.84103  0.00410333
         609    -6.80151    -6.84096   0.0040971
         610     -6.8387    -6.84096  0.00409039
         611    -6.91229    -6.84107  0.00408536
         612    -6.95729    -6.84126   0.0040831
         613    -6.94001    -6.84142  0.00407961
         614    -6.88032    -6.84149  0.00407346
         615    -6.90657    -6.84159  0.00406821
         616    -6.84957    -6.84161  0.00406163
         617    -6.86744    -6.84165  0.00405526
         618    -6.85885    -6.84168  0.00404879
         619    -6.90963    -6.84179  0.00404374
         620    -6.91302     -6.8419  0.00403885
         621    -6.89127    -6.84198  0.00403313
         622    -6.91759     -6.8421  0.00402847
         623    -6.85276    -6.84212  0.00402204
         624     -6.8715    -6.84217  0.00401587
         625    -6.85818    -6.84219  0.00400953
         626    -6.79866    -6.84212  0.00400373
         627    -6.81174    -6.84207  0.00399764
         628    -6.79267      -6.842  0.00399205
         629    -6.79026    -6.84191  0.00398655
         630    -6.81869    -6.84188  0.00398039
         631    -6.75811    -6.84174  0.00397629
         632    -6.74964     -6.8416  0.00397267
         633    -6.80826    -6.84155  0.00396674
         634    -6.79143    -6.84147  0.00396128
         635    -6.81055    -6.84142  0.00395534
         636    -6.77769    -6.84132  0.00395039
         637    -6.75119    -6.84118  0.00394672
         638    -6.70901    -6.84097  0.00394596
         639    -6.78323    -6.84088  0.00394082
         640    -6.73496    -6.84071  0.00393814
         641    -6.78695    -6.84063  0.00393289
         642    -6.78242    -6.84054  0.00392781
         643    -6.79944    -6.84047  0.00392222
         644    -6.75025    -6.84033  0.00391863
         645    -6.82921    -6.84032  0.00391259
         646     -6.8383    -6.84031  0.00390654
         647    -6.90335    -6.84041  0.00390171
         648    -6.94797    -6.84058  0.00389922
         649    -6.86958    -6.84062  0.00389347
         650    -6.84152    -6.84062  0.00388748
         651    -6.77966    -6.84053  0.00388264
         652    -6.80108    -6.84047  0.00387715
         653    -6.74146    -6.84032  0.00387418
         654    -6.69871     -6.8401   0.0038743
         655    -6.73441    -6.83994  0.00387174
         656     -6.7019    -6.83973  0.00387156
         657    -6.70363    -6.83952   0.0038712
         658    -6.66585    -6.83926  0.00387431
         659    -6.66443    -6.83899   0.0038775
         660    -6.68129    -6.83875  0.00387898
         661    -6.62818    -6.83844  0.00388617
         662    -6.65766    -6.83816  0.00388988
         663     -6.7201    -6.83798  0.00388809
         664    -6.79807    -6.83792   0.0038827
         665    -6.84684    -6.83794  0.00387688
         666    -6.90944    -6.83804  0.00387255
         667    -6.89299    -6.83813  0.00386762
         668    -6.75928    -6.83801  0.00386363
         669    -6.74686    -6.83787  0.00386026
         670    -6.93673    -6.83802  0.00385731
         671    -6.94167    -6.83817  0.00385466
         672    -6.97479    -6.83838  0.00385428
         673    -6.92652    -6.83851  0.00385078
         674    -6.90901    -6.83861  0.00384648
         675     -6.8936     -6.8387  0.00384165
         676    -6.91275     -6.8388  0.00383752
         677    -6.87561    -6.83886  0.00383224
         678    -6.89641    -6.83894  0.00382753
         679    -6.92962    -6.83908  0.00382422
         680     -6.9497    -6.83924  0.00382206
         681    -7.02184    -6.83951  0.00382584
         682    -6.96142    -6.83969   0.0038244
         683    -7.00198    -6.83992  0.00382618
         684    -6.99223    -6.84015  0.00382706
         685    -7.00678    -6.84039  0.00382919
         686    -6.99876    -6.84062  0.00383056
         687    -6.97583    -6.84082  0.00383004
         688    -6.96586      -6.841  0.00382878
         689    -6.97536     -6.8412  0.00382819
         690    -6.86624    -6.84123  0.00382281
         691    -6.83123    -6.84122  0.00381731
         692    -6.86715    -6.84125  0.00381198
         693    -6.98592    -6.84146  0.00381219
         694    -6.95404    -6.84163  0.00381014
         695    -6.93564    -6.84176  0.00380706
         696    -6.94519    -6.84191  0.00380449
         697    -6.95597    -6.84207  0.00380255
         698    -6.91893    -6.84218   0.0037987
         699    -6.89926    -6.84226  0.00379414
         700    -6.87774    -6.84232  0.00378906
         701    -6.87283    -6.84236   0.0037839
         702    -6.87015     -6.8424  0.00377872
         703    -6.85136    -6.84241  0.00377337
         704    -6.81192    -6.84237  0.00376826
         705    -6.82686    -6.84235  0.00376297
         706    -6.86185    -6.84237  0.00375775
         707    -6.85726    -6.84239  0.00375249
         708    -6.89918    -6.84247  0.00374805
         709    -6.88244    -6.84253  0.00374318
         710    -6.90309    -6.84262  0.00373888
         711    -6.92781    -6.84274  0.00373554
         712    -6.95622     -6.8429   0.0037337
         713    -6.88616    -6.84296  0.00372895
         714    -6.84441    -6.84296  0.00372373
         715    -6.80505    -6.84291   0.0037189
         716    -6.75204    -6.84278  0.00371587
         717    -6.72858    -6.84262   0.0037141
         718    -6.74015    -6.84248  0.00371167
         719    -6.78232    -6.84239  0.00370745
         720    -6.71221    -6.84221  0.00370671
         721    -6.66196    -6.84196  0.00370999
         722    -6.71749    -6.84179  0.00370885
         723    -6.75162    -6.84166  0.00370582
         724     -6.8393    -6.84166   0.0037007
         725    -6.91569    -6.84176  0.00369701
         726     -6.9067    -6.84185  0.00369299
         727    -6.89555    -6.84193  0.00368865
         728     -6.8877    -6.84199  0.00368412
         729    -6.93748    -6.84212   0.0036814
         730    -6.87842    -6.84217  0.00367669
         731     -6.8685    -6.84221  0.00367184
         732    -6.85406    -6.84222  0.00366686
         733    -6.83344    -6.84221  0.00366187
         734    -6.75071    -6.84209    0.003659
         735    -6.75808    -6.84197  0.00365581
         736    -6.77709    -6.84188  0.00365191
         737    -6.79013    -6.84181  0.00364763
         738    -6.74412    -6.84168  0.00364509
         739    -6.70207    -6.84149  0.00364505
         740    -6.76339    -6.84139  0.00364165
         741    -6.81409    -6.84135  0.00363692
         742    -6.72949     -6.8412  0.00363514
         743    -6.81983    -6.84117  0.00363036
         744    -6.87993    -6.84122  0.00362586
         745    -6.80751    -6.84118  0.00362127
         746    -6.82061    -6.84115  0.00361652
         747    -6.80486     -6.8411  0.00361201
         748    -6.79378    -6.84104  0.00360773
         749    -6.85621    -6.84106  0.00360297
         750    -6.88128    -6.84111  0.00359857
         751    -6.93355    -6.84123  0.00359588
         752    -6.93324    -6.84136  0.00359318
         753    -6.89076    -6.84142  0.00358901
         754    -6.84348    -6.84143  0.00358425
         755    -6.90231    -6.84151  0.00358041
         756    -6.92876    -6.84162  0.00357753
         757    -6.85907    -6.84164  0.00357288
         758    -6.93278    -6.84176  0.00357019
         759    -6.86623     -6.8418  0.00356563
         760    -6.86878    -6.84183  0.00356112
         761    -6.89602     -6.8419  0.00355715
         762    -6.88801    -6.84196  0.00355299
         763    -6.90011    -6.84204  0.00354915
         764    -6.82685    -6.84202  0.00354456
         765    -6.81527    -6.84199   0.0035401
         766    -6.91745    -6.84208  0.00353685
         767    -6.98592    -6.84227  0.00353721
         768    -6.92943    -6.84238  0.00353442
         769    -6.94055    -6.84251  0.00353213
         770    -6.84592    -6.84252  0.00352755
         771    -6.85507    -6.84253  0.00352301
         772    -6.93335    -6.84265  0.00352041
         773    -7.01186    -6.84287  0.00352265
         774    -7.03356    -6.84312  0.00352671
         775    -6.91953    -6.84321  0.00352354
         776    -6.93991    -6.84334   0.0035212
         777    -6.95431    -6.84348  0.00351956
         778    -7.00143    -6.84369  0.00352089
         779    -6.96263    -6.84384  0.00351968
         780    -6.96522    -6.84399   0.0035186
         781    -6.95199    -6.84413  0.00351681
         782    -6.93351    -6.84425  0.00351417
         783     -6.9594    -6.84439  0.00351276
         784     -6.9054    -6.84447  0.00350914
         785    -6.83468    -6.84446   0.0035047
         786    -6.82244    -6.84443  0.00350035
         787    -6.72173    -6.84427  0.00349937
         788    -6.73202    -6.84413  0.00349783
         789        -6.7    -6.84395  0.00349816
         790    -6.81489    -6.84391  0.00349393
         791    -6.75283     -6.8438  0.00349141
         792    -6.66803    -6.84358  0.00349405
         793    -6.69998    -6.84339  0.00349433
         794    -6.70595    -6.84322  0.00349421
         795    -6.74893     -6.8431  0.00349183
         796    -6.74985    -6.84299  0.00348941
         797    -6.72076    -6.84283   0.0034884
         798    -6.79074    -6.84277  0.00348464
         799    -6.74454    -6.84264  0.00348244
         800    -6.77923    -6.84256  0.00347899
         801    -6.78161    -6.84249  0.00347548
         802    -6.85096     -6.8425  0.00347116
         803    -6.90656    -6.84258  0.00346776
         804    -6.81437    -6.84254  0.00346362
         805     -6.8652    -6.84257  0.00345943
         806    -6.86197     -6.8426  0.00345523
         807    -6.92314     -6.8427  0.00345238
         808    -6.84283     -6.8427  0.00344811
         809    -6.81232    -6.84266  0.00344405
         810    -6.84296    -6.84266   0.0034398
         811    -6.86682    -6.84269  0.00343569
         812    -6.83807    -6.84268  0.00343146
         813    -6.94157     -6.8428   0.0034294
         814    -6.93505    -6.84292  0.00342706
         815    -6.91778    -6.84301  0.00342408
         816    -6.88624    -6.84306   0.0034203
         817    -6.89008    -6.84312  0.00341659
         818    -6.89658    -6.84319  0.00341304
         819     -6.8764    -6.84323  0.00340912
         820    -6.94807    -6.84335  0.00340736
         821     -6.9393    -6.84347  0.00340521
         822    -6.88536    -6.84352  0.00340145
         823    -6.92874    -6.84363  0.00339889
         824    -6.87123    -6.84366  0.00339493
         825    -6.88891    -6.84371  0.00339126
         826    -6.88775    -6.84377  0.00338757
         827    -6.80875    -6.84372  0.00338374
         828    -6.72866    -6.84359  0.00338251
         829     -6.7283    -6.84345  0.00338128
         830    -6.77524    -6.84336  0.00337821
         831    -6.83404    -6.84335  0.00337416
         832    -6.92698    -6.84345   0.0033716
         833    -6.87315    -6.84349  0.00336774
         834    -6.85166     -6.8435  0.00336372
         835    -6.86416    -6.84352  0.00335978
         836    -6.86555    -6.84355  0.00335587
         837    -6.84393    -6.84355  0.00335186
         838    -6.76734    -6.84346  0.00334909
         839    -6.88759    -6.84351  0.00334551
         840    -6.76705    -6.84342  0.00334277
         841    -6.73463    -6.84329  0.00334129
         842    -6.66227    -6.84308  0.00334424
         843    -6.76316    -6.84298  0.00334161
         844    -6.83287    -6.84297  0.00333767
         845    -6.93549    -6.84308  0.00333552
         846    -6.91487    -6.84316  0.00333266
         847    -6.82396    -6.84314   0.0033288
         848    -6.75453    -6.84304  0.00332651
         849    -6.79503    -6.84298  0.00332308
         850    -6.83294    -6.84297  0.00331919
         851    -6.84906    -6.84298  0.00331529
         852    -6.85321    -6.84299  0.00331143
         853    -6.83691    -6.84298  0.00330755
         854    -6.78185    -6.84291  0.00330445
         855    -6.83142     -6.8429  0.00330062
         856    -6.79231    -6.84284  0.00329729
         857    -6.78039    -6.84276  0.00329425
         858    -6.79181    -6.84271  0.00329094
         859    -6.86756    -6.84273  0.00328724
         860    -6.93896    -6.84285  0.00328532
         861    -7.00745    -6.84304  0.00328706
         862     -6.8783    -6.84308   0.0032835
         863    -6.84019    -6.84307   0.0032797
         864    -6.86959    -6.84311  0.00327605
         865    -6.93011    -6.84321   0.0032738
         866    -6.95866    -6.84334  0.00327274
         867    -6.95724    -6.84347   0.0032716
         868    -6.96286    -6.84361  0.00327072
         869     -6.9819    -6.84377  0.00327082
         870    -6.98167    -6.84393   0.0032709
         871    -6.93955    -6.84404  0.00326899
         872     -6.9193    -6.84412  0.00326638
         873    -6.97193    -6.84427  0.00326592
         874    -6.99674    -6.84444  0.00326684
         875    -6.97721    -6.84459  0.00326662
         876    -6.92278    -6.84468  0.00326411
         877    -6.92674    -6.84478  0.00326173
         878    -6.85244    -6.84479  0.00325803
         879    -6.78882    -6.84472  0.00325495
         880    -6.82338     -6.8447  0.00325134
         881    -6.79433    -6.84464  0.00324815
         882    -6.76942    -6.84456  0.00324559
         883    -6.81152    -6.84452  0.00324213
         884    -6.86369    -6.84454  0.00323853
         885    -6.89806     -6.8446  0.00323544
         886    -6.86445    -6.84462  0.00323186
         887    -6.94031    -6.84473  0.00323002
         888    -6.94816    -6.84485  0.00322848
         889    -6.84391    -6.84485  0.00322485
         890    -6.87926    -6.84488  0.00322146
         891    -6.87806    -6.84492  0.00321806
         892    -6.79065    -6.84486  0.00321502
         893    -6.74277    -6.84475  0.00321346
         894    -6.82272    -6.84472  0.00320996
         895    -6.80265    -6.84468  0.00320671
         896    -6.83984    -6.84467  0.00320314
         897    -6.83054    -6.84465  0.00319961
         898    -6.77184    -6.84457  0.00319707
         899    -6.91661    -6.84465  0.00319452
         900    -6.97711     -6.8448  0.00319436
         901    -6.87134    -6.84483  0.00319095
         902    -6.89099    -6.84488  0.00318782
         903    -6.91799    -6.84496  0.00318532
         904    -6.89728    -6.84502  0.00318232
         905    -6.91858     -6.8451  0.00317984
         906    -6.96128    -6.84523  0.00317892
         907    -6.91298     -6.8453  0.00317629
         908    -6.90984    -6.84537  0.00317359
         909     -6.9608     -6.8455  0.00317263
         910    -6.95945    -6.84563  0.00317162
         911    -6.97882    -6.84577   0.0031715
         912    -6.95284    -6.84589   0.0031702
         913    -6.90847    -6.84596  0.00316747
         914    -6.89872    -6.84602  0.00316453
         915    -6.88717    -6.84606  0.00316139
         916    -6.86942    -6.84609  0.00315804
         917    -6.86347    -6.84611  0.00315465
         918    -6.95326    -6.84622  0.00315338
         919    -6.95041    -6.84634  0.00315198
         920    -6.88421    -6.84638  0.00314882
         921    -6.93744    -6.84648  0.00314696
         922    -6.90995    -6.84655   0.0031443
         923    -6.96172    -6.84667  0.00314337
         924    -6.94581    -6.84678  0.00314179
         925    -6.89967    -6.84683  0.00313892
         926    -6.94069    -6.84694  0.00313716
         927    -6.85049    -6.84694  0.00313378
         928    -6.86582    -6.84696  0.00313047
         929    -6.78579    -6.84689  0.00312779
         930    -6.79212    -6.84684  0.00312499
         931    -6.78091    -6.84676  0.00312243
         932     -6.7949    -6.84671  0.00311958
         933    -6.91989    -6.84679  0.00311722
         934    -6.91446    -6.84686  0.00311472
         935    -6.86336    -6.84688  0.00311144
         936     -6.8036    -6.84683  0.00310846
         937    -6.84475    -6.84683  0.00310515
         938    -6.81743     -6.8468  0.00310199
         939    -6.86354    -6.84682  0.00309874
         940    -6.86176    -6.84683  0.00309549
         941    -6.82883    -6.84681  0.00309225
         942    -6.81506    -6.84678  0.00308916
         943    -6.84572    -6.84678  0.00308588
         944    -6.87061     -6.8468  0.00308271
         945    -6.88972    -6.84685  0.00307979
         946    -6.85977    -6.84686  0.00307656
         947    -6.80223    -6.84681  0.00307367
         948    -6.79412    -6.84676  0.00307093
         949     -6.8256    -6.84674  0.00306778
         950    -6.82304    -6.84671  0.00306465
         951    -6.82062    -6.84668  0.00306155
         952    -6.81216    -6.84665  0.00305855
         953    -6.86312    -6.84667  0.00305539
         954    -6.83552    -6.84665  0.00305221
         955    -6.89267     -6.8467  0.00304939
         956    -6.93998     -6.8468  0.00304776
         957    -6.83324    -6.84679  0.00304461
         958    -6.85654     -6.8468  0.00304145
         959    -6.82531    -6.84677  0.00303836
         960    -6.78584    -6.84671  0.00303586
         961    -6.79351    -6.84665  0.00303321
         962    -6.83074    -6.84664   0.0030301
         963    -6.81856    -6.84661  0.00302709
         964    -6.80697    -6.84657  0.00302423
         965     -6.8079    -6.84653  0.00302136
         966    -6.74054    -6.84642  0.00302023
         967    -6.75874    -6.84633  0.00301846
         968    -6.77797    -6.84626  0.00301617
         969    -6.79979    -6.84621  0.00301344
         970    -6.77647    -6.84614  0.00301119
         971    -6.80034    -6.84609  0.00300846
         972    -6.85882     -6.8461  0.00300539
         973    -6.78187    -6.84604  0.00300303
         974    -6.75337    -6.84594  0.00300145
         975    -6.74427    -6.84584  0.00300018
         976    -6.70232    -6.84569  0.00300071
         977    -6.67578    -6.84552  0.00300268
         978    -6.66134    -6.84533  0.00300551
         979    -6.71441    -6.84519  0.00300541
         980    -6.77446    -6.84512  0.00300321
         981    -6.72618      -6.845  0.00300259
         982     -6.7298    -6.84488  0.00300183
         983    -6.73588    -6.84477  0.00300082
         984    -6.74395    -6.84467  0.00299952
         985    -6.67707     -6.8445   0.0030013
         986    -6.72332    -6.84438  0.00300077
         987    -6.76956     -6.8443  0.00299869
         988     -6.7769    -6.84423  0.00299643
         989    -6.83607    -6.84422  0.00299341
         990    -6.82967    -6.84421  0.00299042
         991    -6.83579     -6.8442  0.00298741
         992    -6.77985    -6.84414  0.00298511
         993    -6.75307    -6.84404  0.00298351
         994    -6.80357      -6.844  0.00298079
         995    -6.89463    -6.84406  0.00297822
         996    -6.85524    -6.84407  0.00297526
         997    -6.89262    -6.84412  0.00297267
         998    -6.95417    -6.84423  0.00297174
         999    -6.87911    -6.84426  0.00296897
        1000    -6.84352    -6.84426    0.002966
