           1     1.49909     1.49909           0
           2     2.11834     1.80872    0.218937
           3     2.73599     2.11781    0.291541
           4     2.90639     2.31495    0.277417
           5     3.10211     2.47238    0.262834
           6     3.77949     2.69024    0.295843
           7     4.34632     2.92682    0.335079
           8     4.78355     3.15891    0.364823
           9     4.60458     3.31954    0.357907
          10     4.76294     3.46388    0.350013
          11      4.4579     3.55424    0.329653
          12     4.40404     3.62506    0.309695
          13     4.72658     3.70979    0.297237
          14     5.20725     3.81675    0.294623
          15     5.13135     3.90439    0.287721
          16     4.99898     3.97281    0.277753
          17     4.97286     4.03163    0.267572
          18     5.56696     4.11693    0.265955
          19     5.42797     4.18593    0.260755
          20     5.25939      4.2396    0.253181
          21     5.34737     4.29235    0.246559
          22     5.38223     4.34189    0.240277
          23     5.00165     4.37058    0.231536
          24     4.73142     4.38561    0.222376
          25     4.88241     4.40549    0.214367
          26     5.47951     4.44679    0.210065
          27      5.0118     4.46772    0.203324
          28      5.2901     4.49709    0.198172
          29     5.52569     4.53256    0.194487
          30     5.71014     4.57181    0.191924
          31     5.37011     4.59756    0.187453
          32     5.46554     4.62469    0.183547
          33      5.4039      4.6483    0.179497
          34      5.2838     4.66699    0.175188
          35     5.24045     4.68338    0.170948
          36     5.35415     4.70201    0.167211
          37     6.10137     4.73983    0.166915
          38     6.29752     4.78082     0.16748
          39     6.36403     4.82142    0.168033
          40     6.82781     4.87158    0.171156
          41     7.19885     4.92834    0.176142
          42     7.23961     4.98337     0.18034
          43      6.6487      5.0221    0.180257
          44     6.82751     5.06313     0.18077
          45     6.78722     5.10144    0.180767
          46     7.30694     5.14939    0.183085
          47     6.65675     5.18146    0.181977
          48     6.46496      5.2082     0.18014
          49     5.84474     5.22119    0.176931
          50     5.22752     5.22132    0.173393
          51     5.55981     5.22795     0.17012
          52      5.6318     5.23572    0.167026
          53      5.4855     5.24043    0.163941
          54     5.45292     5.24437    0.160952
          55     5.65295      5.2518    0.158197
          56     5.91496     5.26364    0.155815
          57     6.25675     5.28106    0.154052
          58     6.20639     5.29702     0.15222
          59     6.18575     5.31208    0.150383
          60     6.34042     5.32922     0.14885
          61     6.34623     5.34589    0.147341
          62      6.3852     5.36265    0.145915
          63     6.50931     5.38086    0.144729
          64     6.55201     5.39915     0.14362
          65     6.00088     5.40841    0.141709
          66     6.01387     5.41759    0.139858
          67     5.83364      5.4238    0.137909
          68     6.12016     5.43404     0.13626
          69     5.97513     5.44188    0.134511
          70     6.38765     5.45539    0.133266
          71     6.83487     5.47482    0.132798
          72     7.16635     5.49831    0.133015
          73      6.7753      5.5158    0.132339
          74     6.51441      5.5293    0.131236
          75     6.72144     5.54519    0.130446
          76      6.7545     5.56111    0.129696
          77     6.98971     5.57966    0.129332
          78     6.73585     5.59448    0.128521
          79       6.777     5.60945    0.127762
          80     6.95962     5.62633    0.127275
          81     6.53797     5.63758    0.126201
          82     6.50362     5.64814    0.125103
          83     6.22683     5.65512     0.12379
          84     5.94747      5.6586    0.122365
          85     5.90677     5.66152     0.12096
          86     5.45205     5.65908    0.119578
          87     5.58354     5.65821    0.118207
          88     5.43867     5.65572     0.11689
          89     5.80904     5.65744    0.115589
          90     5.95997      5.6608    0.114354
          91     6.08416     5.66545    0.113192
          92     6.23892     5.67169    0.112133
          93     5.97809     5.67498    0.110975
          94     6.20283      5.6806    0.109937
          95     6.47201     5.68893    0.109095
          96     6.39849     5.69632    0.108208
          97     5.91476     5.69857    0.107116
          98     5.94215     5.70106    0.106052
          99     5.84458     5.70251    0.104991
         100     6.33681     5.70885    0.104132
         101     6.63043     5.71797      0.1035
         102     6.44026     5.72506    0.102728
         103     6.35865     5.73121    0.101914
         104      6.1218     5.73496    0.101003
         105     5.91436     5.73667    0.100056
         106     6.04085     5.73954   0.0991532
         107     5.60326     5.73827   0.0982347
         108     6.02492     5.74092    0.097361
         109     5.97765     5.74309    0.096492
         110     5.50252     5.74091   0.0956395
         111     5.09314     5.73507   0.0949558
         112     5.02378     5.72872   0.0943201
         113     5.13893      5.7235   0.0936297
         114     5.31698     5.71993   0.0928763
         115     5.42555     5.71737   0.0921039
         116     4.95062     5.71076   0.0915468
         117     5.09809     5.70553    0.090914
         118     5.17521     5.70103   0.0902546
         119     5.47147      5.6991   0.0895167
         120     5.65952     5.69877   0.0887714
         121     5.13917     5.69415   0.0881581
         122     5.49395     5.69251   0.0874508
         123     5.03552     5.68717   0.0869028
         124     4.76877     5.67976    0.086517
         125     5.28246     5.67658   0.0858832
         126     5.31481     5.67371   0.0852496
         127     5.55259     5.67276   0.0845836
         128     5.56109     5.67189   0.0839273
         129      6.0654     5.67494   0.0833322
         130     5.63631     5.67464   0.0826917
         131     5.57533     5.67388   0.0820639
         132     5.42676     5.67201   0.0814636
         133     5.58232     5.67133   0.0808539
         134     5.47008     5.66983   0.0802644
         135     6.06073     5.67273   0.0797221
         136     5.32572     5.67018   0.0791767
         137     5.39046     5.66813   0.0786251
         138     5.01577     5.66341   0.0781973
         139     5.67599      5.6635   0.0776348
         140     5.62308     5.66321   0.0770808
         141     5.46602     5.66181   0.0765468
         142     5.44686      5.6603   0.0760227
         143     5.67884     5.66043   0.0754912
         144     5.78097     5.66126   0.0749716
         145     5.73999     5.66181   0.0744565
         146     5.59152     5.66133   0.0739481
         147     5.84612     5.66258   0.0734557
         148     5.28955     5.66006   0.0730027
         149      5.8461     5.66131   0.0725234
         150     6.10343     5.66426   0.0720998
         151     6.50739     5.66984   0.0718382
         152     6.50913     5.67536   0.0715774
         153     6.55431     5.68111   0.0713398
         154     6.06735     5.68362   0.0709206
         155     5.78113     5.68425   0.0704658
         156     5.73301     5.68456   0.0700148
         157     5.55361     5.68372   0.0695738
         158     5.43229     5.68213   0.0691517
         159     5.74925     5.68255   0.0687181
         160      5.9515     5.68424   0.0683091
         161     5.85558      5.6853   0.0678931
         162       6.035     5.68746   0.0675083
         163     5.89664     5.68874   0.0671064
         164     5.81104     5.68949   0.0667013
         165     5.62499      5.6891   0.0662982
         166     5.82509     5.68992   0.0659039
         167      5.9577     5.69152   0.0655288
         168     6.10463     5.69398   0.0651849
         169     5.76014     5.69437   0.0648003
         170     5.93418     5.69578   0.0644345
         171     5.94861     5.69726   0.0640746
         172     6.02397     5.69916   0.0637303
         173     6.39847      5.7032   0.0634899
         174     6.78926     5.70944   0.0634311
         175     6.24432      5.7125   0.0631423
         176     6.01355     5.71421   0.0628067
         177     5.48524     5.71292   0.0624651
         178     5.26073     5.71038   0.0621659
         179     5.05257      5.7067   0.0619271
         180      5.1178     5.70343   0.0616694
         181     4.92671     5.69914   0.0614778
         182     5.51889     5.69815    0.061148
         183     5.63599     5.69781   0.0608148
         184     5.49478      5.6967   0.0604943
         185     5.52301     5.69576   0.0601746
         186     5.66158     5.69558   0.0598514
         187     5.57503     5.69494   0.0595348
         188     6.00749      5.6966   0.0592413
         189     5.41355      5.6951   0.0589468
         190     5.24954     5.69276   0.0586832
         191     5.87082     5.69369   0.0583833
         192     5.21491     5.69119   0.0581325
         193     5.09828     5.68812   0.0579124
         194     5.44509     5.68687   0.0576274
         195      5.7002     5.68694   0.0573319
         196     5.74735     5.68725   0.0570402
         197     5.90855     5.68837   0.0567618
         198     5.38956     5.68686   0.0564951
         199     5.22589     5.68454   0.0562587
         200     5.30761     5.68266    0.056009
         201     5.08463     5.67968   0.0558093
         202     5.31061     5.67786   0.0555629
         203     6.13797     5.68012   0.0553354
         204     5.95822     5.68149    0.055081
         205     5.77048     5.68192    0.054814
         206     5.66987     5.68186   0.0545479
         207     5.91257     5.68298   0.0542958
         208     6.02064      5.6846    0.054059
         209     6.18924     5.68702   0.0538543
         210     6.29419     5.68991   0.0536754
         211     6.18339     5.69225   0.0534719
         212     5.93135     5.69337   0.0532316
         213     5.56252     5.69276   0.0529852
         214      5.3128     5.69098   0.0527674
         215     5.01683     5.68785    0.052615
         216     4.76119     5.68356    0.052546
         217     4.87226     5.67982   0.0524367
         218     5.24141     5.67781   0.0522347
         219     4.98426     5.67464   0.0520921
         220       5.352     5.67317    0.051876
         221     5.27054     5.67135   0.0516732
         222     5.34305     5.66987   0.0514616
         223      5.0583     5.66713   0.0513039
         224     5.42114     5.66603   0.0510866
         225     5.63908     5.66591   0.0508597
         226     5.21728     5.66393   0.0506734
         227      5.3951     5.66274    0.050464
         228     6.14826     5.66487   0.0502876
         229     6.10941     5.66681   0.0501054
         230     5.70902       5.667   0.0498879
         231     5.39508     5.66582   0.0496858
         232     5.28685     5.66419   0.0494985
         233     5.19201     5.66216   0.0493275
         234     5.18237     5.66011   0.0491593
         235     5.47679     5.65933   0.0489563
         236     5.11185     5.65701   0.0488038
         237     5.09073     5.65462   0.0486563
         238     5.34104      5.6533   0.0484697
         239     5.75212     5.65372   0.0482687
         240     5.87353     5.65463   0.0480763
         241     5.64413     5.65459   0.0478768
         242     5.56368     5.65421   0.0476804
         243     5.30322     5.65277   0.0475061
         244     5.43619     5.65188   0.0473197
         245      5.4873     5.65121   0.0471313
         246      5.5734     5.65089   0.0469408
         247     5.53083     5.65041   0.0467533
         248     6.02654     5.65192   0.0465893
         249     6.27218     5.65442   0.0464688
         250     6.58206     5.65813   0.0464308
         251     7.09113     5.66383   0.0465955
         252     7.00844     5.66917   0.0467151
         253     6.45864     5.67229   0.0466346
         254     6.37175     5.67504   0.0465322
         255     6.58288     5.67861   0.0464857
         256     6.65481     5.68242   0.0464603
         257     6.68692     5.68633   0.0464436
         258     6.81962     5.69072   0.0464709
         259     5.94972     5.69172   0.0463022
         260     5.78159     5.69207   0.0461254
         261     5.86071     5.69271   0.0459532
         262     5.49201     5.69195   0.0457842
         263     5.53358     5.69134   0.0456141
         264     5.42907     5.69035   0.0454521
         265     5.80551     5.69078   0.0452827
         266     5.70602     5.69084   0.0451125
         267     5.73176     5.69099   0.0449438
         268     5.95074     5.69196   0.0447865
         269     5.50818     5.69128   0.0446252
         270     5.33887     5.68998    0.044479
         271     5.43819     5.68905   0.0443246
         272     5.67647       5.689   0.0441617
         273     5.60221     5.68868    0.044001
         274     5.26068     5.68712   0.0438682
         275     5.15174     5.68517   0.0437518
         276     5.44264     5.68429   0.0436021
         277     6.08155     5.68573   0.0434683
         278     5.67053     5.68567    0.043312
         279      5.2348     5.68406   0.0431869
         280     5.14995     5.68215   0.0430747
         281     5.44748     5.68132   0.0429295
         282     5.24331     5.67976   0.0428054
         283     5.69424     5.67981   0.0426542
         284     5.76936     5.68013   0.0425052
         285     5.74127     5.68034   0.0423566
         286     5.56141     5.67993   0.0422105
         287     5.53649     5.67943   0.0420664
         288     5.52925     5.67891   0.0419235
         289      5.5201     5.67836   0.0417821
         290     6.19557     5.68014   0.0416761
         291      5.8113     5.68059   0.0415353
         292     6.18248     5.68231   0.0414286
         293     6.58342     5.68539   0.0414012
         294      6.2769      5.6874   0.0413092
         295     6.02229     5.68853   0.0411848
         296     5.71163     5.68861   0.0410457
         297     5.64556     5.68847   0.0409078
         298     5.70313     5.68851   0.0407705
         299     5.62705     5.68831   0.0406347
         300     5.45461     5.68753   0.0405067
         301      5.8129     5.68795   0.0403743
         302     6.10452     5.68933   0.0402641
         303     6.60419     5.69235   0.0402443
         304     6.21245     5.69406   0.0401483
         305      6.3157     5.69609   0.0400683
         306     5.63992     5.69591   0.0399378
         307     5.94215     5.69671   0.0398158
         308     6.30389     5.69868   0.0397353
         309     6.05741     5.69985   0.0396236
         310     5.68734      5.6998   0.0394959
         311     5.55953     5.69935   0.0393714
         312     5.16764     5.69765   0.0392821
         313     5.38004     5.69663   0.0391697
         314     6.05492     5.69778   0.0390616
         315     6.29223     5.69966   0.0389831
         316      6.2481      5.7014   0.0388984
         317     6.41152     5.70364   0.0388401
         318     6.41054     5.70586   0.0387816
         319     6.41193     5.70807   0.0387231
         320     6.35913     5.71011   0.0386555
         321     6.37192     5.71217     0.03859
         322     6.51922     5.71468   0.0385515
         323     6.23038     5.71627   0.0384652
         324     5.95942     5.71702   0.0383538
         325     5.57293     5.71658   0.0382383
         326     5.90947     5.71717   0.0381256
         327     5.59521      5.7168   0.0380108
         328     5.54208     5.71627   0.0378987
         329     5.60253     5.71592   0.0377851
         330     5.60495     5.71559   0.0376721
         331     5.52348       5.715   0.0375627
         332     5.32616     5.71383   0.0374678
         333     4.98178     5.71164   0.0374197
         334     4.94384     5.70934   0.0373783
         335     4.90136     5.70692   0.0373444
         336     5.10221     5.70512   0.0372766
         337     5.08936      5.7033   0.0372108
         338     4.92686       5.701   0.0371715
         339     5.17547     5.69945   0.0370942
         340     5.29608     5.69826    0.037004
         341     5.30663     5.69712   0.0369133
         342     5.52671     5.69662   0.0368088
         343     5.57997     5.69628    0.036703
         344     5.44446     5.69555   0.0366036
         345     5.19984     5.69411   0.0365257
         346     4.82123     5.69159   0.0365072
         347     4.70543     5.68874   0.0365124
         348     4.70339     5.68591   0.0365171
         349     5.06018     5.68412   0.0364565
         350     5.05412     5.68232   0.0363967
         351     5.09837     5.68066    0.036331
         352     5.40458     5.67987   0.0362363
         353     5.30411     5.67881   0.0361493
         354     5.36294     5.67791   0.0360581
         355     5.43676     5.67724    0.035963
         356     5.18677     5.67586   0.0358883
         357     5.18376     5.67448   0.0358143
         358     5.33739     5.67354   0.0357266
         359     5.57625     5.67327   0.0356281
         360     5.62007     5.67312   0.0355295
         361     5.45015      5.6725   0.0354364
         362      5.8692     5.67304   0.0353427
         363     5.97023     5.67386   0.0352548
         364     5.82199     5.67427   0.0351603
         365     5.98293     5.67512   0.0350741
         366     5.52166      5.6747   0.0349808
         367     5.29882     5.67367   0.0349005
         368     4.87485      5.6715   0.0348731
         369     4.87032     5.66933   0.0348461
         370     4.73852     5.66681   0.0348426
         371     4.99087     5.66499   0.0347963
         372     5.38357     5.66424    0.034711
         373     5.32266     5.66332     0.03463
         374     5.55722     5.66304   0.0345386
         375     5.57768     5.66281   0.0344472
         376     4.99775     5.66104    0.034401
         377     5.17361     5.65975    0.034334
         378     4.93158     5.65782   0.0342972
         379     4.99963     5.65608   0.0342506
         380     5.15983     5.65478   0.0341854
         381     6.01088     5.65571   0.0341084
         382     5.53737      5.6554   0.0340206
         383     5.31678     5.65452   0.0339432
         384     5.41299     5.65389   0.0338607
         385     4.90131     5.65194   0.0338291
         386     5.57884     5.65175    0.033742
         387      4.8541     5.64968   0.0337177
         388     5.40689     5.64906   0.0336366
         389     5.75564     5.64933   0.0335512
         390     6.16512     5.65066   0.0334913
         391      6.1152     5.65184   0.0334267
         392     5.53251     5.65154   0.0333428
         393     5.29342     5.65063   0.0332704
         394     5.13578     5.64932   0.0332116
         395     5.47991     5.64889   0.0331303
         396     5.89015      5.6495   0.0330522
         397     5.84919        5.65   0.0329728
         398     5.84957     5.65051   0.0328938
         399     5.77835     5.65083   0.0328129
         400     5.43889      5.6503   0.0327351
         401     5.13334     5.64901   0.0326789
         402     5.17685     5.64783   0.0326187
         403     5.73509     5.64805   0.0325385
         404     5.49245     5.64766   0.0324602
         405     5.65819     5.64769   0.0323801
         406     5.70049     5.64782   0.0323006
         407     5.67999      5.6479   0.0322213
         408     5.82497     5.64833   0.0321452
         409      5.5949      5.6482   0.0320669
         410     5.78541     5.64854   0.0319904
         411     5.91152     5.64918    0.031919
         412     5.72063     5.64935    0.031842
         413     5.70493     5.64949   0.0317652
         414      5.3913     5.64886   0.0316946
         415     5.65138     5.64887   0.0316182
         416      5.0836     5.64751   0.0315714
         417      5.0828     5.64615   0.0315247
         418     5.05807     5.64475   0.0314807
         419     5.10611     5.64346   0.0314318
         420     5.34894     5.64276   0.0313648
         421     5.01869     5.64128   0.0313253
         422      5.1391     5.64009   0.0312736
         423     5.08965     5.63879   0.0312268
         424     5.45229     5.63835   0.0311562
         425     5.72731     5.63856   0.0310836
         426     5.06101      5.6372   0.0310402
         427     5.44578     5.63675   0.0309707
         428     5.37699     5.63615   0.0309043
         429     5.40319      5.6356   0.0308371
         430     5.41295     5.63509   0.0307697
         431     5.37719     5.63449   0.0307041
         432     5.50565     5.63419   0.0306345
         433     5.35764     5.63355   0.0305704
         434     5.42352     5.63307   0.0305038
         435     5.73943     5.63331   0.0304346
         436     5.87885     5.63387     0.03037
         437     5.66796     5.63395   0.0303007
         438     6.24454     5.63535   0.0302635
         439     5.93066     5.63602   0.0302021
         440     6.02111     5.63689   0.0301461
         441     6.31459     5.63843   0.0301169
         442     6.72835      5.6409   0.0301495
         443     6.60685     5.64308   0.0301602
         444     6.13835     5.64419   0.0301129
         445     6.26885      5.6456   0.0300779
         446     6.34086     5.64715   0.0300509
         447     6.05248     5.64806   0.0299973
         448     6.04908     5.64896   0.0299437
         449     5.82208     5.64934   0.0298795
         450     5.85397      5.6498   0.0298166
         451     6.03792     5.65066   0.0297629
         452     6.01526     5.65146    0.029708
         453     5.60658     5.65137   0.0296425
         454     4.99579     5.64992   0.0296124
         455     5.30664     5.64917   0.0295569
         456     5.53338     5.64891   0.0294932
         457     5.68185     5.64898   0.0294287
         458     5.34286     5.64832   0.0293721
         459     5.57069     5.64815   0.0293086
         460     5.87153     5.64863   0.0292489
         461     6.06142     5.64953   0.0291991
         462     5.73974     5.64972   0.0291366
         463     6.26654     5.65106   0.0291041
         464     5.87039     5.65153   0.0290452
         465      5.9615      5.6522   0.0289904
         466     5.97545     5.65289   0.0289365
         467     5.98562      5.6536   0.0288833
         468     5.52492     5.65333   0.0288229
         469      5.2418     5.65245   0.0287748
         470     5.43209     5.65198   0.0287174
         471     5.46658     5.65159   0.0286591
         472     5.49182     5.65125   0.0286004
         473     5.53769     5.65101   0.0285409
         474     5.58989     5.65088    0.028481
         475     6.20102     5.65204   0.0284446
         476     6.37006     5.65355   0.0284248
         477     5.86342     5.65399   0.0283686
         478     5.84675     5.65439   0.0283121
         479     5.58834     5.65425   0.0282534
         480     5.35953     5.65364   0.0282012
         481      5.8556     5.65406   0.0281457
         482     5.72402      5.6542   0.0280876
         483     5.05624     5.65296   0.0280568
         484     5.31903     5.65227   0.0280073
         485     4.84559     5.65061   0.0279989
         486     4.75519     5.64877   0.0280018
         487     4.75499     5.64693   0.0280044
         488     4.60511      5.6448   0.0280283
         489     4.89288     5.64326   0.0280131
         490     4.65073     5.64123   0.0280291
         491     5.26437     5.64047   0.0279825
         492     4.98168     5.63913   0.0279576
         493     4.96412     5.63776   0.0279344
         494     5.17016     5.63681   0.0278939
         495     4.90028     5.63532   0.0278772
         496     4.83209     5.63371    0.027868
         497     4.81857     5.63207   0.0278602
         498     4.45142     5.62969   0.0279049
         499     4.44177     5.62731   0.0279503
         500     4.32272      5.6247    0.028016
         501     4.98991     5.62344   0.0279887
         502     5.02286     5.62224   0.0279585
         503     5.02004     5.62104   0.0279285
         504      5.2995     5.62041   0.0278804
         505     5.60921     5.62038   0.0278252
         506     5.51691     5.62018    0.027771
         507     5.36986     5.61969   0.0277206
         508     5.33625     5.61913   0.0276716
         509      5.3144     5.61853   0.0276237
         510     5.13138     5.61757   0.0275861
         511     5.15154     5.61666   0.0275472
         512     5.19283     5.61583   0.0275058
         513     5.50382     5.61562    0.027453
         514     5.57469     5.61554   0.0273997
         515     5.52818     5.61537   0.0273471
         516     5.95481     5.61602    0.027302
         517     5.53129     5.61586   0.0272497
         518     5.53849     5.61571   0.0271975
         519       5.347     5.61519     0.02715
         520     5.76931     5.61549   0.0270994
         521     5.48181     5.61523   0.0270486
         522     5.61847     5.61524   0.0269968
         523     5.74413     5.61549   0.0269463
         524       5.773     5.61579   0.0268965
         525     5.67319      5.6159   0.0268455
         526     5.86883     5.61638   0.0267988
         527     6.05621     5.61721   0.0267609
         528     6.21802     5.61835   0.0267344
         529     6.31774     5.61967   0.0267166
         530     6.32396       5.621   0.0266992
         531     6.10548     5.62191   0.0266645
         532     5.57987     5.62183   0.0266145
         533     5.81594      5.6222   0.0265671
         534     5.52128     5.62201    0.026518
         535      4.8571     5.62058   0.0265069
         536     5.38056     5.62013   0.0264612
         537     5.59442     5.62008    0.026412
         538     5.44792     5.61976   0.0263649
         539     5.55205     5.61964   0.0263162
         540     5.77073     5.61992    0.026269
         541     5.68755     5.62004   0.0262207
         542     5.97777      5.6207   0.0261807
         543     5.65818     5.62077   0.0261325
         544     6.13311     5.62171   0.0261015
         545     5.82332     5.62208   0.0260562
         546     5.88348     5.62256   0.0260129
         547     5.42706      5.6222   0.0259678
         548     5.32303     5.62166   0.0259261
         549     5.62509     5.62166   0.0258789
         550     5.83416     5.62205   0.0258347
         551     5.61057     5.62203   0.0257879
         552     5.16442      5.6212   0.0257545
         553     5.09702     5.62025   0.0257253
         554     5.27194     5.61962   0.0256866
         555     5.65651     5.61969   0.0256404
         556     5.47792     5.61944   0.0255955
         557     5.56417     5.61934   0.0255498
         558     5.44833     5.61903   0.0255058
         559     5.64771     5.61908   0.0254602
         560     5.41536     5.61872   0.0254174
         561     6.25452     5.61985   0.0253973
         562     5.54383     5.61972   0.0253525
         563     5.65453     5.61978   0.0253075
         564     6.24894     5.62089   0.0252872
         565     6.02846     5.62161   0.0252528
         566     5.31769     5.62108   0.0252139
         567     5.45705     5.62079   0.0251711
         568     5.96429     5.62139    0.025134
         569     6.11219     5.62226   0.0251046
         570     6.26908     5.62339   0.0250862
         571     5.84359     5.62378   0.0250452
         572     5.36905     5.62333   0.0250054
         573     5.67237     5.62342   0.0249619
         574     5.87766     5.62386   0.0249224
         575     5.73382     5.62405   0.0248798
         576     5.38594     5.62364     0.02484
         577     5.10818     5.62274    0.024813
         578      5.4702     5.62248   0.0247715
         579     5.66381     5.62255   0.0247288
         580     5.65054      5.6226   0.0246862
         581     5.30902     5.62206   0.0246496
         582     5.54005     5.62192   0.0246077
         583     5.08391       5.621   0.0245828
         584     5.25995     5.62038   0.0245484
         585     5.33041     5.61988   0.0245115
         586     5.39213     5.61949   0.0244727
         587      5.0633     5.61855   0.0244494
         588     5.15633     5.61776   0.0244204
         589     4.86291     5.61648   0.0244126
         590     5.05217     5.61552   0.0243899
         591     5.54343      5.6154    0.024349
         592     5.45348     5.61513   0.0243094
         593     5.12441      5.6143   0.0242825
         594     4.77658     5.61289   0.0242825
         595     4.58076     5.61115   0.0243036
         596     5.26294     5.61057   0.0242698
         597     5.28503     5.61002   0.0242353
         598     5.33523     5.60956   0.0241991
         599     5.54271     5.60945    0.024159
         600     4.68899     5.60792   0.0241674
         601     5.37631     5.60753   0.0241302
         602     5.43324     5.60724   0.0240919
         603       5.307     5.60675   0.0240571
         604     5.69652     5.60689   0.0240177
         605     5.69467     5.60704   0.0239784
         606     5.64379      5.6071   0.0239389
         607     5.80102     5.60742   0.0239016
         608     5.53605      5.6073   0.0238626
         609     5.75625     5.60755   0.0238247
         610     5.60768     5.60755   0.0237856
         611     5.06858     5.60667   0.0237631
         612     4.84537     5.60542   0.0237568
         613     4.89235     5.60426   0.0237465
         614     5.28375     5.60374   0.0237135
         615     5.14186     5.60299   0.0236869
         616     5.48187     5.60279   0.0236492
         617     5.44176     5.60253   0.0236123
         618     5.48811     5.60234   0.0235749
         619     5.21412     5.60172   0.0235451
         620     5.10647     5.60092   0.0235207
         621     5.32039     5.60046   0.0234871
         622     5.15028     5.59974   0.0234605
         623     5.61255     5.59976   0.0234229
         624     5.48829     5.59958    0.023386
         625      5.4926     5.59941   0.0233492
         626     5.91314     5.59991   0.0233173
         627     5.88685     5.60037   0.0232846
         628     6.00149     5.60101   0.0232563
         629     5.97193      5.6016   0.0232268
         630     5.80839     5.60193   0.0231922
         631     6.18917     5.60286   0.0231742
         632      6.2103     5.60382   0.0231574
         633     5.81418     5.60415   0.0231232
         634     5.92378     5.60466   0.0230922
         635     5.78864     5.60495   0.0230577
         636     5.87164     5.60536   0.0230252
         637     6.09022     5.60613   0.0230017
         638     6.30397     5.60722   0.0229916
         639     5.78862      5.6075   0.0229574
         640     6.10816     5.60829   0.0229348
         641      5.8505     5.60866   0.0229022
         642     5.93141     5.60917    0.022872
         643     5.81324     5.60948   0.0228387
         644     5.99385     5.61008    0.022811
         645     5.60215     5.61007   0.0227756
         646     5.52166     5.60993   0.0227408
         647     5.35185     5.60953   0.0227091
         648     5.05861     5.60868     0.02269
         649     5.50009     5.60851   0.0226556
         650     5.70349     5.60866   0.0226213
         651     6.13372     5.60947   0.0226009
         652      5.9887     5.61005   0.0225737
         653     6.44555     5.61133   0.0225754
         654     6.66938     5.61295   0.0225987
         655     6.31064     5.61401   0.0225893
         656     6.64799     5.61559   0.0226098
         657     6.62124     5.61712   0.0226272
         658     6.88104     5.61904   0.0226742
         659     6.87861     5.62095   0.0227202
         660     6.69383     5.62258   0.0227438
         661     7.06087     5.62475   0.0228133
         662     6.83255     5.62658   0.0228516
         663     6.51533     5.62792   0.0228565
         664     6.07015     5.62858   0.0228317
         665     5.67295     5.62865   0.0227975
         666     5.26291      5.6281   0.0227699
         667      5.3035     5.62761   0.0227409
         668     6.14228     5.62838     0.02272
         669     6.30225     5.62939   0.0227083
         670     5.16523      5.6287    0.022685
         671     5.18059     5.62803    0.022661
         672     4.92161     5.62698   0.0226516
         673     5.06804     5.62615   0.0226332
         674     5.22075     5.62555   0.0226076
         675     5.30084     5.62507   0.0225792
         676     5.15102     5.62437   0.0225567
         677     5.38955     5.62402   0.0225261
         678     5.35642     5.62362   0.0224963
         679     5.20855     5.62301   0.0224715
         680     5.03353     5.62215   0.0224552
         681     4.55276     5.62058    0.022477
         682     4.87954     5.61949   0.0224703
         683     4.67963     5.61811   0.0224795
         684     4.86637     5.61701   0.0224735
         685     4.66444     5.61562   0.0224837
         686     4.65506     5.61422   0.0224945
         687      4.8233     5.61307   0.0224912
         688     4.90854     5.61205   0.0224818
         689     4.75591     5.61081   0.0224834
         690     5.39291     5.61049   0.0224531
         691     5.63091     5.61052   0.0224206
         692     5.41748     5.61024   0.0223899
         693     4.74553     5.60899   0.0223924
         694     4.87677     5.60794   0.0223849
         695     5.02654      5.6071   0.0223684
         696     4.94133     5.60614   0.0223567
         697      4.8667     5.60508   0.0223498
         698     5.07308     5.60432   0.0223307
         699     5.29973     5.60389    0.022303
         700     5.25729     5.60339   0.0222767
         701     5.37377     5.60306   0.0222473
         702     5.45642     5.60285   0.0222166
         703     5.54553     5.60277   0.0221851
         704     5.79755     5.60305   0.0221553
         705     5.81391     5.60335   0.0221259
         706     5.65768     5.60342   0.0220947
         707     5.66179     5.60351   0.0220636
         708      5.3072     5.60309   0.0220364
         709     5.32689      5.6027   0.0220088
         710     5.17598      5.6021    0.021986
         711     5.00446     5.60126   0.0219711
         712     4.81569     5.60015    0.021968
         713     5.38916     5.59986   0.0219392
         714     5.69411     5.59999   0.0219088
         715       5.863     5.60036   0.0218813
         716     6.21032     5.60121   0.0218673
         717     6.33695     5.60224   0.0218609
         718     6.29845     5.60321   0.0218519
         719     5.97071     5.60372   0.0218275
         720     6.27472     5.60465   0.0218171
         721     6.68406     5.60615   0.0218381
         722     6.37481     5.60721   0.0218338
         723     6.25471     5.60811    0.021822
         724     5.80125     5.60837   0.0217934
         725      5.3361       5.608   0.0217666
         726     5.30521     5.60758   0.0217406
         727       5.229     5.60706    0.021717
         728     5.28206     5.60661   0.0216917
         729     4.90272     5.60565   0.0216834
         730     5.29628     5.60522   0.0216579
         731       5.345     5.60487   0.0216312
         732     5.41759     5.60461   0.0216031
         733     5.51305     5.60449    0.021574
         734     5.91256     5.60491   0.0215487
         735     5.90775     5.60532   0.0215233
         736     5.81838     5.60561    0.021496
         737     5.74713      5.6058   0.0214677
         738     5.97611      5.6063   0.0214445
         739     6.22057     5.60713   0.0214316
         740     5.86151     5.60748   0.0214054
         741     5.59669     5.60746   0.0213765
         742     6.15455      5.6082   0.0213604
         743     5.75862      5.6084   0.0213326
         744     5.49614     5.60825   0.0213045
         745     5.90433     5.60865   0.0212796
         746     5.76587     5.60886   0.0212521
         747     5.88354     5.60923   0.0212268
         748     5.91757     5.60964   0.0212025
         749     5.56794     5.60958   0.0211742
         750     5.33628     5.60922   0.0211491
         751     4.98632     5.60839   0.0211372
         752      4.9289     5.60749   0.0211284
         753     5.20832     5.60696    0.021107
         754     5.48207     5.60679   0.0210797
         755     5.15554     5.60619   0.0210602
         756     5.05029     5.60546   0.0210452
         757     5.48868      5.6053    0.021018
         758     5.03793     5.60456   0.0210036
         759     5.39815     5.60428   0.0209776
         760     5.43523     5.60406   0.0209512
         761     5.35726     5.60374   0.0209262
         762     5.48734     5.60358   0.0208993
         763      5.4064     5.60333   0.0208735
         764     5.93181     5.60376   0.0208506
         765     5.93688     5.60419   0.0208279
         766     5.24732     5.60372   0.0208059
         767     4.81507      5.6027   0.0208042
         768     5.16367     5.60212    0.020785
         769     5.07752     5.60144   0.0207691
         770     5.60412     5.60145   0.0207421
         771     5.52021     5.60134   0.0207155
         772     5.10706      5.6007   0.0206986
         773     4.60856     5.59942   0.0207115
         774     4.55764     5.59807   0.0207285
         775     5.34337     5.59774   0.0207043
         776     5.14347     5.59716   0.0206859
         777     5.11515     5.59654   0.0206686
         778     4.64441     5.59531   0.0206782
         779     4.93383     5.59446   0.0206691
         780     4.86638     5.59353   0.0206637
         781     4.97726     5.59274   0.0206523
         782     5.04146     5.59204   0.0206379
         783     4.90074     5.59115   0.0206304
         784     5.29676     5.59078   0.0206075
         785     5.81324     5.59106   0.0205832
         786     5.80376     5.59133   0.0205588
         787     6.32626     5.59227   0.0205539
         788     6.22677     5.59307   0.0205436
         789     6.39383     5.59409   0.0205426
         790     5.66466     5.59418   0.0205168
         791     6.18217     5.59492   0.0205043
         792      6.5638     5.59614   0.0205149
         793     6.40054     5.59716   0.0205141
         794     6.27485     5.59801    0.020506
         795      6.2399     5.59882   0.0204961
         796     6.22981     5.59961   0.0204857
         797     6.51121     5.60075   0.0204919
         798      6.0142     5.60127   0.0204727
         799     6.30336     5.60215    0.020466
         800     6.00561     5.60265   0.0204466
         801     6.01052     5.60316   0.0204274
         802     5.52898     5.60307   0.0204021
         803     5.20718     5.60258   0.0203827
         804     5.84385     5.60288   0.0203595
         805     5.58704     5.60286   0.0203343
         806      5.7254     5.60301   0.0203096
         807      5.4188     5.60278   0.0202857
         808     5.87844     5.60312   0.0202635
         809     6.02636     5.60365   0.0202452
         810     5.75067     5.60383    0.020221
         811      5.5752     5.60379   0.0201961
         812     5.68271     5.60389   0.0201715
         813     5.10094     5.60327   0.0201561
         814     5.16263     5.60273   0.0201386
         815     5.27653     5.60233   0.0201179
         816     5.44456     5.60214   0.0200942
         817     5.39437     5.60188   0.0200712
         818     5.35998     5.60159   0.0200488
         819     5.66092     5.60166   0.0200245
         820     5.14918     5.60111   0.0200077
         821     5.20415     5.60062   0.0199891
         822     5.54678     5.60056   0.0199649
         823     5.25899     5.60014    0.019945
         824     5.62223     5.60017   0.0199208
         825     5.51375     5.60007   0.0198969
         826      5.4672      5.5999   0.0198735
         827     5.90205     5.60027   0.0198528
         828     6.14682     5.60093   0.0198398
         829     6.31744     5.60179   0.0198347
         830      5.9503     5.60221   0.0198152
         831     5.63936     5.60226   0.0197914
         832     5.03459     5.60158   0.0197794
         833     5.34891     5.60127    0.019758
         834     5.53673      5.6012   0.0197345
         835     5.46011     5.60103   0.0197115
         836     5.46177     5.60086   0.0196887
         837     5.58923     5.60085   0.0196652
         838     5.98303      5.6013    0.019647
         839     5.28299     5.60092   0.0196272
         840     6.03606     5.60144   0.0196107
         841     6.18869     5.60214   0.0195998
         842     6.70702     5.60345   0.0196204
         843     6.09369     5.60403   0.0196057
         844     5.68214     5.60413   0.0195827
         845     5.05909     5.60348   0.0195702
         846     5.16089     5.60296    0.019554
         847     5.73674     5.60312   0.0195316
         848     6.10353     5.60371   0.0195175
         849     5.97354     5.60414   0.0194993
         850     5.62936     5.60417   0.0194764
         851     5.56865     5.60413   0.0194536
         852     5.64751     5.60418   0.0194308
         853     5.81931     5.60443   0.0194097
         854     6.12902     5.60505   0.0193967
         855     5.88092     5.60537   0.0193767
         856     6.08035     5.60592    0.019362
         857     6.06029     5.60645   0.0193466
         858     5.95954     5.60687   0.0193285
         859      5.5106     5.60675   0.0193063
         860     5.14341     5.60621   0.0192913
         861     4.77299     5.60525   0.0192932
         862     5.51719     5.60515   0.0192711
         863     5.66123     5.60521   0.0192489
         864     5.52749     5.60512   0.0192268
         865         5.1     5.60454   0.0192134
         866     4.87626      5.6037   0.0192096
         867     4.91916     5.60291   0.0192037
         868     4.79517     5.60198   0.0192041
         869     4.74562     5.60099   0.0192073
         870     4.80938     5.60008   0.0192067
         871     5.11766     5.59953   0.0191927
         872     5.18119     5.59905   0.0191767
         873     4.85505     5.59819   0.0191736
         874     4.77083     5.59725    0.019175
         875     4.90656     5.59646   0.0191694
         876     5.22781     5.59604   0.0191521
         877     5.18649     5.59557    0.019136
         878     5.62752     5.59561   0.0191142
         879     5.94694     5.59601   0.0190966
         880     5.70339     5.59613   0.0190753
         881     5.97433     5.59656   0.0190585
         882     6.19681     5.59724    0.019049
         883     5.99329     5.59769   0.0190327
         884     5.72217     5.59783   0.0190117
         885     5.54396     5.59777   0.0189904
         886     5.61682     5.59779   0.0189689
         887     5.22019     5.59736   0.0189523
         888      5.1669     5.59688   0.0189372
         889     5.68871     5.59698   0.0189162
         890     5.45021     5.59682   0.0188956
         891     5.43928     5.59664   0.0188752
         892     5.91605       5.597   0.0188575
         893     6.26783     5.59775   0.0188513
         894     5.85907     5.59804   0.0188325
         895     5.99149     5.59848   0.0188166
         896     5.84312     5.59875   0.0187976
         897     5.94261     5.59914   0.0187805
         898     6.31349     5.59993   0.0187764
         899     5.41229     5.59972   0.0187567
         900     5.06878     5.59913   0.0187452
         901     5.68868     5.59923   0.0187246
         902     5.56163     5.59919   0.0187039
         903     5.28767     5.59885   0.0186864
         904     5.50608     5.59874    0.018666
         905     5.32804     5.59844   0.0186477
         906     5.17568     5.59798    0.018633
         907     5.33228     5.59768   0.0186148
         908     5.23443     5.59728   0.0185986
         909      5.0847     5.59672   0.0185866
         910     5.03346      5.5961   0.0185765
         911     4.88366     5.59532   0.0185726
         912     5.00651     5.59467   0.0185634
         913     5.18386     5.59422   0.0185486
         914     5.30707     5.59391   0.0185309
         915     5.35076     5.59364   0.0185126
         916     5.45261     5.59349    0.018493
         917      5.5766     5.59347   0.0184729
         918     5.03643     5.59287   0.0184627
         919     4.97702      5.5922   0.0184548
         920     5.41916     5.59201   0.0184357
         921     5.15575     5.59153   0.0184217
         922     5.25816     5.59117   0.0184053
         923     4.84613     5.59036    0.018403
         924      4.9459     5.58967   0.0183963
         925     5.14228     5.58918   0.0183828
         926     4.92181     5.58846   0.0183771
         927     5.56448     5.58844   0.0183573
         928     5.49831     5.58834   0.0183378
         929     6.01657      5.5888   0.0183238
         930     5.97878     5.58922   0.0183089
         931     5.98389     5.58964   0.0182941
         932     5.86989     5.58994    0.018277
         933     5.10979     5.58943   0.0182646
         934     5.28013      5.5891   0.0182481
         935     5.57131     5.58908   0.0182286
         936     5.89502     5.58941    0.018212
         937     5.64432     5.58947   0.0181927
         938     5.78447     5.58967   0.0181745
         939     5.65782     5.58975   0.0181553
         940     5.60621     5.58976    0.018136
         941     5.84559     5.59004   0.0181187
         942     5.85884     5.59032   0.0181017
         943     5.76155      5.5905   0.0180835
         944     5.59138      5.5905   0.0180643
         945     5.34417     5.59024   0.0180471
         946     5.42893     5.59007   0.0180288
         947     5.83485     5.59033   0.0180116
         948     5.86134     5.59062   0.0179949
         949     5.70211     5.59073   0.0179763
         950     5.72132     5.59087   0.0179579
         951      5.7991     5.59109   0.0179404
         952     5.83437     5.59135   0.0179233
         953     5.50394     5.59125   0.0179048
         954     5.69652     5.59136   0.0178863
         955     5.25835     5.59102    0.017871
         956     4.89262     5.59028   0.0178672
         957     5.42285     5.59011   0.0178494
         958     5.38031     5.58989   0.0178321
         959     5.59837      5.5899   0.0178135
         960     5.75518     5.59007   0.0177958
         961       5.689     5.59017   0.0177776
         962     5.54525     5.59013   0.0177592
         963     5.65027     5.59019   0.0177408
         964     5.74722     5.59035   0.0177232
         965     5.76373     5.59053   0.0177057
         966     6.16075     5.59112   0.0176972
         967     6.02928     5.59158   0.0176847
         968     5.98954     5.59199   0.0176712
         969     5.88336     5.59229   0.0176556
         970     6.00848     5.59272   0.0176426
         971     5.90958     5.59304   0.0176274
         972     5.56953     5.59302   0.0176093
         973     6.07017     5.59351    0.017598
         974     6.11105     5.59404    0.017588
         975     6.16414     5.59463   0.0175797
         976     6.37274     5.59542   0.0175797
         977     6.48852     5.59634   0.0175855
         978     6.54359     5.59731   0.0175942
         979     6.31673     5.59804   0.0175915
         980     5.87712     5.59833   0.0175759
         981     6.12586     5.59886   0.0175662
         982     6.06657     5.59934   0.0175548
         983     6.22036     5.59997   0.0175483
         984     6.18975     5.60057   0.0175407
         985     6.55237     5.60154   0.0175494
         986     6.29366     5.60224   0.0175457
         987     6.02553     5.60267   0.0175331
         988     6.00805     5.60308   0.0175202
         989     5.68478     5.60316   0.0175027
         990     5.60919     5.60317    0.017485
         991     5.50241     5.60307   0.0174677
         992     5.76801     5.60323   0.0174508
         993     5.99498     5.60363   0.0174377
         994      5.6653     5.60369   0.0174203
         995     5.04779     5.60313   0.0174117
         996     5.22549     5.60275   0.0173984
         997      5.0527      5.6022   0.0173897
         998     4.66542     5.60126   0.0173976
         999     5.10268     5.60076   0.0173873
        1000     5.34414      5.6005   0.0173718
