   0	781.555938	1048.342261
   1	741.329432	957.130766
   2	741.329432	860.078844
   3	720.590464	816.618465
   4	687.759524	780.117417
   5	657.660103	759.911672
   6	656.734679	733.145660
   7	638.641713	719.998453
   8	631.613872	704.397090
   9	627.422488	690.857550
  10	616.472599	675.925095
  11	603.462958	662.675666
  12	600.732838	648.623791
  13	563.389585	634.356215
  14	543.229708	616.721026
  15	532.943725	603.090331
  16	525.068806	592.178570
  17	514.484464	583.514718
  18	506.829614	573.281507
  19	506.174774	563.414098
  20	487.079696	549.175247
  21	485.955360	537.883228
  22	467.807891	530.318184
  23	463.996883	520.190362
  24	462.837302	512.138152
  25	462.837302	508.161451
  26	458.636577	499.447693
  27	457.861794	492.665826
  28	454.100261	488.387820
  29	450.965218	483.287179
  30	419.769438	478.877108
  31	418.184901	471.976595
  32	414.792978	469.275489
  33	413.601453	464.718678
  34	413.601453	461.341770
  35	404.805295	458.155457
  36	404.805295	458.462977
  37	401.338862	455.213778
  38	401.338862	449.461632
  39	401.338862	447.794830
  40	401.338862	441.289767
  41	398.245327	436.633028
  42	398.245327	434.070185
  43	398.245327	435.383184
  44	396.177190	433.077512
  45	390.826416	428.657018
  46	390.826416	426.580474
  47	390.238154	424.238196
  48	385.455914	420.117383
  49	385.455914	415.371109
  50	380.118200	411.350880
  51	380.118200	410.209456
  52	375.160637	408.733909
  53	375.160637	406.972902
  54	374.998732	402.840623
  55	374.998732	401.000181
  56	374.829645	399.475712
  57	374.829645	396.049541
  58	370.497337	390.903795
  59	368.656318	393.170571
  60	368.656318	395.218728
  61	366.071742	394.614511
  62	361.192447	394.846375
  63	361.192447	397.994009
  64	361.192447	392.145967
  65	360.705281	386.806647
  66	360.705281	383.761329
  67	351.678189	383.986898
  68	350.601106	381.886399
  69	349.444053	378.250901
  70	349.444053	375.886006
  71	349.444053	373.517390
  72	339.038564	373.718869
  73	337.647456	372.465913
  74	337.647456	368.489890
  75	337.647456	365.345354
  76	337.647456	359.763529
  77	337.647456	356.348976
  78	336.499002	354.726529
  79	333.052687	354.047475
  80	331.904232	352.716930
  81	327.456828	351.397466
  82	326.910389	350.181255
  83	326.910389	347.203558
  84	326.910389	347.781423
  85	326.910389	346.145349
  86	325.380306	344.636973
  87	324.090345	345.577228
  88	324.090345	346.411523
  89	324.090345	343.467385
  90	324.090345	344.859712
  91	324.090345	343.845704
  92	324.090345	342.868608
  93	324.090345	342.752142
  94	324.090345	342.715486
  95	324.090345	339.826411
  96	324.090345	337.959357
  97	324.090345	336.103516
  98	324.090345	336.714780
  99	324.090345	334.716417
 100	324.090345	333.813079
 101	324.090345	334.635815
 102	324.090345	333.678687
 103	324.090345	333.024670
 104	317.510221	333.042251
 105	314.669140	331.360830
 106	314.669140	331.329458
 107	313.224995	328.950284
 108	313.224995	328.920880
 109	313.224995	329.533571
 110	313.224995	327.679771
 111	313.224995	326.641631
 112	313.224995	325.752232
 113	313.180028	324.514561
 114	312.614085	325.188198
 115	305.930652	324.904821
 116	302.891682	325.626678
 117	302.891682	325.865890
 118	302.891682	324.989840
 119	299.018811	323.922072
 120	299.018811	325.119281
 121	299.018811	323.952997
 122	299.018811	324.095015
 123	297.294430	322.448238
 124	297.294430	320.557093
 125	297.294430	321.900701
 126	297.249462	320.350829
 127	297.249462	318.741020
 128	297.249462	318.383530
 129	297.249462	319.221578
 130	297.249462	319.277207
 131	297.249462	318.227098
 132	297.249462	318.502270
 133	297.249462	318.099150
 134	297.249462	317.564370
 135	297.249462	319.019658
 136	297.249462	318.653959
 137	296.392233	317.420588
 138	296.392233	318.660164
 139	296.392233	317.260427
 140	296.392233	317.317362
 141	295.885460	316.849910
 142	295.885460	315.457636
 143	295.885460	314.583741
 144	295.885460	314.552238
 145	295.885460	314.860024
 146	295.885460	313.786486
 147	295.885460	312.549884
 148	295.885460	311.918426
 149	295.885460	310.496288
 150	295.885460	312.190702
 151	295.885460	311.132754
 152	295.885460	310.732917
 153	295.885460	309.833971
 154	295.885460	309.538598
 155	295.885460	309.407529
 156	295.885460	308.861915
 157	295.885460	309.052168
 158	295.885460	309.601043
 159	295.257721	309.797969
 160	295.257721	308.867177
 161	295.257721	309.254025
 162	295.257721	309.311739
 163	295.257721	307.389186
 164	295.257721	308.015709
 165	294.715971	307.697179
 166	294.523093	307.903570
 167	293.243209	308.138628
 168	293.243209	306.376542
 169	293.243209	307.487377
 170	293.243209	306.542585
 171	293.243209	307.290851
 172	293.243209	305.896821
 173	293.243209	306.216679
 174	293.243209	305.158706
 175	291.181555	305.300742
 176	291.181555	307.692530
 177	291.181555	305.976608
 178	289.588818	305.745115
 179	291.181555	303.638347
 180	291.181555	303.924086
 181	291.181555	303.754741
 182	291.181555	303.665617
 183	291.181555	304.917555
 184	291.181555	304.322746
 185	287.887883	305.187990
 186	287.841204	303.319380
 187	287.841204	300.173458
 188	287.841204	299.146284
 189	287.841204	298.540780
 190	287.377117	298.817877
 191	287.377117	298.348955
 192	282.679517	298.150959
 193	282.679517	298.114052
 194	282.679517	297.803795
 195	282.679517	298.984193
 196	282.679517	300.242072
 197	282.450149	299.017854
 198	282.450149	298.149744
 199	282.450149	296.901672
 200	282.450149	296.314761
 201	282.450149	296.310492
 202	282.450149	297.426421
 203	282.450149	296.717104
 204	282.450149	295.647959
 205	282.450149	295.089503
 206	282.450149	294.720906
 207	282.450149	295.157614
 208	282.450149	296.751960
 209	282.450149	296.172910
 210	282.450149	295.602665
 211	282.450149	296.072745
 212	282.450149	295.102955
 213	282.450149	294.329575
 214	282.450149	293.089634
 215	282.450149	293.469117
 216	282.426930	293.006584
 217	282.426930	293.206114
 218	282.426930	293.001532
 219	282.426930	292.982840
 220	279.011875	292.955481
 221	279.011875	293.072912
 222	279.011875	292.143069
 223	279.011875	292.005198
 224	279.011875	292.132314
 225	279.011875	291.305935
 226	279.011875	291.475721
 227	279.011875	291.445437
 228	279.011875	290.683227
 229	279.011875	291.061140
 230	279.011875	290.933273
 231	279.011875	290.617552
 232	279.011875	290.397952
 233	279.011875	290.206749
 234	279.011875	290.711646
 235	279.011875	290.355620
 236	279.011875	290.437545
 237	279.011875	290.276748
 238	279.011875	290.181008
 239	279.011875	289.863036
 240	279.011875	289.606754
 241	279.011875	289.419624
 242	279.011875	289.362663
 243	279.011875	289.186837
 244	279.011875	289.218541
 245	279.011875	290.246928
 246	279.011875	290.019741
 247	279.011875	289.411203
 248	279.011875	289.599317
 249	279.011875	289.118306
 250	279.011875	289.149735
 251	279.011875	289.338720
 252	279.011875	289.104075
 253	279.011875	288.729298
 254	279.011875	288.201027
 255	279.011875	287.998417
 256	279.011875	287.652301
 257	279.011875	287.582838
 258	279.011875	287.674933
 259	279.011875	288.085588
 260	279.011875	287.815699
 261	279.011875	287.471065
 262	279.011875	287.216406
 263	279.011875	287.870936
 264	279.011875	287.816490
 265	279.011875	287.849948
 266	279.011875	289.111629
 267	279.011875	288.974128
 268	279.011875	288.610336
 269	279.011875	288.178905
 270	279.011875	287.426978
 271	279.011875	287.147467
 272	279.011875	287.732300
 273	279.011875	287.267146
 274	279.011875	286.883203
 275	279.011875	286.921218
 276	279.011875	286.735111
 277	279.011875	286.909434
 278	279.011875	286.514732
 279	279.011875	286.514333
 280	279.011875	286.869179
 281	279.011875	286.813283
 282	279.011875	286.585246
 283	279.011875	287.201913
 284	279.011875	287.547042
 285	279.011875	287.414633
 286	277.701970	288.058610
 287	277.701970	287.884918
 288	277.701970	287.334100
 289	277.701970	287.286029
 290	277.701970	287.099399
 291	277.701970	287.367761
 292	277.701970	286.988196
 293	277.701970	285.994402
 294	277.701970	285.690895
 295	276.057612	285.771869
 296	276.057612	285.860876
 297	276.057612	285.511669
 298	276.057612	285.586431
 299	276.057612	285.122344
 300	276.057612	285.140796
 301	276.057612	286.042145
 302	276.057612	285.411522
 303	276.057612	285.615697
 304	276.057612	285.568256
 305	276.057612	286.039469
 306	276.057612	285.834404
 307	276.057612	286.633460
 308	276.057612	286.349282
 309	276.057612	285.304217
 310	276.057612	285.566652
 311	276.057612	284.704901
 312	276.057612	284.325532
 313	276.057612	285.944403
 314	276.057612	285.416021
 315	276.057612	284.994932
 316	276.057612	283.930801
 317	276.057612	284.335558
 318	276.057612	284.810981
 319	276.057612	284.374504
 320	276.057612	283.897149
 321	276.057612	284.036612
 322	276.057612	283.619723
 323	276.057612	283.490543
 324	276.057612	283.848744
 325	276.057612	284.219291
 326	276.057612	284.021045
 327	276.057612	284.593752
 328	276.057612	284.165052
 329	276.057612	283.642310
 330	276.057612	283.337387
 331	276.057612	283.563101
 332	276.057612	284.510676
 333	276.057612	284.218406
 334	276.057612	283.629315
 335	276.057612	283.994131
 336	276.057612	283.172806
 337	276.057612	283.245547
 338	276.057612	282.800749
 339	276.057612	283.704587
 340	276.057612	283.082248
 341	276.057612	283.874633
 342	276.057612	283.451980
 343	276.057612	283.176805
 344	276.057612	282.821072
 345	276.057612	282.631398
 346	276.057612	283.223005
 347	276.057612	282.707677
 348	276.057612	282.159260
 349	276.057612	282.223783
 350	276.057612	282.488823
 351	275.572100	282.276086
 352	275.572100	282.124188
 353	275.572100	281.750241
 354	274.545478	281.647000
 355	274.545478	281.499787
 356	274.545478	281.857754
 357	274.545478	282.758199
 358	274.545478	282.261455
 359	274.545478	281.470475
 360	274.545478	281.227871
 361	274.545478	281.139984
 362	274.545478	280.939067
 363	274.545478	281.605851
 364	274.545478	281.191275
 365	274.545478	282.254464
 366	274.545478	282.683702
 367	274.545478	281.686203
 368	274.545478	281.856414
 369	274.545478	281.654635
 370	273.532170	282.015304
 371	273.532170	281.670440
 372	273.532170	280.687098
 373	273.532170	281.625445
 374	273.532170	281.350203
 375	273.532170	280.572297
 376	273.532170	280.689579
 377	273.532170	280.762507
 378	273.532170	280.177305
 379	273.532170	280.318661
 380	273.532170	279.847057
 381	273.532170	279.989539
 382	273.532170	280.444409
 383	273.532170	280.443473
 384	273.532170	280.063727
 385	273.532170	280.109425
 386	273.532170	280.289182
 387	273.532170	279.737098
 388	273.532170	280.608026
 389	273.532170	281.410238
 390	273.532170	280.669573
 391	273.532170	280.488241
 392	273.532170	281.304061
 393	273.532170	281.175561
 394	273.532170	280.415732
 395	273.532170	280.161827
 396	273.532170	280.065044
 397	273.532170	280.131789
 398	273.532170	280.654304
 399	273.532170	280.015160
 400	273.532170	279.989753
 401	273.532170	280.006645
 402	273.532170	280.976048
 403	273.532170	280.764870
 404	273.532170	280.576651
 405	273.532170	280.625000
 406	273.532170	280.205335
 407	273.532170	280.553093
 408	273.532170	280.622861
 409	273.532170	280.290920
 410	273.532170	280.541114
 411	273.532170	281.001022
 412	273.532170	281.470780
 413	273.532170	281.052258
 414	273.532170	281.497584
 415	273.532170	280.484786
 416	273.532170	281.103284
 417	273.532170	280.341794
 418	273.532170	280.166082
 419	273.532170	281.006708
 420	273.532170	281.216667
 421	273.532170	280.646982
 422	273.532170	280.767736
 423	273.532170	280.357403
 424	273.532170	280.412745
 425	273.532170	279.835062
 426	273.532170	280.474565
 427	273.532170	280.632347
 428	273.532170	280.704477
 429	273.532170	280.500785
 430	273.532170	280.740323
 431	273.532170	280.888374
 432	273.532170	279.815038
 433	273.532170	279.719700
 434	273.532170	279.565506
 435	273.532170	279.918516
 436	273.532170	279.864227
 437	273.532170	280.152767
 438	273.532170	281.244148
 439	273.532170	280.159340
 440	273.532170	280.029344
 441	273.532170	279.707716
 442	273.532170	279.985738
 443	273.532170	279.893990
 444	273.532170	280.062140
 445	273.532170	279.918388
 446	273.532170	281.346608
 447	273.532170	280.081625
 448	273.532170	279.999925
 449	273.532170	280.217711
 450	273.532170	280.234804
 451	273.532170	279.907160
 452	273.532170	279.695041
 453	273.532170	280.008965
 454	273.532170	280.807797
 455	273.532170	280.812802
 456	273.532170	280.626419
 457	273.532170	280.647702
 458	273.532170	280.768569
 459	273.532170	280.322360
 460	273.532170	280.357942
 461	273.532170	279.778857
 462	273.532170	279.605484
 463	273.532170	279.953640
 464	273.532170	279.691476
 465	273.532170	279.615303
 466	273.532170	279.548434
 467	273.532170	279.449318
 468	273.532170	279.344041
 469	273.532170	279.349281
 470	273.532170	279.516230
 471	273.532170	279.209798
 472	273.532170	278.954459
 473	273.532170	279.161269
 474	273.532170	279.254743
 475	273.532170	279.434734
 476	273.532170	280.283471
 477	273.532170	280.975432
 478	273.532170	280.212671
 479	273.532170	279.724868
 480	273.532170	280.308075
 481	273.532170	280.040249
 482	273.532170	280.160837
 483	273.532170	279.699157
 484	273.532170	279.354680
 485	273.532170	280.276735
 486	273.532170	280.046964
 487	273.532170	279.645082
 488	273.532170	279.446459
 489	273.532170	279.134485
 490	273.532170	279.212876
 491	273.532170	279.361091
 492	273.532170	279.356447
 493	273.532170	279.385194
 494	273.532170	279.445951
 495	273.532170	279.319752
 496	273.532170	280.162452
 497	273.532170	279.624446
 498	273.532170	279.324174
 499	273.532170	279.014267
 500	273.532170	279.098416
 501	273.532170	279.116131
 502	273.532170	279.064375
 503	273.532170	279.407532
 504	273.532170	279.754060
 505	273.532170	279.746404
 506	273.532170	279.381874
 507	273.532170	279.264195
 508	273.532170	279.232872
 509	273.532170	279.192455
 510	273.532170	279.418116
 511	273.532170	279.389926
 512	273.532170	279.625441
 513	273.532170	279.428197
 514	273.532170	279.756088
 515	273.532170	279.874680
 516	273.532170	279.231887
 517	273.532170	279.120394
 518	273.532170	279.267996
 519	273.532170	278.958695
 520	273.532170	278.863058
 521	273.532170	278.658632
 522	273.532170	279.041505
 523	273.532170	278.658053
 524	273.532170	278.610430
 525	273.532170	278.502175
 526	273.532170	278.795102
 527	273.532170	278.529315
 528	273.532170	278.809615
 529	273.532170	278.865957
 530	273.532170	278.453934
 531	273.532170	278.530559
 532	273.532170	278.462019
 533	273.532170	278.866950
 534	273.532170	278.709102
 535	273.532170	278.801670
 536	273.532170	278.425592
 537	273.532170	278.299849
 538	273.532170	278.698240
 539	273.532170	278.615582
 540	273.532170	278.539020
 541	273.532170	278.536186
 542	273.532170	278.972162
 543	273.532170	278.672407
 544	273.532170	278.646231
 545	273.532170	278.501509
 546	273.532170	278.944636
 547	273.532170	278.766405
 548	273.532170	278.627756
 549	273.532170	278.330899
 550	273.532170	278.313281
 551	273.532170	278.343938
 552	273.532170	278.931952
 553	273.532170	278.780410
 554	273.532170	278.703598
 555	273.532170	278.812178
 556	273.532170	278.315142
 557	273.532170	278.224123
 558	273.532170	278.201851
 559	273.532170	278.344886
 560	273.532170	278.627725
 561	273.532170	278.942623
 562	273.532170	278.579186
 563	273.532170	278.355311
 564	273.532170	277.878818
 565	273.532170	277.876964
 566	273.532170	277.904942
 567	273.532170	277.927744
 568	273.532170	278.813974
 569	273.532170	278.490814
 570	273.532170	278.020483
 571	273.532170	277.782276
 572	273.532170	277.857190
 573	273.532170	277.912354
 574	273.532170	277.989477
 575	273.532170	278.593124
 576	273.532170	278.401234
 577	273.532170	278.303765
 578	273.532170	278.089620
 579	273.532170	277.758549
 580	273.532170	277.712098
 581	273.532170	277.592784
 582	273.532170	278.284213
 583	273.532170	278.369483
 584	273.532170	277.877228
 585	273.532170	277.907446
 586	273.532170	277.663374
 587	273.532170	277.692631
 588	273.532170	278.221751
 589	273.532170	278.151324
 590	273.532170	278.015562
 591	273.532170	278.002715
 592	273.532170	278.031154
 593	273.532170	277.950663
 594	273.532170	277.764749
 595	273.532170	277.722712
 596	273.532170	278.040362
 597	273.532170	278.057738
 598	273.532170	278.060363
 599	273.532170	277.910778
 600	273.532170	278.644797
 601	273.532170	278.274212
 602	273.532170	277.767696
 603	273.532170	277.182977
 604	273.532170	277.456301
 605	273.532170	277.507443
 606	273.532170	277.484869
 607	273.532170	277.428854
 608	273.532170	278.071793
 609	273.532170	277.690312
 610	273.532170	277.319467
 611	273.532170	277.257517
 612	273.532170	277.756572
 613	273.532170	277.647489
 614	273.532170	277.686976
 615	273.532170	277.305296
 616	273.532170	277.534383
 617	273.532170	277.659487
 618	273.532170	277.319078
 619	273.532170	277.720702
 620	273.532170	277.687836
 621	273.532170	277.409100
 622	273.532170	277.501483
 623	273.532170	277.696840
 624	273.532170	277.905069
 625	273.532170	277.734181
 626	273.532170	277.681804
 627	273.532170	277.764293
 628	273.532170	278.247846
 629	273.532170	278.296632
 630	273.532170	278.064449
 631	273.532170	277.847486
 632	273.532170	277.343406
 633	273.532170	277.703425
 634	273.532170	277.582164
 635	273.532170	277.709024
 636	273.532170	277.412448
 637	273.532170	277.414179
 638	273.532170	277.132034
 639	273.532170	277.200545
 640	273.532170	277.185534
 641	273.532170	277.021125
 642	273.532170	277.220098
 643	273.532170	277.392940
 644	273.532170	277.412193
 645	273.532170	277.155979
 646	273.532170	277.178217
 647	273.532170	277.179513
 648	273.532170	276.979402
 649	273.532170	277.137506
 650	273.532170	276.967973
 651	273.532170	277.694811
 652	273.532170	277.504241
 653	273.532170	277.259289
 654	273.532170	277.156030
 655	273.532170	277.305996
 656	273.532170	277.289135
 657	273.532170	277.766835
 658	273.532170	277.326010
 659	273.532170	277.412788
 660	273.532170	277.270300
 661	273.532170	277.235058
 662	273.532170	277.186431
 663	273.532170	277.140150
 664	273.532170	277.086571
 665	273.532170	277.017591
 666	273.532170	277.415622
 667	273.532170	277.464829
 668	273.532170	277.368704
 669	273.532170	277.445600
 670	273.532170	277.705062
 671	273.532170	277.541464
 672	273.532170	277.090577
 673	273.532170	277.008808
 674	273.532170	277.300304
 675	273.532170	278.108714
 676	273.532170	277.731683
 677	273.532170	277.334121
 678	273.532170	277.338792
 679	273.532170	277.290517
 680	273.532170	277.059559
 681	273.532170	277.205481
 682	273.532170	277.737960
 683	273.532170	277.579202
 684	273.532170	277.634386
 685	273.532170	277.287455
 686	273.532170	277.218431
 687	273.532170	277.200097
 688	273.532170	277.562169
 689	273.532170	277.720945
 690	273.532170	277.541289
 691	273.532170	277.489051
 692	273.532170	277.257422
 693	273.532170	277.140014
 694	273.532170	277.541546
 695	273.532170	277.918845
 696	273.532170	277.552549
 697	273.532170	277.319777
 698	273.532170	277.084960
 699	273.532170	277.298205
 700	273.532170	277.141743
 701	273.532170	277.708730
 702	273.532170	277.688836
 703	273.532170	278.567413
 704	273.532170	277.940996
 705	273.532170	277.967030
 706	273.532170	277.518979
 707	273.532170	277.122569
 708	273.532170	276.816775
 709	273.532170	276.923578
 710	273.532170	277.177755
 711	273.532170	276.971748
 712	273.532170	277.513464
 713	273.532170	277.102828
 714	273.532170	276.855539
 715	273.532170	276.815835
 716	273.532170	276.430172
 717	273.532170	276.992829
 718	273.532170	277.102745
 719	273.532170	277.088638
 720	273.532170	277.238383
 721	273.532170	276.819964
 722	273.532170	276.619864
 723	273.532170	276.223914
 724	273.532170	276.698620
 725	273.532170	276.515812
 726	273.532170	276.803782
 727	273.532170	276.786868
 728	273.532170	277.303695
 729	273.532170	277.392497
 730	273.532170	276.899313
 731	273.532170	276.880615
 732	273.532170	276.862671
 733	273.532170	276.653973
 734	273.532170	277.008509
 735	273.532170	277.019879
 736	273.532170	276.725568
 737	273.532170	277.806121
 738	273.532170	277.637102
 739	273.532170	277.100008
 740	273.532170	277.081862
 741	273.532170	276.903515
 742	273.532170	277.016577
 743	273.532170	277.449593
 744	273.532170	276.923670
 745	273.532170	276.912202
 746	273.532170	277.269766
 747	273.532170	277.565005
 748	273.532170	277.475240
 749	273.532170	277.570145
 750	273.532170	277.492435
 751	273.532170	277.394079
 752	273.532170	276.945514
 753	273.532170	276.553838
 754	273.532170	276.621135
 755	273.532170	276.486403
 756	273.532170	276.572073
 757	273.532170	277.105934
 758	273.532170	276.797059
 759	273.532170	277.124538
 760	273.532170	277.069701
 761	273.532170	277.179108
 762	273.532170	276.963002
 763	273.532170	277.112178
 764	273.532170	277.312111
 765	273.532170	277.116380
 766	273.532170	276.771156
 767	273.532170	276.523437
 768	273.532170	276.384544
 769	273.532170	276.469778
 770	273.532170	276.428079
 771	273.532170	276.401793
 772	273.532170	276.572716
 773	273.532170	276.673729
 774	273.532170	276.559948
 775	273.532170	276.510235
 776	273.532170	276.408962
 777	273.532170	276.336070
 778	273.532170	276.602508
 779	273.532170	276.495177
 780	273.532170	276.996134
 781	273.532170	276.632135
 782	273.532170	276.438525
 783	273.532170	276.354693
 784	273.532170	277.286739
 785	273.532170	277.543056
 786	273.532170	277.116895
 787	273.532170	276.877386
 788	273.532170	277.199957
 789	273.532170	276.989076
 790	273.532170	277.094286
 791	273.532170	276.859647
 792	273.532170	277.009729
 793	273.532170	276.908715
 794	273.532170	277.884909
 795	273.532170	277.794437
 796	273.532170	277.090103
 797	273.532170	276.750082
 798	273.532170	276.422044
 799	273.532170	276.775784
 800	273.532170	277.177475
 801	273.532170	277.117464
 802	273.532170	277.107377
 803	273.532170	276.642944
 804	273.532170	277.010851
 805	273.532170	276.896857
 806	273.532170	277.038694
 807	273.532170	277.049282
 808	273.532170	276.795512
 809	273.532170	276.604914
 810	273.532170	277.092849
 811	273.532170	277.626274
 812	273.532170	277.169442
 813	273.532170	277.053514
 814	273.532170	277.005768
 815	273.532170	276.632798
 816	273.532170	276.319548
 817	273.532170	276.311383
 818	273.532170	276.879470
 819	273.532170	277.220745
 820	273.532170	277.333757
 821	273.532170	277.181832
 822	273.532170	276.967013
 823	273.532170	277.294156
 824	273.532170	276.676231
 825	273.532170	276.815671
 826	273.532170	276.583658
 827	273.532170	276.376693
 828	273.532170	276.668013
 829	273.532170	276.664964
 830	273.532170	276.735924
 831	273.532170	276.544399
 832	273.532170	277.235885
 833	273.532170	276.996601
 834	273.532170	276.819231
 835	273.532170	276.637992
 836	273.532170	277.192235
 837	273.532170	277.223652
 838	273.532170	277.001367
 839	273.532170	277.479556
 840	273.532170	276.996293
 841	273.532170	277.604414
 842	273.532170	276.996477
 843	273.532170	277.044895
 844	273.532170	276.799975
 845	273.532170	277.285793
 846	273.532170	276.722652
 847	273.532170	276.987422
 848	273.532170	276.454804
 849	273.532170	276.490707
 850	273.532170	276.989835
 851	273.532170	277.145305
 852	273.532170	277.047145
 853	273.532170	277.800419
 854	273.532170	277.124796
 855	273.532170	277.370466
 856	273.532170	277.195379
 857	273.532170	276.714183
 858	273.532170	276.476858
 859	273.532170	276.569909
 860	273.532170	277.077140
 861	273.532170	277.484399
 862	273.532170	277.858944
 863	273.532170	277.803126
 864	273.532170	277.220850
 865	273.532170	276.546367
 866	273.532170	276.105699
 867	273.532170	276.078601
 868	273.532170	276.336905
 869	273.532170	276.142206
 870	273.532170	276.667337
 871	273.532170	276.545651
 872	273.532170	276.964785
 873	273.532170	276.720892
 874	273.532170	276.885825
 875	273.532170	277.019484
 876	273.532170	276.422315
 877	273.532170	276.366242
 878	273.532170	276.072800
 879	273.532170	276.199703
 880	273.532170	276.259550
 881	273.532170	275.974142
 882	273.532170	276.229060
 883	273.532170	276.024547
 884	273.532170	276.582152
 885	273.532170	276.758055
 886	273.532170	276.289745
 887	273.532170	276.107239
 888	273.532170	276.178198
 889	273.532170	275.947597
 890	273.532170	275.993610
 891	273.532170	276.004235
 892	273.532170	275.878022
 893	273.532170	276.257623
 894	273.532170	276.292350
 895	273.532170	276.079717
 896	273.532170	276.056581
 897	273.532170	276.114936
 898	273.532170	276.188387
 899	273.532170	276.104201
 900	273.532170	275.774466
 901	273.532170	276.050930
 902	273.532170	276.002113
 903	273.532170	276.212979
 904	273.532170	276.632923
 905	273.532170	276.353308
 906	273.532170	276.085003
 907	273.532170	276.443001
 908	273.532170	276.611313
 909	273.532170	276.074256
 910	273.532170	275.967519
 911	273.532170	276.046644
 912	273.532170	276.721713
 913	273.532170	276.792473
 914	273.532170	276.694109
 915	273.532170	276.518449
 916	273.532170	276.107660
 917	273.532170	275.975613
 918	273.532170	275.877237
 919	273.532170	275.883024
 920	273.532170	276.100225
 921	273.532170	276.159638
 922	273.532170	276.041475
 923	273.532170	276.127685
 924	273.532170	276.207887
 925	273.532170	276.078868
 926	273.532170	275.993927
 927	273.532170	276.446682
 928	273.532170	276.160539
 929	273.532170	276.265119
 930	273.532170	275.964439
 931	273.532170	275.840652
 932	273.532170	276.004054
 933	273.532170	276.404357
 934	273.532170	276.377071
 935	273.532170	276.144709
 936	273.532170	276.012056
 937	273.532170	276.108022
 938	273.532170	276.059180
 939	273.532170	276.159980
 940	273.532170	276.688760
 941	273.532170	276.155100
 942	273.532170	276.125906
 943	273.532170	275.897821
 944	273.532170	276.416567
 945	273.532170	276.608111
 946	273.532170	276.790374
 947	273.532170	276.281400
 948	273.532170	276.334983
 949	273.532170	275.901496
 950	273.532170	275.757071
 951	273.532170	275.823456
 952	273.532170	275.617582
 953	273.532170	275.513310
 954	273.532170	275.548299
 955	273.532170	275.585803
 956	273.532170	275.736087
 957	273.532170	275.644161
 958	273.532170	275.363553
 959	273.532170	275.356581
 960	273.532170	275.604512
 961	273.532170	275.482553
 962	273.532170	275.326464
 963	273.532170	275.943229
 964	273.532170	276.238701
 965	273.532170	275.768522
 966	273.532170	275.661478
 967	273.532170	275.620578
 968	273.532170	276.052116
 969	273.532170	276.188514
 970	273.532170	275.938061
 971	273.532170	275.605049
 972	273.532170	275.451476
 973	273.532170	275.576934
 974	273.532170	275.478175
 975	273.532170	275.381630
 976	273.532170	275.167110
 977	273.532170	275.145983
 978	273.532170	275.316453
 979	273.532170	275.205302
 980	273.532170	275.468154
 981	273.532170	275.662866
 982	273.532170	275.589423
 983	273.532170	275.314987
 984	273.532170	275.390493
 985	273.532170	275.197095
 986	273.532170	275.084630
 987	273.532170	275.439758
 988	273.532170	275.368583
 989	273.532170	275.517767
 990	273.532170	275.258368
 991	273.532170	275.124667
 992	273.532170	274.998536
 993	273.532170	275.070293
 994	273.532170	274.949962
 995	273.532170	275.357571
 996	273.532170	275.383260
 997	273.532170	275.221674
 998	273.532170	275.263437
 999	273.532170	275.292528
1000	273.532170	275.150003
