              4999       0.011533214                 0                 0                 0
              4999       0.034599643                 0                 0                 0
              4999       0.057666072                 0                 0                 0
              4999       0.080732501                 0                 0                 0
              4999        0.10379893                 0                 0                 0
              4999        0.12686536                 0                 0                 0
              4999        0.14993179                 0                 0                 0
              4999        0.17299822                 0                 0                 0
              4999        0.19606464                 0                 0                 0
              4999        0.21913107                 0                 0                 0
              4999         0.2421975                 0                 0                 0
              4999        0.26526393                 0                 0                 0
              4999        0.28833036                 0                 0                 0
              4999        0.31139679                 0                 0                 0
              4999        0.33446322                 0                 0                 0
              4999        0.35752965                 0                 0                 0
              4999        0.38059608                 0                 0                 0
              4999         0.4036625                 0                 0                 0
              4999        0.42672893                 0                 0                 0
              4999        0.44979536                 0                 0                 0
              4999        0.47286179                 0                 0                 0
              4999        0.49592822                 0                 0                 0
              4999        0.51899465                 0                 0                 0
              4999        0.54206108                 0                 0                 0
              4999        0.56512751                 0                 0                 0
              4999        0.58819393                 0                 0                 0
              4999        0.61126036                 0                 0                 0
              4999        0.63432679                 0                 0                 0
              4999        0.65739322                 0                 0                 0
              4999        0.68045965                 0                 0                 0
              4999        0.70352608                 0                 0                 0
              4999        0.72659251                 0                 0                 0
              4999        0.74965894                 0                 0                 0
              4999        0.77272536                 0                 0                 0
              4999        0.79579179                 0                 0                 0
              4999        0.81885822                 0                 0                 0
              4999        0.84192465                 0                 0                 0
              4999        0.86499108                 0                 0                 0
              4999        0.88805751                 0                 0                 0
              4999        0.91112394                 0                 0                 0
              4999        0.93419037                 0     0.00074359688      0.0001005171
              4999        0.95725679        0.06545318       0.017662372     0.00049036614
              4999        0.98032322        0.18694372         0.2079343      0.0017628536
              4999         1.0033897         1.0691727        0.98333025      0.0038062543
              4999         1.0264561         2.7759198         2.6495359       0.006262898
              4999         1.0495225         4.6059638          4.532888      0.0076768625
              4999         1.0725889         5.2294114          5.627254       0.009457057
              4999         1.0956554         4.9566582         5.2719969       0.016257561
              4999         1.1187218          4.466774         3.9263674      0.0069408252
              4999         1.1417882         2.0939312         2.3965997      0.0050589836
              4999         1.1648547         1.2702599         1.2126865      0.0037920395
              4999         1.1879211        0.54627121        0.52986033      0.0021635472
              4999         1.2109875        0.40403305        0.21015374      0.0013902542
              4999         1.2340539      6.795256e-16       0.074030694     0.00088456329
              4999         1.2571204    1.0481597e-300       0.022017905     0.00047002929
              4999         1.2801868                 0      0.0056435539     0.00021177884
              4999         1.3032532                 0      0.0025122789     0.00014033192
              4999         1.3263197                 0      0.0024712101      0.0001438085
              4999         1.3493861                 0      0.0071842086     0.00023733462
              4999         1.3724525       0.031315975       0.021737536     0.00040421672
              4999         1.3955189         0.1210951       0.048610873     0.00058487637
              4999         1.4185854        0.14683751        0.14524305     0.00086407506
              4999         1.4416518        0.50972905        0.30974032         0.0013247
              4999         1.4647182         0.4943327         0.5583965      0.0018299764
              4999         1.4877847        0.77102371        0.88969797      0.0020263343
              4999         1.5108511         1.1336061         1.2217061      0.0023282856
              4999         1.5339175         1.2742901         1.3950804      0.0061971618
              4999         1.5569839         1.3824422         1.2895646      0.0028532416
              4999         1.5800504        0.82380228        0.98298136      0.0021504622
              4999         1.6031168        0.61714113        0.61091674      0.0017514282
              4999         1.6261832        0.46632836        0.34342742      0.0014583103
              4999         1.6492497        0.21582656        0.15830115     0.00094615089
              4999         1.6723161       0.041970373        0.06104124     0.00050711812
              4999         1.6953825       0.040824533       0.028546057     0.00040918071
              4999         1.7184489       0.039725132       0.039256203     0.00063073824
              4999         1.7415154       0.096674224         0.1075772     0.00092290488
              4999         1.7645818         0.3577309         0.2885011      0.0015023929
              4999         1.7876482        0.91704175        0.73403287      0.0021294855
              4999         1.8107147         1.5907926         1.4730573      0.0030472249
              4999         1.8337811         2.3519267         2.4433449      0.0038568235
              4999         1.8568475         3.3299057         3.3211081      0.0043525971
              4999         1.8799139         3.5951649         3.8484699       0.015187295
              4999         1.9029804         3.2176151         3.4288913      0.0051271788
              4999         1.9260468         2.5404001         2.5677774      0.0037534348
              4999         1.9491132         1.4173094         1.5956271       0.003006631
              4999         1.9721797         1.1432766        0.84632589      0.0024963668
              4999         1.9952461        0.39711828        0.38871535      0.0016423421
              4999         2.0183125        0.24391211        0.15448179     0.00092740944
              4999         2.0413789       0.084209227       0.089330054      0.0007106035
              4999         2.0644454        0.21953438        0.17665815       0.000988451
              4999         2.0875118        0.30859648        0.38131474      0.0011718289
              4999         2.1105782        0.78750859        0.71808292      0.0015641804
              4999         2.1336447         1.1168881         1.0627329      0.0017767069
              4999         2.1567111         1.4196635         1.3027069      0.0021040789
              4999         2.1797775         1.1685219         1.4076315      0.0054855849
              4999         2.2028439         1.0355168         1.1808758      0.0018113504
              4999         2.2259104        0.96701476        0.83423082      0.0015779083
              4999         2.2489768        0.57739107        0.50656805      0.0012529695
              4999         2.2720432        0.30549259        0.29136853       0.001157125
              4999         2.2951097        0.22186204        0.20613928      0.0011132035
              4999       0.011533214                 0                 0                 0
              4999       0.034599643                 0                 0                 0
              4999       0.057666072                 0                 0                 0
              4999       0.080732501                 0                 0                 0
              4999        0.10379893                 0                 0                 0
              4999        0.12686536                 0                 0                 0
              4999        0.14993179                 0                 0                 0
              4999        0.17299822                 0                 0                 0
              4999        0.19606464                 0                 0                 0
              4999        0.21913107                 0                 0                 0
              4999         0.2421975                 0                 0                 0
              4999        0.26526393                 0                 0                 0
              4999        0.28833036                 0                 0                 0
              4999        0.31139679                 0                 0                 0
              4999        0.33446322                 0                 0                 0
              4999        0.35752965                 0                 0                 0
              4999        0.38059608                 0                 0                 0
              4999         0.4036625                 0                 0                 0
              4999        0.42672893                 0                 0                 0
              4999        0.44979536                 0                 0                 0
              4999        0.47286179                 0                 0                 0
              4999        0.49592822                 0                 0                 0
              4999        0.51899465                 0                 0                 0
              4999        0.54206108                 0                 0                 0
              4999        0.56512751                 0                 0                 0
              4999        0.58819393                 0                 0                 0
              4999        0.61126036                 0                 0                 0
              4999        0.63432679                 0                 0                 0
              4999        0.65739322                 0                 0                 0
              4999        0.68045965                 0                 0                 0
              4999        0.70352608                 0                 0                 0
              4999        0.72659251                 0                 0                 0
              4999        0.74965894                 0                 0                 0
              4999        0.77272536                 0                 0                 0
              4999        0.79579179                 0                 0                 0
              4999        0.81885822                 0                 0                 0
              4999        0.84192465                 0                 0                 0
              4999        0.86499108                 0                 0                 0
              4999        0.88805751                 0                 0                 0
              4999        0.91112394                 0                 0                 0
              4999        0.93419037    8.9364101e-110       0.012310659     0.00042811913
              4999        0.95725679        0.13090636         0.1188994       0.001244397
              4999        0.98032322        0.31157286        0.61031801      0.0025639448
              4999         1.0033897         1.7801425         1.6304889      0.0042511813
              4999         1.0264561         2.8925838         3.1131282      0.0048267702
              4999         1.0495225         4.6031096         4.2698575      0.0056281869
              4999         1.0725889         5.4378424         4.6789052       0.006457647
              4999         1.0956554         3.8683299         4.2757912      0.0058035302
              4999         1.1187218         3.2768408         3.4019325      0.0050690178
              4999         1.1417882         2.5506058         2.3924604      0.0042065538
              4999         1.1648547         1.2702603         1.5106435      0.0032184779
              4999         1.1879211        0.88157281        0.85310789      0.0022293351
              4999         1.2109875        0.32322644        0.44946366       0.001766947
              4999         1.2340539         0.1555119        0.20588404       0.001200918
              4999         1.2571204       0.074875856       0.095313284      0.0008741279
              4999         1.2801868       0.072153775       0.040421153     0.00057389312
              4999         1.3032532       0.069578295       0.020480746     0.00040114528
              4999         1.3263197    5.8984813e-168       0.011953136     0.00027266501
              4999         1.3493861     2.780283e-223       0.027407626     0.00044195596
              4999         1.3724525     4.2043285e-13       0.064993743     0.00057579161
              4999         1.3955189        0.18164255        0.13664057     0.00087053644
              4999         1.4185854        0.35138987        0.24512948      0.0011529656
              4999         1.4416518        0.51013055        0.43552414      0.0013351167
              4999         1.4647182         0.6315505        0.66108064      0.0015732509
              4999         1.4877847        0.63773979        0.88519028      0.0020561281
              4999         1.5108511         1.0566126         0.9856199      0.0020502039
              4999         1.5339175         1.2499184          1.063406      0.0023175237
              4999         1.5569839        0.77565442         1.0267138      0.0021234554
              4999         1.5800504        0.94175895        0.87808969      0.0017687383
              4999         1.6031168        0.70831399        0.69030724      0.0016869624
              4999         1.6261832         0.5773643        0.45151813      0.0012866794
              4999         1.6492497        0.25898696        0.26536855     0.00098819962
              4999         1.6723161        0.12612902        0.15499808     0.00075300191
              4999         1.6953825       0.061030573        0.11001954     0.00075779894
              4999         1.7184489         0.1191754          0.152853     0.00091442744
              4999         1.7415154        0.23220325        0.29562681      0.0012500276
              4999         1.7645818        0.58349065         0.5892588      0.0016117508
              4999         1.7876482         1.2656786         1.0723347      0.0019035519
              4999         1.8107147         1.5547356         1.6986398      0.0023517287
              4999         1.8337811         2.3172313         2.3561119      0.0027106074
              4999         1.8568475         2.9897206         2.8477482      0.0027035452
              4999         1.8799139         3.1150425         3.0058788      0.0033658139
              4999         1.9029804         3.0389936         2.8445209      0.0026381919
              4999         1.9260468          2.257231          2.341368      0.0024671846
              4999         1.9491132         1.4634046         1.6934338       0.001985373
              4999         1.9721797         1.2186127         1.1220114      0.0016741213
              4999         1.9952461        0.49967165        0.66846979      0.0014074626
              4999         2.0183125        0.35909772        0.39324447      0.0011761562
              4999         2.0413789        0.35077398        0.29967314      0.0011453734
              4999         2.0644454        0.39799902        0.35356096      0.0011504661
              4999         2.0875118        0.56352561        0.52915195      0.0011517926
              4999         2.1105782        0.80029009         0.7629707      0.0013932059
              4999         2.1336447        0.79630567        0.96479975        0.00145794
              4999         2.1567111         1.2186259         1.0922871       0.001422332
              4999         2.1797775         1.0333889         1.1205475      0.0017170597
              4999         2.2028439         1.0352268        0.99960603      0.0014166818
              4999         2.2259104        0.73112301        0.82687304      0.0012204815
              4999         2.2489768        0.73927893        0.62325224      0.0011348193
              4999         2.2720432        0.40719461        0.48156324      0.0011131213
              4999         2.2951097        0.39913163        0.45477042      0.0012152974
              4999       0.011533214                 0                 0                 0
              4999       0.034599643                 0                 0                 0
              4999       0.057666072                 0                 0                 0
              4999       0.080732501                 0                 0                 0
              4999        0.10379893                 0                 0                 0
              4999        0.12686536                 0                 0                 0
              4999        0.14993179                 0                 0                 0
              4999        0.17299822                 0                 0                 0
              4999        0.19606464                 0                 0                 0
              4999        0.21913107                 0                 0                 0
              4999         0.2421975                 0                 0                 0
              4999        0.26526393                 0                 0                 0
              4999        0.28833036                 0                 0                 0
              4999        0.31139679                 0                 0                 0
              4999        0.33446322                 0                 0                 0
              4999        0.35752965                 0                 0                 0
              4999        0.38059608                 0                 0                 0
              4999         0.4036625                 0                 0                 0
              4999        0.42672893                 0                 0                 0
              4999        0.44979536                 0                 0                 0
              4999        0.47286179                 0                 0                 0
              4999        0.49592822                 0                 0                 0
              4999        0.51899465                 0                 0                 0
              4999        0.54206108                 0                 0                 0
              4999        0.56512751                 0                 0                 0
              4999        0.58819393                 0                 0                 0
              4999        0.61126036                 0                 0                 0
              4999        0.63432679                 0                 0                 0
              4999        0.65739322                 0                 0                 0
              4999        0.68045965                 0                 0                 0
              4999        0.70352608                 0                 0                 0
              4999        0.72659251                 0                 0                 0
              4999        0.74965894                 0                 0                 0
              4999        0.77272536                 0                 0                 0
              4999        0.79579179                 0                 0                 0
              4999        0.81885822                 0                 0                 0
              4999        0.84192465                 0                 0                 0
              4999        0.86499108                 0                 0                 0
              4999        0.88805751                 0                 0                 0
              4999        0.91112394                 0                 0                 0
              4999        0.93419037       0.068837793       0.025419523     0.00057323997
              4999        0.95725679     2.1183618e-18        0.18648806      0.0014395355
              4999        0.98032322        0.87246086        0.76412594      0.0024679006
              4999         1.0033897         1.1879203         1.7895738      0.0042343264
              4999         1.0264561         3.7978824         3.1265145      0.0052394644
              4999         1.0495225         4.4932633         4.1806505      0.0060404226
              4999         1.0725889         4.1444759         4.4269788      0.0062156509
              4999         1.0956554         4.0653839         4.1018479      0.0057874385
              4999         1.1187218         3.9431737         3.2532541      0.0057448148
              4999         1.1417882          2.188079         2.3692035      0.0045961878
              4999         1.1648547         1.4424046         1.5530248      0.0031125459
              4999         1.1879211         1.0084997        0.94923784      0.0025605005
              4999         1.2109875        0.24242014        0.51421903      0.0021580935
              4999         1.2340539        0.11663392        0.24439709      0.0015029066
              4999         1.2571204        0.11231378        0.11231364     0.00097311159
              4999         1.2801868       0.036077088        0.05790068     0.00069494676
              4999         1.3032532       0.034788974         0.0262503     0.00041784325
              4999         1.3263197    1.3318632e-203       0.030091012     0.00053887972
              4999         1.3493861    4.5686587e-101       0.042781055     0.00052941636
              4999         1.3724525       0.031315975        0.10293731     0.00079804814
              4999         1.3955189       0.090821324        0.17209266     0.00097115861
              4999         1.4185854        0.40996186        0.29232009      0.0012224938
              4999         1.4416518        0.31174314        0.43536596      0.0015291517
              4999         1.4647182        0.79583942        0.61677933      0.0016159011
              4999         1.4877847        0.95677957        0.83147248      0.0018344376
              4999         1.5108511        0.92808515        0.98372304      0.0022230928
              4999         1.5339175        0.89940703         1.0100077      0.0021416641
              4999         1.5569839        0.92143455        0.98647615      0.0020288268
              4999         1.5800504         1.1303367        0.85752812      0.0017643468
              4999         1.6031168         0.7537699        0.65424528      0.0016807761
              4999         1.6261832        0.44436339        0.44947085      0.0014007868
              4999         1.6492497        0.19424396        0.29663541      0.0010223038
              4999         1.6723161        0.14689628        0.20044018     0.00088868428
              4999         1.6953825         0.1224736        0.14234675     0.00077166047
              4999         1.7184489        0.15890053        0.18653079      0.0010296642
              4999         1.7415154        0.15467876        0.36284471      0.0012487102
              4999         1.7645818        0.58366621        0.66361437      0.0016358372
              4999         1.7876482         1.0267455         1.1446165       0.002045286
              4999         1.8107147         1.6263874         1.7384707      0.0022025256
              4999         1.8337811         2.0040877         2.3665361      0.0025911366
              4999         1.8568475         3.4315479         2.7383232      0.0028760457
              4999         1.8799139         2.9327736         2.8359576      0.0033139483
              4999         1.9029804         3.2490439         2.6754087      0.0030403597
              4999         1.9260468         2.3360066         2.2223084       0.002513519
              4999         1.9491132         1.6019357         1.6961701      0.0018789892
              4999         1.9721797         1.0380777         1.1918356      0.0018874164
              4999         1.9952461         0.7054185        0.75119937       0.001671975
              4999         2.0183125        0.27283646        0.46628477      0.0014404956
              4999         2.0413789        0.25272549         0.3658445      0.0012888987
              4999         2.0644454        0.30185889         0.4163221      0.0012863384
              4999         2.0875118        0.55028773        0.57577867      0.0011235284
              4999         2.1105782        0.62968076        0.78090936        0.00134813
              4999         2.1336447         1.0270938        0.92260972      0.0013877222
              4999         2.1567111         1.1686806         1.0426185      0.0014726038
              4999         2.1797775            1.1314         1.0446444      0.0015094422
              4999         2.2028439         1.1198768        0.94624207      0.0013712584
              4999         2.2259104        0.80173021        0.79207469      0.0013043444
              4999         2.2489768        0.58900729        0.63455681      0.0010829219
              4999         2.2720432        0.30549152         0.5382493      0.0012957903
              4999         2.2951097        0.52121076        0.53779319      0.0012490954
              4999       0.011533214                 0                 0                 0
              4999       0.034599643                 0                 0                 0
              4999       0.057666072                 0                 0                 0
              4999       0.080732501                 0                 0                 0
              4999        0.10379893                 0                 0                 0
              4999        0.12686536                 0                 0                 0
              4999        0.14993179                 0                 0                 0
              4999        0.17299822                 0                 0                 0
              4999        0.19606464                 0                 0                 0
              4999        0.21913107                 0                 0                 0
              4999         0.2421975                 0                 0                 0
              4999        0.26526393                 0                 0                 0
              4999        0.28833036                 0                 0                 0
              4999        0.31139679                 0                 0                 0
              4999        0.33446322                 0                 0                 0
              4999        0.35752965                 0                 0                 0
              4999        0.38059608                 0                 0                 0
              4999         0.4036625                 0                 0                 0
              4999        0.42672893                 0                 0                 0
              4999        0.44979536                 0                 0                 0
              4999        0.47286179                 0                 0                 0
              4999        0.49592822                 0                 0                 0
              4999        0.51899465                 0                 0                 0
              4999        0.54206108                 0                 0                 0
              4999        0.56512751                 0                 0                 0
              4999        0.58819393                 0                 0                 0
              4999        0.61126036                 0                 0                 0
              4999        0.63432679                 0                 0                 0
              4999        0.65739322                 0                 0                 0
              4999        0.68045965                 0                 0                 0
              4999        0.70352608                 0                 0                 0
              4999        0.72659251                 0                 0                 0
              4999        0.74965894                 0                 0                 0
              4999        0.77272536                 0                 0                 0
              4999        0.79579179                 0                 0                 0
              4999        0.81885822                 0                 0                 0
              4999        0.84192465                 0                 0                 0
              4999        0.86499108                 0                 0                 0
              4999        0.88805751                 0                 0                 0
              4999        0.91112394                 0     0.00055107308     8.8889871e-05
              4999        0.93419037     1.2922432e-53       0.030226294     0.00062179789
              4999        0.95725679        0.19635954        0.20324531      0.0015003478
              4999        0.98032322        0.49846146        0.76664965      0.0026685034
              4999         1.0033897         1.9601994         1.8268521      0.0044252648
              4999         1.0264561         2.6105096         3.1064793      0.0053092479
              4999         1.0495225         3.7864524         4.0777624      0.0055658957
              4999         1.0725889         4.9227604         4.4588353      0.0064551297
              4999         1.0956554          5.106504         4.0690272      0.0062871448
              4999         1.1187218         3.2283593         3.2941051      0.0048265988
              4999         1.1417882         2.2325838         2.4032442      0.0043364269
              4999         1.1648547         1.6192299         1.5430942       0.003093479
              4999         1.1879211        0.79841328         0.9165074      0.0023159415
              4999         1.2109875        0.32322675        0.52025585      0.0019793263
              4999         1.2340539        0.19438987        0.27007679      0.0013948624
              4999         1.2571204       0.074875856        0.11108571     0.00092719594
              4999         1.2801868       0.072153775       0.051802208      0.0005736162
              4999         1.3032532     2.8898311e-62       0.025825789     0.00037471453
              4999         1.3263197       0.033569509       0.028197201     0.00049950755
              4999         1.3493861       0.097239561       0.049498104     0.00058242755
              4999         1.3724525       0.062632063       0.089149258      0.0007160321
              4999         1.3955189       0.090821224        0.15867842        0.00097334
              4999         1.4185854        0.11712595         0.2759135      0.0012264644
              4999         1.4416518        0.56681103        0.44778021      0.0014217254
              4999         1.4647182        0.87853375        0.65299458      0.0016911111
              4999         1.4877847          1.009958        0.83473326      0.0020056845
              4999         1.5108511        0.72126541        0.97327351      0.0019460271
              4999         1.5339175        0.99999654         1.0126713      0.0022285739
              4999         1.5569839          1.091162        0.97900636      0.0019606502
              4999         1.5800504        0.77673108        0.86504846      0.0017799911
              4999         1.6031168         0.5942869        0.66161644      0.0016191328
              4999         1.6261832        0.51074056        0.45988711      0.0014158463
              4999         1.6492497        0.23741417        0.29970489      0.0011339468
              4999         1.6723161        0.16787697        0.19035688     0.00088045737
              4999         1.6953825        0.10206341          0.142253     0.00076043746
              4999         1.7184489        0.21848631        0.19991289      0.0010106097
              4999         1.7415154        0.34802721        0.34448398       0.001061053
              4999         1.7645818        0.65915192        0.66386657      0.0014866505
              4999         1.7876482         0.9902352         1.1230725      0.0020369857
              4999         1.8107147         1.6445734         1.7200694      0.0022596316
              4999         1.8337811         2.4731222         2.3249303      0.0027291026
              4999         1.8568475         2.8885052         2.7427324      0.0029685541
              4999         1.8799139         2.9323674          2.892718        0.00300472
              4999         1.9029804         2.8131623         2.6937896       0.003166275
              4999         1.9260468         2.0990667         2.2576875      0.0024149979
              4999         1.9491132         1.9102809         1.6942716      0.0019378372
              4999         1.9721797         1.0078779         1.1673981       0.001656658
              4999         1.9952461        0.72032831         0.7462343      0.0017050965
              4999         2.0183125        0.41633225        0.47145784      0.0012817343
              4999         2.0413789        0.36471103        0.35783986      0.0011315377
              4999         2.0644454        0.31557975        0.38181532      0.0010703168
              4999         2.0875118        0.59062901        0.55826556      0.0010933773
              4999         2.1105782        0.72180395        0.75486908      0.0012206082
              4999         2.1336447         1.0014124        0.93707807       0.001437994
              4999         2.1567111         1.1683687         1.0515638      0.0016187299
              4999         2.1797775         1.0702079         1.0819096      0.0016082334
              4999         2.2028439        0.87869739        0.99243815      0.0015017162
              4999         2.2259104        0.73125921        0.81475858      0.0012669089
              4999         2.2489768        0.80850754        0.63820204      0.0010744632
              4999         2.2720432         0.4864603        0.52385627      0.0011407486
              4999         2.2951097        0.41021929        0.49656372      0.0012723862
              4999       0.011533214                 0                 0                 0
              4999       0.034599643                 0                 0                 0
              4999       0.057666072                 0                 0                 0
              4999       0.080732501                 0                 0                 0
              4999        0.10379893                 0                 0                 0
              4999        0.12686536                 0                 0                 0
              4999        0.14993179                 0                 0                 0
              4999        0.17299822                 0                 0                 0
              4999        0.19606464                 0                 0                 0
              4999        0.21913107                 0                 0                 0
              4999         0.2421975                 0                 0                 0
              4999        0.26526393                 0                 0                 0
              4999        0.28833036                 0                 0                 0
              4999        0.31139679                 0                 0                 0
              4999        0.33446322                 0                 0                 0
              4999        0.35752965                 0                 0                 0
              4999        0.38059608                 0                 0                 0
              4999         0.4036625                 0                 0                 0
              4999        0.42672893                 0                 0                 0
              4999        0.44979536                 0                 0                 0
              4999        0.47286179                 0                 0                 0
              4999        0.49592822                 0                 0                 0
              4999        0.51899465                 0                 0                 0
              4999        0.54206108                 0                 0                 0
              4999        0.56512751                 0                 0                 0
              4999        0.58819393                 0                 0                 0
              4999        0.61126036                 0                 0                 0
              4999        0.63432679                 0                 0                 0
              4999        0.65739322                 0                 0                 0
              4999        0.68045965                 0                 0                 0
              4999        0.70352608                 0                 0                 0
              4999        0.72659251                 0                 0                 0
              4999        0.74965894                 0                 0                 0
              4999        0.77272536                 0                 0                 0
              4999        0.79579179                 0                 0                 0
              4999        0.81885822                 0                 0                 0
              4999        0.84192465                 0                 0                 0
              4999        0.86499108                 0                 0                 0
              4999        0.88805751                 0                 0                 0
              4999        0.91112394                 0     0.00092812308     0.00011495042
              4999        0.93419037     1.9415485e-65       0.023547235     0.00052538164
              4999        0.95725679        0.25973854        0.20573344       0.001462792
              4999        0.98032322        0.87616984         0.7568733      0.0028483517
              4999         1.0033897         1.4815356         1.8863641      0.0041970308
              4999         1.0264561          3.004348         3.1621216      0.0050149302
              4999         1.0495225         4.5515867         4.0642257      0.0054069183
              4999         1.0725889         4.5044217         4.4029179      0.0057564903
              4999         1.0956554         4.1173901         4.0935034      0.0060127212
              4999         1.1187218         3.1332694         3.2344124      0.0048829664
              4999         1.1417882         1.9137493         2.3276685       0.004089795
              4999         1.1648547         1.7932462         1.5701121      0.0035559669
              4999         1.1879211        0.84041669        0.94140395      0.0027669017
              4999         1.2109875        0.48487134        0.50659647      0.0018066013
              4999         1.2340539        0.42762918        0.28482165       0.001308061
              4999         1.2571204        0.14975194        0.13243667     0.00097519821
              4999         1.2801868        0.10823066       0.059437602      0.0006448063
              4999         1.3032532                 0       0.026194509     0.00045599064
              4999         1.3263197    7.1185697e-136       0.026599196     0.00043561178
              4999         1.3493861     1.1263097e-95       0.052559151     0.00055470806
              4999         1.3724525         0.1556143       0.096108672     0.00074336451
              4999         1.3955189        0.18254548        0.17395147     0.00094375214
              4999         1.4185854        0.43924485        0.28666081      0.0014034276
              4999         1.4416518        0.59435936        0.43698639       0.001472586
              4999         1.4647182        0.54958929        0.64787969      0.0016405746
              4999         1.4877847        0.61150156        0.83672364       0.001826874
              4999         1.5108511        0.87655152        0.97715461      0.0021595603
              4999         1.5339175        0.92408693         1.0191258      0.0019410894
              4999         1.5569839         1.1157112        0.94936436      0.0019570797
              4999         1.5800504        0.72937645        0.82934413      0.0018360822
              4999         1.6031168        0.75454472        0.65636679      0.0015065174
              4999         1.6261832        0.48853447        0.45997171      0.0012806228
              4999         1.6492497        0.36667478        0.30579646      0.0011548563
              4999         1.6723161        0.18908461        0.20568337     0.00097967982
              4999         1.6953825        0.20412264         0.1710643     0.00090438394
              4999         1.7184489        0.15890053        0.22562834     0.00098765361
              4999         1.7415154        0.48355627        0.40356385      0.0012437955
              4999         1.7645818        0.58349062        0.71677646      0.0014460479
              4999         1.7876482          1.137131         1.1599555      0.0017968771
              4999         1.8107147         1.7870716         1.6832554       0.002031711
              4999         1.8337811         2.5261341         2.2603292      0.0025012298
              4999         1.8568475         2.5143504         2.6718514      0.0030169013
              4999         1.8799139         2.6346501         2.8233919      0.0031629717
              4999         1.9029804         3.0877515         2.6418089      0.0029872134
              4999         1.9260468          1.972952         2.2425075      0.0025219602
              4999         1.9491132         1.5095061         1.7065286      0.0020809243
              4999         1.9721797         1.0982552         1.1863218      0.0017961359
              4999         1.9952461        0.77879153        0.75968683      0.0014176829
              4999         2.0183125        0.58875238        0.48882805      0.0012809165
              4999         2.0413789        0.43517812        0.39924273      0.0012579232
              4999         2.0644454        0.45278833        0.43467024      0.0011523164
              4999         2.0875118        0.48302186        0.57012897      0.0010908432
              4999         2.1105782        0.81349991        0.76157919      0.0012786402
              4999         2.1336447        0.93762349        0.92595945      0.0013854812
              4999         2.1567111         1.0425625         1.0316925      0.0014965969
              4999         2.1797775          1.082507         1.0528396       0.001562321
              4999         2.2028439        0.97516865        0.95122075      0.0014511228
              4999         2.2259104        0.82551988        0.80880971      0.0012812382
              4999         2.2489768        0.55429275        0.66336395       0.001274804
              4999         2.2720432        0.50921844        0.56100273      0.0011515551
              4999         2.2951097          0.587549         0.5444666      0.0011478238
              4999       0.011533214                 0                 0                 0
              4999       0.034599643                 0                 0                 0
              4999       0.057666072                 0                 0                 0
              4999       0.080732501                 0                 0                 0
              4999        0.10379893                 0                 0                 0
              4999        0.12686536                 0                 0                 0
              4999        0.14993179                 0                 0                 0
              4999        0.17299822                 0                 0                 0
              4999        0.19606464                 0                 0                 0
              4999        0.21913107                 0                 0                 0
              4999         0.2421975                 0                 0                 0
              4999        0.26526393                 0                 0                 0
              4999        0.28833036                 0                 0                 0
              4999        0.31139679                 0                 0                 0
              4999        0.33446322                 0                 0                 0
              4999        0.35752965                 0                 0                 0
              4999        0.38059608                 0                 0                 0
              4999         0.4036625                 0                 0                 0
              4999        0.42672893                 0                 0                 0
              4999        0.44979536                 0                 0                 0
              4999        0.47286179                 0                 0                 0
              4999        0.49592822                 0                 0                 0
              4999        0.51899465                 0                 0                 0
              4999        0.54206108                 0                 0                 0
              4999        0.56512751                 0                 0                 0
              4999        0.58819393                 0                 0                 0
              4999        0.61126036                 0                 0                 0
              4999        0.63432679                 0                 0                 0
              4999        0.65739322                 0                 0                 0
              4999        0.68045965                 0                 0                 0
              4999        0.70352608                 0                 0                 0
              4999        0.72659251                 0                 0                 0
              4999        0.74965894                 0                 0                 0
              4999        0.77272536                 0                 0                 0
              4999        0.79579179                 0                 0                 0
              4999        0.81885822                 0                 0                 0
              4999        0.84192465                 0                 0                 0
              4999        0.86499108                 0                 0                 0
              4999        0.88805751                 0                 0                 0
              4999        0.91112394                 0         0.0015082     0.00014609285
              4999        0.93419037     1.368606e-155       0.031960896     0.00063297179
              4999        0.95725679        0.13090636        0.22312337        0.00176457
              4999        0.98032322        0.93466175        0.82306499      0.0030922843
              4999         1.0033897         1.7802907         1.9354448      0.0040009127
              4999         1.0264561         3.2356842         3.2097486      0.0050296241
              4999         1.0495225         4.2766124         4.0551302       0.005389121
              4999         1.0725889         4.2973292          4.305398      0.0060840703
              4999         1.0956554         3.9674842         3.9039425      0.0054862917
              4999         1.1187218         3.2293604         3.2037635      0.0050578799
              4999         1.1417882         2.1435763         2.3349308      0.0040539604
              4999         1.1648547         1.6164013         1.5989682      0.0029822246
              4999         1.1879211        0.88245532        0.95492914      0.0024669364
              4999         1.2109875        0.52442706        0.55214074      0.0019593514
              4999         1.2340539        0.27288743        0.28693868      0.0015100238
              4999         1.2571204        0.26206526        0.14253929      0.0011079621
              4999         1.2801868       0.036076888       0.071518949     0.00069666659
              4999         1.3032532       0.069578295       0.039263685     0.00048773788
              4999         1.3263197       0.033569509       0.038444664     0.00052570575
              4999         1.3493861     9.9414986e-60        0.05305162     0.00064925339
              4999         1.3724525       0.093947925       0.099316745     0.00074146717
              4999         1.3955189        0.27246397        0.18682627     0.00096645593
              4999         1.4185854         0.2928299         0.3056354      0.0013493032
              4999         1.4416518        0.45383491        0.44915342      0.0015210194
              4999         1.4647182        0.71314026        0.63849608      0.0017725995
              4999         1.4877847        0.66468019        0.82625052      0.0017919857
              4999         1.5108511         1.0566043        0.93869633      0.0020670913
              4999         1.5339175         1.1240359        0.98403904      0.0022697091
              4999         1.5569839        0.87322846        0.94087173      0.0020668576
              4999         1.5800504        0.75373821        0.82805863      0.0016788692
              4999         1.6031168        0.45714155        0.66384359      0.0014710265
              4999         1.6261832         0.6881456        0.46369361      0.0012725558
              4999         1.6492497        0.30215722        0.32901587      0.0010714957
              4999         1.6723161        0.10492593        0.21175372     0.00097337119
              4999         1.6953825        0.16330021        0.17944746     0.00084653105
              4999         1.7184489        0.29793659        0.24643624      0.0010393239
              4999         1.7415154        0.50270418        0.42156842      0.0012136927
              4999         1.7645818        0.75294372        0.73595414      0.0016479713
              4999         1.7876482         1.2841875         1.1923408      0.0018815664
              4999         1.8107147         1.6801542         1.7398404      0.0022562232
              4999         1.8337811         2.3516271         2.2774096      0.0025311479
              4999         1.8568475         2.5484631          2.595815      0.0026539383
              4999         1.8799139         2.6680581           2.72174      0.0029858505
              4999         1.9029804         2.6346745         2.5810819      0.0030423388
              4999         1.9260468         2.0989403          2.199884      0.0021880951
              4999         1.9491132         1.5249135         1.6823919      0.0021065102
              4999         1.9721797         1.1432749          1.211036       0.002076694
              4999         1.9952461        0.92618237        0.80485435      0.0016010147
              4999         2.0183125        0.50238875        0.53040546      0.0012138413
              4999         2.0413789        0.57542904        0.42457222      0.0010331202
              4999         2.0644454        0.35683517        0.45069696      0.0010993888
              4999         2.0875118        0.69761089        0.57643324      0.0011511058
              4999         2.1105782        0.82670749         0.7586338      0.0012154607
              4999         2.1336447        0.88601961        0.93660809       0.001311823
              4999         2.1567111         1.0554426         1.0231089      0.0014628542
              4999         2.1797775        0.95944441          1.051767      0.0015782251
              4999         2.2028439        0.99932206        0.94262682       0.001435659
              4999         2.2259104        0.68395711        0.77240569      0.0011566385
              4999         2.2489768         0.6351376         0.6440195      0.0011337616
              4999         2.2720432        0.45264509         0.5744313      0.0012916743
              4999         2.2951097        0.50994007        0.56965044      0.0011961306
              4999       0.011533214                 0                 0                 0
              4999       0.034599643                 0                 0                 0
              4999       0.057666072                 0                 0                 0
              4999       0.080732501                 0                 0                 0
              4999        0.10379893                 0                 0                 0
              4999        0.12686536                 0                 0                 0
              4999        0.14993179                 0                 0                 0
              4999        0.17299822                 0                 0                 0
              4999        0.19606464                 0                 0                 0
              4999        0.21913107                 0                 0                 0
              4999         0.2421975                 0                 0                 0
              4999        0.26526393                 0                 0                 0
              4999        0.28833036                 0                 0                 0
              4999        0.31139679                 0                 0                 0
              4999        0.33446322                 0                 0                 0
              4999        0.35752965                 0                 0                 0
              4999        0.38059608                 0                 0                 0
              4999         0.4036625                 0                 0                 0
              4999        0.42672893                 0                 0                 0
              4999        0.44979536                 0                 0                 0
              4999        0.47286179                 0                 0                 0
              4999        0.49592822                 0                 0                 0
              4999        0.51899465                 0                 0                 0
              4999        0.54206108                 0                 0                 0
              4999        0.56512751                 0                 0                 0
              4999        0.58819393                 0                 0                 0
              4999        0.61126036                 0                 0                 0
              4999        0.63432679                 0                 0                 0
              4999        0.65739322                 0                 0                 0
              4999        0.68045965                 0                 0                 0
              4999        0.70352608                 0                 0                 0
              4999        0.72659251                 0                 0                 0
              4999        0.74965894                 0                 0                 0
              4999        0.77272536                 0                 0                 0
              4999        0.79579179                 0                 0                 0
              4999        0.81885822                 0                 0                 0
              4999        0.84192465                 0                 0                 0
              4999        0.86499108                 0                 0                 0
              4999        0.88805751                 0                 0                 0
              4999        0.91112394                 0      0.0030018981     0.00020395607
              4999        0.93419037        0.06876158       0.041888802     0.00079233561
              4999        0.95725679        0.19435109        0.25546123      0.0018319972
              4999        0.98032322        0.87428513        0.88080665      0.0030671403
              4999         1.0033897          1.485013         2.0184092      0.0045279667
              4999         1.0264561         3.5695415         3.1642426      0.0052357467
              4999         1.0495225         4.2254232         4.0263363      0.0060049988
              4999         1.0725889         3.2627153         4.2080082      0.0060140384
              4999         1.0956554         4.1657708         3.8662434      0.0055757431
              4999         1.1187218         3.4680479         3.1498126      0.0055424312
              4999         1.1417882          2.914057         2.3610861      0.0043755331
              4999         1.1648547          1.181867         1.5831779      0.0035185461
              4999         1.1879211        0.96646178        0.96209931      0.0024960458
              4999         1.2109875        0.56566179        0.55219715      0.0019174631
              4999         1.2340539        0.38876588        0.30320728      0.0015657484
              4999         1.2571204        0.18718964        0.17485538      0.0011725016
              4999         1.2801868       0.036076888       0.082452176     0.00070874507
              4999         1.3032532       0.069578295       0.047141761     0.00061901724
              4999         1.3263197     3.0557563e-18       0.042359876     0.00060092386
              4999         1.3493861        0.12965292       0.063607059      0.0006127406
              4999         1.3724525        0.21921182        0.11056084     0.00088395692
              4999         1.3955189       0.090821324        0.19150835      0.0010692813
              4999         1.4185854        0.26355301        0.31562841      0.0013201922
              4999         1.4416518        0.51011949        0.47757243       0.001534479
              4999         1.4647182        0.65862155        0.63366582      0.0016141949
              4999         1.4877847        0.79761067        0.79521705      0.0019834803
              4999         1.5108511        0.85110004        0.90004353       0.002028689
              4999         1.5339175         1.0234426        0.96954641      0.0022555857
              4999         1.5569839        0.82531284        0.92554809      0.0021532173
              4999         1.5800504        0.82380542        0.80622099      0.0016882743
              4999         1.6031168        0.73116831        0.66876658      0.0016362088
              4999         1.6261832        0.44412216         0.4918399      0.0012828245
              4999         1.6492497         0.2592223        0.34179541      0.0012162266
              4999         1.6723161        0.27258955        0.22865791     0.00096349361
              4999         1.6953825        0.22453493        0.18465759     0.00092452464
              4999         1.7184489        0.17895844        0.24443817      0.0011422468
              4999         1.7415154        0.56052357        0.43631601      0.0014735638
              4999         1.7645818         0.5836695        0.75953211      0.0016403077
              4999         1.7876482         1.3200358         1.2354393      0.0019427605
              4999         1.8107147         1.6804736         1.7401728      0.0020960325
              4999         1.8337811         2.5090134         2.2474623      0.0023924626
              4999         1.8568475         2.4459721         2.5871562      0.0031294539
              4999         1.8799139         2.7174951          2.681208      0.0030490467
              4999         1.9029804         2.6190203         2.5502339      0.0030635047
              4999         1.9260468          2.193376         2.1965759      0.0025910429
              4999         1.9491132         1.3246389         1.6823892      0.0021386625
              4999         1.9721797         1.2490355         1.1828006      0.0015923531
              4999         1.9952461        0.85238052        0.80922607      0.0017462514
              4999         2.0183125        0.66044981        0.55778909      0.0016000767
              4999         2.0413789        0.53352003         0.4517354      0.0012408091
              4999         2.0644454        0.38409119         0.4736756      0.0011242985
              4999         2.0875118        0.64394053        0.60553345      0.0012504654
              4999         2.1105782        0.72197561        0.76044015      0.0012438828
              4999         2.1336447        0.83433277        0.90920273      0.0013841881
              4999         2.1567111         1.1057012         1.0059746      0.0015212516
              4999         2.1797775        0.98411688          1.002191      0.0015831755
              4999         2.2028439          1.059599        0.92764244      0.0014013616
              4999         2.2259104         0.8488953        0.79856104      0.0011626165
              4999         2.2489768        0.68133309        0.66135367      0.0012305033
              4999         2.2720432        0.36219252        0.57413256      0.0012995477
              4999         2.2951097        0.66509714        0.57659867      0.0014148086
              4999       0.011533214                 0                 0                 0
              4999       0.034599643                 0                 0                 0
              4999       0.057666072                 0                 0                 0
              4999       0.080732501                 0                 0                 0
              4999        0.10379893                 0                 0                 0
              4999        0.12686536                 0                 0                 0
              4999        0.14993179                 0                 0                 0
              4999        0.17299822                 0                 0                 0
              4999        0.19606464                 0                 0                 0
              4999        0.21913107                 0                 0                 0
              4999         0.2421975                 0                 0                 0
              4999        0.26526393                 0                 0                 0
              4999        0.28833036                 0                 0                 0
              4999        0.31139679                 0                 0                 0
              4999        0.33446322                 0                 0                 0
              4999        0.35752965                 0                 0                 0
              4999        0.38059608                 0                 0                 0
              4999         0.4036625                 0                 0                 0
              4999        0.42672893                 0                 0                 0
              4999        0.44979536                 0                 0                 0
              4999        0.47286179                 0                 0                 0
              4999        0.49592822                 0                 0                 0
              4999        0.51899465                 0                 0                 0
              4999        0.54206108                 0                 0                 0
              4999        0.56512751                 0                 0                 0
              4999        0.58819393                 0                 0                 0
              4999        0.61126036                 0                 0                 0
              4999        0.63432679                 0                 0                 0
              4999        0.65739322                 0                 0                 0
              4999        0.68045965                 0                 0                 0
              4999        0.70352608                 0                 0                 0
              4999        0.72659251                 0                 0                 0
              4999        0.74965894                 0                 0                 0
              4999        0.77272536                 0                 0                 0
              4999        0.79579179                 0                 0                 0
              4999        0.81885822                 0                 0                 0
              4999        0.84192465                 0                 0                 0
              4999        0.86499108                 0                 0                 0
              4999        0.88805751                 0                 0                 0
              4999        0.91112394                 0      0.0037269942      0.0002261357
              4999        0.93419037       0.068837793       0.036202136      0.0007352012
              4999        0.95725679        0.19635954        0.26948533      0.0018036734
              4999        0.98032322        0.99697976        0.88134076      0.0033600399
              4999         1.0033897         2.1384936         1.9718493      0.0040798657
              4999         1.0264561         2.7176721         3.1652241      0.0053481043
              4999         1.0495225         3.6838889         3.9751327      0.0063792897
              4999         1.0725889         4.9718381         4.2817363      0.0051947438
              4999         1.0956554         3.9673985         3.8281028      0.0057603823
              4999         1.1187218         3.3255026          3.157949      0.0054798709
              4999         1.1417882         1.7800557         2.3723243      0.0042926281
              4999         1.1648547         1.4842711         1.5658153       0.003159358
              4999         1.1879211         1.3446671        0.98088497      0.0027146481
              4999         1.2109875        0.52524296        0.57970146      0.0021821643
              4999         1.2340539        0.38877974        0.30807623      0.0015290601
              4999         1.2571204       0.037437932        0.16468549       0.001068056
              4999         1.2801868       0.072153775        0.07842506     0.00080259879
              4999         1.3032532     5.0823626e-11       0.043022144     0.00051555135
              4999         1.3263197        0.10070853       0.040129965     0.00053470304
              4999         1.3493861        0.03241323       0.060164814     0.00062021643
              4999         1.3724525        0.06263195           0.09735      0.0007774891
              4999         1.3955189       0.091272742        0.19712784      0.0011641113
              4999         1.4185854        0.17485892        0.31537654      0.0013334727
              4999         1.4416518        0.48217518        0.48328155      0.0013920371
              4999         1.4647182        0.57629385        0.61595114      0.0016579564
              4999         1.4877847         1.0634764        0.80498133      0.0018041684
              4999         1.5108511         0.9277574        0.91209041      0.0022720034
              4999         1.5339175         1.0746761        0.98487944      0.0021928436
              4999         1.5569839        0.87380592        0.93453612      0.0019220055
              4999         1.5800504        0.77590334        0.82241328      0.0018988221
              4999         1.6031168        0.86831064        0.66458321      0.0016604338
              4999         1.6261832        0.39995388        0.47724718      0.0014292946
              4999         1.6492497        0.23694841        0.32984468      0.0010713416
              4999         1.6723161        0.27324323        0.22951476      0.0010246048
              4999         1.6953825        0.10205925        0.19975381     0.00097066496
              4999         1.7184489        0.15890245        0.26223836      0.0012665107
              4999         1.7415154        0.36736205        0.42480222      0.0013873141
              4999         1.7645818        0.62149769        0.73587533      0.0015630078
              4999         1.7876482         1.2651816         1.1702912      0.0021371104
              4999         1.8107147         1.9662698         1.7100976      0.0022263322
              4999         1.8337811         2.2122461         2.2411866      0.0025583322
              4999         1.8568475         2.5653176         2.6437097      0.0031371954
              4999         1.8799139         2.9493414         2.7498481      0.0034230773
              4999         1.9029804         2.4250099         2.5596908       0.002865794
              4999         1.9260468         2.3356351          2.186115       0.002580655
              4999         1.9491132         1.5249135         1.7000068      0.0020076728
              4999         1.9721797         1.5045687          1.189611      0.0018920963
              4999         1.9952461        0.63204391        0.78423485      0.0014421801
              4999         2.0183125        0.54567367        0.53577434      0.0015623693
              4999         2.0413789        0.36490664        0.43612281      0.0013797008
              4999         2.0644454        0.45278833        0.45733631      0.0011814089
              4999         2.0875118        0.61728537        0.61086381      0.0012571701
              4999         2.1105782        0.73484265        0.77893229      0.0012965983
              4999         2.1336447        0.84758038        0.91873943      0.0014679295
              4999         2.1567111         1.1180312        0.99417638      0.0015411747
              4999         2.1797775         1.0454607         1.0124032      0.0016168744
              4999         2.2028439        0.73449449         0.9414325      0.0012892985
              4999         2.2259104        0.82552029        0.81833196       0.001272943
              4999         2.2489768        0.63507092        0.65511135      0.0011426178
              4999         2.2720432        0.46383196        0.58103106        0.00126377
              4999         2.2951097        0.53223697        0.58276908       0.001477499
              4999       0.011533214                 0                 0                 0
              4999       0.034599643                 0                 0                 0
              4999       0.057666072                 0                 0                 0
              4999       0.080732501                 0                 0                 0
              4999        0.10379893                 0                 0                 0
              4999        0.12686536                 0                 0                 0
              4999        0.14993179                 0                 0                 0
              4999        0.17299822                 0                 0                 0
              4999        0.19606464                 0                 0                 0
              4999        0.21913107                 0                 0                 0
              4999         0.2421975                 0                 0                 0
              4999        0.26526393                 0                 0                 0
              4999        0.28833036                 0                 0                 0
              4999        0.31139679                 0                 0                 0
              4999        0.33446322                 0                 0                 0
              4999        0.35752965                 0                 0                 0
              4999        0.38059608                 0                 0                 0
              4999         0.4036625                 0                 0                 0
              4999        0.42672893                 0                 0                 0
              4999        0.44979536                 0                 0                 0
              4999        0.47286179                 0                 0                 0
              4999        0.49592822                 0                 0                 0
              4999        0.51899465                 0                 0                 0
              4999        0.54206108                 0                 0                 0
              4999        0.56512751                 0                 0                 0
              4999        0.58819393                 0                 0                 0
              4999        0.61126036                 0                 0                 0
              4999        0.63432679                 0                 0                 0
              4999        0.65739322                 0                 0                 0
              4999        0.68045965                 0                 0                 0
              4999        0.70352608                 0                 0                 0
              4999        0.72659251                 0                 0                 0
              4999        0.74965894                 0                 0                 0
              4999        0.77272536                 0                 0                 0
              4999        0.79579179                 0                 0                 0
              4999        0.81885822                 0                 0                 0
              4999        0.84192465                 0                 0                 0
              4999        0.86499108                 0                 0                 0
              4999        0.88805751                 0       0.000168236     5.0498726e-05
              4999        0.91112394                 0      0.0047856346     0.00026557733
              4999        0.93419037        0.13767559       0.045028433     0.00074342374
              4999        0.95725679        0.06545318        0.25983646      0.0017844414
              4999        0.98032322        0.43620373        0.89172908      0.0030469171
              4999         1.0033897         2.2571409         1.9923612      0.0042260078
              4999         1.0264561         2.8358135         3.1324831      0.0052552881
              4999         1.0495225         4.4375664         4.0316614      0.0059030096
              4999         1.0725889          4.714264         4.2278339      0.0059267471
              4999         1.0956554         3.5188814          3.904429      0.0053221588
              4999         1.1187218         3.4690973         3.1611505      0.0053464843
              4999         1.1417882         2.3227654         2.3103736      0.0041956659
              4999         1.1648547         1.4024302         1.5706915      0.0034091116
              4999         1.1879211         1.3429373        0.99050248      0.0029642121
              4999         1.2109875        0.36362974        0.58011447      0.0021943237
              4999         1.2340539         0.1555119        0.29690885      0.0014221481
              4999         1.2571204          0.187177        0.16045305      0.0010400789
              4999         1.2801868       0.036088214        0.08026561     0.00073523601
              4999         1.3032532     1.3163153e-97       0.034837862     0.00055232821
              4999         1.3263197     1.5338405e-48       0.029231794     0.00045425154
              4999         1.3493861     8.5053933e-15       0.046327875     0.00065240238
              4999         1.3724525        0.06263195       0.092820321     0.00076528702
              4999         1.3955189        0.15136887        0.14958227     0.00087192834
              4999         1.4185854         0.2928299        0.27503356      0.0012871951
              4999         1.4416518        0.45344439        0.45504891      0.0014867175
              4999         1.4647182        0.90560466        0.63973094      0.0016934278
              4999         1.4877847         0.9305414        0.83202686      0.0019107943
              4999         1.5108511        0.48998598        0.98347639      0.0022496079
              4999         1.5339175        0.92378609         1.0324895      0.0020416399
              4999         1.5569839         1.3342326        0.98623782      0.0021233224
              4999         1.5800504          0.730201        0.85360194      0.0018944457
              4999         1.6031168        0.79948121        0.64408571      0.0015457594
              4999         1.6261832        0.55515278        0.46093091      0.0014300887
              4999         1.6492497        0.19424393        0.30004615      0.0011744086
              4999         1.6723161        0.20985187        0.19826161     0.00091745869
              4999         1.6953825       0.061236799        0.17173429     0.00096495794
              4999         1.7184489        0.15890053        0.22533809     0.00098758212
              4999         1.7415154        0.36736205         0.4107891      0.0014083525
              4999         1.7645818         0.7722952        0.74406318      0.0017158647
              4999         1.7876482         1.4117366         1.1761977      0.0021756193
              4999         1.8107147         1.4296321         1.7347285      0.0020917398
              4999         1.8337811         2.2999549         2.2710073      0.0026403347
              4999         1.8568475         2.6162775         2.6609389      0.0028864823
              4999         1.8799139         2.8830599          2.763926      0.0030180617
              4999         1.9029804         2.7162894          2.592698      0.0029331409
              4999         1.9260468          2.130131         2.1582178           0.00246
              4999         1.9491132         1.8948807         1.6616145      0.0020055178
              4999         1.9721797         1.2636316         1.2051377      0.0017452197
              4999         1.9952461         0.7348109        0.80644772      0.0015443225
              4999         2.0183125        0.35909773        0.54092205        0.00126985
              4999         2.0413789        0.32280136        0.43193939      0.0012096367
              4999         2.0644454         0.3704619        0.46742605      0.0011054099
              4999         2.0875118        0.56370682        0.57609275      0.0011082435
              4999         2.1105782        0.77421489        0.75442546      0.0011903364
              4999         2.1336447        0.98848817        0.92537597      0.0012611927
              4999         2.1567111         1.1185018          1.008742      0.0015185416
              4999         2.1797775         1.0822059         1.0091484       0.001439625
              4999         2.2028439        0.98742572        0.90495031      0.0014200256
              4999         2.2259104         0.7544956        0.78733612      0.0012783975
              4999         2.2489768         0.5543606        0.66001619       0.001053003
              4999         2.2720432        0.45270838        0.55713015      0.0012246308
              4999         2.2951097        0.49873084         0.5617726      0.0011922624
