  1	344.6914	0.0000
  2	343.9114	0.5515
  3	343.1096	0.7508
  4	342.1224	1.0237
  5	341.0665	1.2501
  6	340.1482	1.3371
  7	339.4924	1.2970
  8	339.0005	1.2246
  9	338.6179	1.1468
 10	338.2712	1.0832
 11	337.9876	1.0212
 12	337.7512	0.9631
 13	337.5512	0.9095
 14	337.2371	0.8972
 15	336.9648	0.8777
 16	336.7336	0.8527
 17	336.5297	0.8266
 18	336.3831	0.7936
 19	336.2519	0.7626
 20	336.1363	0.7332
 21	335.9209	0.7292
 22	335.7251	0.7219
 23	335.5463	0.7123
 24	335.2755	0.7323
 25	334.8850	0.8004
 26	334.5282	0.8454
 27	334.1978	0.8762
 28	333.8911	0.8970
 29	333.5947	0.9137
 30	333.3262	0.9219
 31	333.0113	0.9444
 32	332.7600	0.9477
 33	332.5207	0.9487
 34	332.3115	0.9436
 35	332.1112	0.9377
 36	331.8750	0.9409
 37	331.5896	0.9578
 38	331.2909	0.9780
 39	330.9511	1.0103
 40	330.6272	1.0356
 41	330.2899	1.0639
 42	329.9306	1.0976
 43	329.5344	1.1413
 44	329.1562	1.1764
 45	328.7635	1.2140
 46	328.3879	1.2443
 47	328.0435	1.2647
 48	327.7133	1.2807
 49	327.3568	1.3032
 50	327.0145	1.3214
 51	326.6856	1.3357
 52	326.3694	1.3470
 53	326.0499	1.3589
 54	325.7364	1.3694
 55	325.4342	1.3775
 56	325.0862	1.3962
 57	324.7503	1.4115
 58	324.4596	1.4168
 59	324.1127	1.4346
 60	323.7591	1.4536
 61	323.3416	1.4885
 62	322.9307	1.5202
 63	322.5323	1.5474
 64	322.1284	1.5750
 65	321.7318	1.5999
 66	321.3318	1.6249
 67	320.9290	1.6499
 68	320.5082	1.6784
 69	320.0600	1.7129
 70	319.5938	1.7507
 71	319.1151	1.7903
 72	318.6528	1.8241
 73	318.1766	1.8603
 74	317.7132	1.8920
 75	317.2353	1.9262
 76	316.7736	1.9553
 77	316.3240	1.9810
 78	315.8858	2.0035
 79	315.4791	2.0190
 80	315.0825	2.0323
 81	314.6928	2.0442
 82	314.2988	2.0569
 83	313.9144	2.0677
 84	313.5265	2.0792
 85	313.1111	2.0958
 86	312.6866	2.1140
 87	312.2579	2.1327
 88	311.8502	2.1471
 89	311.4438	2.1611
 90	311.0433	2.1739
 91	310.6442	2.1863
 92	310.2538	2.1971
 93	309.8701	2.2068
 94	309.4530	2.2224
 95	309.0446	2.2362
 96	308.6447	2.2484
 97	308.2531	2.2590
 98	307.8695	2.2683
 99	307.4899	2.2769
100	307.1094	2.2857
  1	267.9099	0.0000
  2	267.2464	0.4692
  3	266.5023	0.6834
  4	265.5878	0.9433
  5	264.6186	1.1493
  6	263.8290	1.1987
  7	263.2650	1.1525
  8	262.8420	1.0833
  9	262.5131	1.0117
 10	262.2221	0.9514
 11	261.9841	0.8942
 12	261.7857	0.8414
 13	261.6178	0.7932
 14	261.3203	0.7904
 15	261.0624	0.7787
 16	260.8450	0.7598
 17	260.6531	0.7389
 18	260.4861	0.7165
 19	260.3368	0.6941
 20	260.2175	0.6696
 21	260.0084	0.6696
 22	259.8184	0.6656
 23	259.6448	0.6589
 24	259.3894	0.6791
 25	259.0255	0.7431
 26	258.6897	0.7867
 27	258.3787	0.8167
 28	258.0900	0.8371
 29	257.8177	0.8513
 30	257.5737	0.8572
 31	257.2917	0.8747
 32	257.0774	0.8732
 33	256.8755	0.8698
 34	256.7059	0.8606
 35	256.5460	0.8507
 36	256.3613	0.8469
 37	256.1227	0.8570
 38	255.8654	0.8722
 39	255.5634	0.9006
 40	255.2768	0.9226
 41	254.9856	0.9449
 42	254.6733	0.9726
 43	254.3156	1.0137
 44	253.9741	1.0466
 45	253.6121	1.0841
 46	253.2657	1.1145
 47	252.9468	1.1355
 48	252.6412	1.1522
 49	252.3169	1.1735
 50	252.0056	1.1906
 51	251.7065	1.2042
 52	251.4190	1.2149
 53	251.1255	1.2269
 54	250.8461	1.2356
 55	250.5768	1.2421
 56	250.2559	1.2607
 57	249.9464	1.2760
 58	249.6753	1.2825
 59	249.3498	1.3014
 60	249.0192	1.3210
 61	248.6396	1.3528
 62	248.2653	1.3818
 63	247.9002	1.4073
 64	247.5330	1.4324
 65	247.1671	1.4564
 66	246.7990	1.4801
 67	246.4225	1.5051
 68	246.0388	1.5311
 69	245.6310	1.5623
 70	245.2095	1.5958
 71	244.7748	1.6315
 72	244.3568	1.6615
 73	243.9313	1.6923
 74	243.5173	1.7194
 75	243.0922	1.7482
 76	242.6925	1.7703
 77	242.3032	1.7896
 78	241.9239	1.8064
 79	241.5710	1.8177
 80	241.2268	1.8273
 81	240.8881	1.8358
 82	240.5399	1.8462
 83	240.2001	1.8549
 84	239.8560	1.8645
 85	239.4816	1.8798
 86	239.0999	1.8963
 87	238.7146	1.9132
 88	238.3441	1.9270
 89	237.9800	1.9395
 90	237.6203	1.9510
 91	237.2536	1.9637
 92	236.8950	1.9748
 93	236.5371	1.9858
 94	236.1454	2.0029
 95	235.7620	2.0182
 96	235.3866	2.0318
 97	235.0189	2.0438
 98	234.6588	2.0544
 99	234.3056	2.0638
100	233.9559	2.0726
  1	198.1470	0.0000
  2	197.7212	0.3011
  3	197.1137	0.5351
  4	196.3426	0.7791
  5	195.5388	0.9515
  6	194.9839	0.9409
  7	194.5875	0.8861
  8	194.2902	0.8237
  9	194.0590	0.7639
 10	193.8640	0.7120
 11	193.7044	0.6649
 12	193.5715	0.6226
 13	193.4590	0.5848
 14	193.1951	0.5996
 15	192.9665	0.6017
 16	192.7753	0.5936
 17	192.6251	0.5774
 18	192.4457	0.5725
 19	192.2852	0.5645
 20	192.1794	0.5461
 21	192.0012	0.5484
 22	191.8392	0.5468
 23	191.6912	0.5427
 24	191.4795	0.5599
 25	191.1815	0.6117
 26	190.9064	0.6471
 27	190.6516	0.6714
 28	190.4151	0.6878
 29	190.2037	0.6958
 30	190.0197	0.6965
 31	189.8130	0.7041
 32	189.6192	0.7082
 33	189.4411	0.7088
 34	189.3001	0.7018
 35	189.1672	0.6943
 36	189.0321	0.6880
 37	188.8401	0.6957
 38	188.6232	0.7104
 39	188.3598	0.7394
 40	188.1123	0.7612
 41	187.8781	0.7778
 42	187.6266	0.7989
 43	187.3193	0.8374
 44	187.0259	0.8682
 45	186.7042	0.9066
 46	186.3964	0.9376
 47	186.1102	0.9604
 48	185.8359	0.9788
 49	185.5584	0.9974
 50	185.2840	1.0144
 51	185.0204	1.0282
 52	184.7670	1.0392
 53	184.5033	1.0525
 54	184.2495	1.0632
 55	184.0048	1.0717
 56	183.7040	1.0939
 57	183.4138	1.1126
 58	183.1518	1.1238
 59	182.8409	1.1470
 60	182.5276	1.1699
 61	182.1945	1.1972
 62	181.8669	1.2219
 63	181.5437	1.2445
 64	181.2235	1.2655
 65	180.8955	1.2879
 66	180.5665	1.3097
 67	180.2221	1.3347
 68	179.8885	1.3561
 69	179.5395	1.3806
 70	179.1863	1.4054
 71	178.8208	1.4323
 72	178.4721	1.4542
 73	178.1279	1.4745
 74	177.7931	1.4921
 75	177.4548	1.5101
 76	177.1254	1.5257
 77	176.8045	1.5393
 78	176.4919	1.5509
 79	176.1969	1.5591
 80	175.9092	1.5659
 81	175.6245	1.5723
 82	175.3241	1.5815
 83	175.0311	1.5894
 84	174.7335	1.5981
 85	174.4047	1.6128
 86	174.0724	1.6279
 87	173.7385	1.6431
 88	173.4092	1.6570
 89	173.0940	1.6681
 90	172.7813	1.6787
 91	172.4511	1.6924
 92	172.1281	1.7045
 93	171.7972	1.7180
 94	171.4356	1.7374
 95	171.0815	1.7548
 96	170.7348	1.7704
 97	170.3953	1.7844
 98	170.0627	1.7970
 99	169.7368	1.8081
100	169.4216	1.8173
  1	137.6387	0.0000
  2	137.5714	0.0476
  3	137.1998	0.3050
  4	136.7155	0.4778
  5	136.2408	0.5713
  6	136.0886	0.4959
  7	136.0164	0.4303
  8	135.9623	0.3799
  9	135.9202	0.3400
 10	135.9087	0.3062
 11	135.8994	0.2785
 12	135.8916	0.2554
 13	135.8849	0.2359
 14	135.7112	0.2756
 15	135.5607	0.2955
 16	135.4392	0.3010
 17	135.3328	0.3015
 18	135.1234	0.3500
 19	134.9360	0.3785
 20	134.8301	0.3740
 21	134.6882	0.3822
 22	134.5591	0.3860
 23	134.4419	0.3866
 24	134.2941	0.3978
 25	134.0993	0.4269
 26	133.9195	0.4467
 27	133.7530	0.4602
 28	133.5984	0.4690
 29	133.4544	0.4744
 30	133.3365	0.4730
 31	133.2206	0.4717
 32	133.1120	0.4693
 33	133.0200	0.4640
 34	132.9664	0.4535
 35	132.9158	0.4433
 36	132.8680	0.4336
 37	132.7648	0.4340
 38	132.6280	0.4436
 39	132.4452	0.4684
 40	132.2790	0.4853
 41	132.1475	0.4909
 42	132.0039	0.4998
 43	131.7954	0.5299
 44	131.5963	0.5540
 45	131.3626	0.5889
 46	131.1391	0.6171
 47	130.9299	0.6384
 48	130.7405	0.6526
 49	130.5643	0.6626
 50	130.3753	0.6758
 51	130.1937	0.6865
 52	130.0191	0.6951
 53	129.8284	0.7077
 54	129.6447	0.7181
 55	129.4677	0.7265
 56	129.2335	0.7503
 57	129.0075	0.7704
 58	128.7936	0.7863
 59	128.5409	0.8126
 60	128.2888	0.8372
 61	128.0602	0.8541
 62	127.8376	0.8689
 63	127.6126	0.8837
 64	127.3955	0.8962
 65	127.1581	0.9133
 66	126.9204	0.9299
 67	126.6595	0.9519
 68	126.4329	0.9645
 69	126.2052	0.9770
 70	125.9876	0.9870
 71	125.7613	0.9987
 72	125.5414	1.0088
 73	125.3275	1.0174
 74	125.1322	1.0222
 75	124.9439	1.0258
 76	124.7605	1.0285
 77	124.5819	1.0306
 78	124.4079	1.0319
 79	124.2369	1.0329
 80	124.0703	1.0334
 81	123.9012	1.0344
 82	123.7103	1.0392
 83	123.5240	1.0433
 84	123.3328	1.0482
 85	123.1134	1.0586
 86	122.8953	1.0685
 87	122.6781	1.0781
 88	122.4502	1.0897
 89	122.2274	1.0999
 90	122.0044	1.1101
 91	121.7538	1.1258
 92	121.5086	1.1400
 93	121.2452	1.1578
 94	120.9592	1.1802
 95	120.6792	1.2006
 96	120.4101	1.2179
 97	120.1636	1.2300
 98	119.9222	1.2409
 99	119.6856	1.2507
100	119.4538	1.2595
  1	96.5027	0.0000
  2	96.8279	0.2299
  3	96.7554	0.1643
  4	96.6593	0.1487
  5	96.6243	0.1230
  6	96.6010	0.1047
  7	96.5303	0.1110
  8	96.4774	0.1091
  9	96.4361	0.1045
 10	96.4606	0.0968
 11	96.4806	0.0901
 12	96.4973	0.0841
 13	96.4765	0.0802
 14	96.3133	0.1740
 15	96.1718	0.2123
 16	96.0597	0.2267
 17	95.9518	0.2376
 18	95.6830	0.3444
 19	95.4425	0.4015
 20	95.2941	0.4080
 21	95.1588	0.4104
 22	95.0357	0.4098
 23	94.8696	0.4243
 24	94.7232	0.4311
 25	94.5866	0.4350
 26	94.4605	0.4362
 27	94.3471	0.4345
 28	94.2419	0.4315
 29	94.1439	0.4276
 30	94.0701	0.4197
 31	94.0277	0.4083
 32	93.9880	0.3975
 33	93.9667	0.3860
 34	93.9827	0.3750
 35	93.9978	0.3645
 36	94.0121	0.3547
 37	93.9815	0.3464
 38	93.9114	0.3443
 39	93.8030	0.3521
 40	93.7132	0.3546
 41	93.6278	0.3561
 42	93.5398	0.3583
 43	93.3881	0.3808
 44	93.2432	0.3987
 45	93.0653	0.4277
 46	92.8951	0.4510
 47	92.7347	0.4691
 48	92.5701	0.4873
 49	92.4380	0.4950
 50	92.2839	0.5085
 51	92.1359	0.5196
 52	91.9935	0.5288
 53	91.8318	0.5429
 54	91.6761	0.5548
 55	91.5261	0.5646
 56	91.3283	0.5881
 57	91.1374	0.6080
 58	90.9416	0.6283
 59	90.7247	0.6540
 60	90.5130	0.6765
 61	90.3083	0.6957
 62	90.1128	0.7114
 63	89.9116	0.7280
 64	89.7251	0.7401
 65	89.5120	0.7588
 66	89.3025	0.7757
 67	89.0681	0.7987
 68	88.8406	0.8188
 69	88.6276	0.8341
 70	88.4206	0.8475
 71	88.2120	0.8609
 72	88.0176	0.8706
 73	87.8286	0.8789
 74	87.6498	0.8851
 75	87.4757	0.8902
 76	87.3063	0.8945
 77	87.1620	0.8944
 78	87.0305	0.8926
 79	86.8955	0.8914
 80	86.7638	0.8900
 81	86.6309	0.8888
 82	86.4753	0.8915
 83	86.3204	0.8941
 84	86.1631	0.8972
 85	85.9805	0.9051
 86	85.8021	0.9119
 87	85.6268	0.9181
 88	85.4385	0.9268
 89	85.2544	0.9345
 90	85.0704	0.9421
 91	84.8534	0.9564
 92	84.6410	0.9693
 93	84.4089	0.9863
 94	84.1603	1.0066
 95	83.9169	1.0250
 96	83.6786	1.0417
 97	83.4559	1.0545
 98	83.2377	1.0661
 99	83.0239	1.0765
100	82.8144	1.0859
  1	62.0723	0.0000
  2	62.6639	0.4183
  3	62.8098	0.3033
  4	62.9371	0.2527
  5	63.1521	0.2790
  6	63.2954	0.2668
  7	63.2732	0.2296
  8	63.2565	0.2015
  9	63.2435	0.1796
 10	63.3030	0.1712
 11	63.4438	0.2055
 12	63.5612	0.2194
 13	63.5975	0.2055
 14	63.5054	0.2104
 15	63.5119	0.1965
 16	63.5284	0.1849
 17	63.5250	0.1741
 18	63.3294	0.2513
 19	63.1543	0.2928
 20	63.0730	0.2892
 21	63.0173	0.2808
 22	62.9666	0.2725
 23	62.8398	0.2887
 24	62.7489	0.2906
 25	62.6653	0.2908
 26	62.5881	0.2896
 27	62.5092	0.2895
 28	62.4359	0.2883
 29	62.3676	0.2863
 30	62.3217	0.2804
 31	62.3148	0.2715
 32	62.3084	0.2630
 33	62.3198	0.2553
 34	62.3664	0.2520
 35	62.4104	0.2487
 36	62.4520	0.2452
 37	62.4532	0.2386
 38	62.4150	0.2353
 39	62.3431	0.2400
 40	62.2748	0.2435
 41	62.2099	0.2461
 42	62.1481	0.2479
 43	62.0272	0.2700
 44	61.9252	0.2825
 45	61.7902	0.3068
 46	61.6611	0.3261
 47	61.5387	0.3414
 48	61.4042	0.3598
 49	61.3065	0.3655
 50	61.2126	0.3700
 51	61.1340	0.3710
 52	61.0584	0.3715
 53	60.9629	0.3766
 54	60.8709	0.3807
 55	60.7823	0.3839
 56	60.6475	0.4000
 57	60.5175	0.4136
 58	60.3748	0.4304
 59	60.2184	0.4506
 60	60.0695	0.4670
 61	59.9256	0.4811
 62	59.7881	0.4926
 63	59.6425	0.5058
 64	59.5156	0.5136
 65	59.3612	0.5284
 66	59.2148	0.5403
 67	59.0426	0.5590
 68	58.8753	0.5752
 69	58.7272	0.5857
 70	58.5833	0.5947
 71	58.4434	0.6026
 72	58.3163	0.6074
 73	58.1927	0.6116
 74	58.0726	0.6150
 75	57.9557	0.6178
 76	57.8418	0.6201
 77	57.7524	0.6184
 78	57.6732	0.6156
 79	57.5884	0.6136
 80	57.5057	0.6115
 81	57.4258	0.6091
 82	57.3230	0.6103
 83	57.2181	0.6119
 84	57.1128	0.6136
 85	56.9831	0.6199
 86	56.8565	0.6255
 87	56.7344	0.6301
 88	56.6023	0.6367
 89	56.4732	0.6425
 90	56.3458	0.6478
 91	56.1802	0.6616
 92	56.0291	0.6714
 93	55.8609	0.6849
 94	55.6791	0.7014
 95	55.5011	0.7162
 96	55.3268	0.7296
 97	55.1548	0.7421
 98	54.9863	0.7534
 99	54.8213	0.7637
100	54.6595	0.7730
  1	38.6429	0.0000
  2	39.4912	0.5998
  3	39.8372	0.4896
  4	40.0233	0.4010
  5	40.2988	0.4045
  6	40.4825	0.3765
  7	40.4168	0.3284
  8	40.3675	0.2911
  9	40.3291	0.2612
 10	40.3519	0.2361
 11	40.4151	0.2229
 12	40.4678	0.2105
 13	40.4120	0.2015
 14	40.2467	0.2458
 15	40.1748	0.2397
 16	40.1189	0.2311
 17	40.0283	0.2346
 18	39.7464	0.3523
 19	39.4943	0.4143
 20	39.3781	0.4095
 21	39.2953	0.3983
 22	39.2201	0.3873
 23	39.0426	0.4091
 24	38.9100	0.4130
 25	38.7881	0.4140
 26	38.6755	0.4131
 27	38.5583	0.4141
 28	38.4494	0.4134
 29	38.3481	0.4114
 30	38.2713	0.4048
 31	38.2400	0.3929
 32	38.2671	0.3816
 33	38.3094	0.3724
 34	38.3843	0.3689
 35	38.4548	0.3650
 36	38.5215	0.3609
 37	38.5495	0.3522
 38	38.5432	0.3430
 39	38.5098	0.3358
 40	38.4781	0.3289
 41	38.4479	0.3223
 42	38.4278	0.3153
 43	38.3568	0.3158
 44	38.2854	0.3166
 45	38.1807	0.3264
 46	38.0805	0.3343
 47	37.9846	0.3407
 48	37.8644	0.3542
 49	37.7491	0.3652
 50	37.6384	0.3743
 51	37.5395	0.3798
 52	37.4443	0.3843
 53	37.3358	0.3920
 54	37.2314	0.3984
 55	37.1307	0.4037
 56	36.9871	0.4213
 57	36.8485	0.4361
 58	36.6912	0.4561
 59	36.5349	0.4744
 60	36.3950	0.4867
 61	36.2596	0.4972
 62	36.1247	0.5071
 63	35.9815	0.5189
 64	35.8428	0.5290
 65	35.6819	0.5448
 66	35.5400	0.5547
 67	35.3754	0.5703
 68	35.2157	0.5839
 69	35.0789	0.5912
 70	34.9459	0.5975
 71	34.8168	0.6029
 72	34.7004	0.6057
 73	34.5872	0.6078
 74	34.4698	0.6109
 75	34.3555	0.6133
 76	34.2442	0.6153
 77	34.1598	0.6130
 78	34.0845	0.6098
 79	34.0066	0.6070
 80	33.9306	0.6042
 81	33.8564	0.6013
 82	33.7624	0.6012
 83	33.6705	0.6010
 84	33.5823	0.6003
 85	33.4717	0.6033
 86	33.3638	0.6058
 87	33.2628	0.6072
 88	33.1636	0.6084
 89	33.0667	0.6092
 90	32.9758	0.6092
 91	32.8464	0.6161
 92	32.7244	0.6214
 93	32.5982	0.6274
 94	32.4656	0.6345
 95	32.3292	0.6424
 96	32.1955	0.6494
 97	32.0480	0.6593
 98	31.9035	0.6682
 99	31.7619	0.6763
100	31.6232	0.6836
  1	17.8876	0.0000
  2	18.8861	0.7061
  3	19.3744	0.6169
  4	19.5086	0.4770
  5	19.7519	0.4393
  6	19.9142	0.3949
  7	19.7622	0.3666
  8	19.6482	0.3380
  9	19.5507	0.3142
 10	19.5112	0.2853
 11	19.5338	0.2602
 12	19.5526	0.2392
 13	19.4939	0.2279
 14	19.4436	0.2171
 15	19.4000	0.2070
 16	19.3722	0.1959
 17	19.3477	0.1859
 18	19.1379	0.2690
 19	18.9502	0.3136
 20	18.8937	0.3030
 21	18.8495	0.2917
 22	18.8093	0.2812
 23	18.6779	0.2981
 24	18.5732	0.3035
 25	18.4769	0.3063
 26	18.3880	0.3071
 27	18.3034	0.3072
 28	18.2249	0.3061
 29	18.1517	0.3042
 30	18.1013	0.2982
 31	18.0857	0.2890
 32	18.1303	0.2833
 33	18.1889	0.2808
 34	18.2799	0.2869
 35	18.3656	0.2912
 36	18.4466	0.2942
 37	18.5233	0.2960
 38	18.5596	0.2904
 39	18.5619	0.2830
 40	18.5641	0.2759
 41	18.5661	0.2692
 42	18.5755	0.2630
 43	18.5349	0.2600
 44	18.4913	0.2577
 45	18.4113	0.2641
 46	18.3347	0.2692
 47	18.2615	0.2733
 48	18.1688	0.2829
 49	18.0800	0.2907
 50	17.9947	0.2971
 51	17.9277	0.2988
 52	17.8632	0.2999
 53	17.7831	0.3048
 54	17.7059	0.3087
 55	17.6315	0.3119
 56	17.5054	0.3309
 57	17.3837	0.3468
 58	17.2517	0.3650
 59	17.1123	0.3845
 60	16.9946	0.3957
 61	16.8809	0.4053
 62	16.7602	0.4163
 63	16.6312	0.4292
 64	16.5062	0.4403
 65	16.3692	0.4544
 66	16.2363	0.4665
 67	16.0875	0.4827
 68	15.9431	0.4967
 69	15.8029	0.5089
 70	15.6667	0.5196
 71	15.5343	0.5288
 72	15.4151	0.5348
 73	15.2991	0.5399
 74	15.1775	0.5461
 75	15.0591	0.5515
 76	14.9438	0.5562
 77	14.8315	0.5602
 78	14.7334	0.5615
 79	14.6526	0.5602
 80	14.5739	0.5587
 81	14.4970	0.5571
 82	14.4107	0.5569
 83	14.3264	0.5566
 84	14.2510	0.5550
 85	14.1644	0.5552
 86	14.0798	0.5552
 87	14.0050	0.5538
 88	13.9319	0.5523
 89	13.8604	0.5507
 90	13.7905	0.5490
 91	13.7092	0.5489
 92	13.6162	0.5508
 93	13.5251	0.5524
 94	13.4360	0.5536
 95	13.3258	0.5587
 96	13.2179	0.5632
 97	13.1123	0.5672
 98	13.0088	0.5708
 99	12.9073	0.5739
100	12.8080	0.5767
  1	2.9687	0.0000
  2	3.6668	0.4937
  3	4.2218	0.5600
  4	4.4992	0.4839
  5	4.6657	0.4148
  6	4.7767	0.3602
  7	4.5749	0.3608
  8	4.4236	0.3460
  9	4.3059	0.3270
 10	4.1161	0.3450
 11	3.9608	0.3468
 12	3.8427	0.3374
 13	3.7428	0.3259
 14	3.6572	0.3137
 15	3.5830	0.3014
 16	3.5127	0.2907
 17	3.4506	0.2801
 18	3.3974	0.2696
 19	3.3497	0.2596
 20	3.4889	0.2814
 21	3.5782	0.2818
 22	3.6552	0.2794
 23	3.6972	0.2704
 24	3.6105	0.2726
 25	3.5308	0.2731
 26	3.4572	0.2723
 27	3.3891	0.2707
 28	3.3258	0.2683
 29	3.2669	0.2654
 30	3.2188	0.2609
 31	3.1737	0.2563
 32	3.1772	0.2484
 33	3.1870	0.2410
 34	3.2296	0.2377
 35	3.2698	0.2343
 36	3.3078	0.2308
 37	3.3437	0.2274
 38	3.3567	0.2217
 39	3.3619	0.2161
 40	3.3668	0.2108
 41	3.3715	0.2057
 42	3.3760	0.2008
 43	3.3803	0.1962
 44	3.3807	0.1917
 45	3.3392	0.1919
 46	3.2995	0.1918
 47	3.3028	0.1878
 48	3.3060	0.1839
 49	3.2910	0.1807
 50	3.2767	0.1777
 51	3.2628	0.1748
 52	3.2496	0.1719
 53	3.2368	0.1691
 54	3.2245	0.1664
 55	3.2126	0.1638
 56	3.2164	0.1610
 57	3.2201	0.1582
 58	3.2202	0.1554
 59	3.2203	0.1528
 60	3.2084	0.1507
 61	3.1969	0.1487
 62	3.2115	0.1470
 63	3.2290	0.1457
 64	3.2459	0.1444
 65	3.2624	0.1431
 66	3.2783	0.1419
 67	3.3166	0.1448
 68	3.3635	0.1501
 69	3.4567	0.1744
 70	3.5472	0.1940
 71	3.6352	0.2103
 72	3.7180	0.2231
 73	3.7985	0.2341
 74	3.8589	0.2386
 75	3.9178	0.2426
 76	3.9751	0.2461
 77	4.0056	0.2447
 78	4.0243	0.2423
 79	4.0137	0.2395
 80	4.0033	0.2367
 81	4.0059	0.2338
 82	4.0083	0.2310
 83	4.0339	0.2296
 84	4.0685	0.2295
 85	4.1023	0.2292
 86	4.1354	0.2289
 87	4.1703	0.2290
 88	4.2044	0.2289
 89	4.2443	0.2298
 90	4.2833	0.2305
 91	4.3071	0.2292
 92	4.3205	0.2271
 93	4.3336	0.2250
 94	4.3464	0.2230
 95	4.3419	0.2207
 96	4.3376	0.2184
 97	4.3333	0.2162
 98	4.3290	0.2141
 99	4.3249	0.2119
100	4.3224	0.2098
  1	4.0678	0.0000
  2	5.1176	0.7423
  3	5.7850	0.7361
  4	6.1187	0.6231
  5	6.3189	0.5297
  6	6.4524	0.4579
  7	6.2458	0.4367
  8	6.0908	0.4086
  9	5.9703	0.3806
 10	5.8362	0.3654
 11	5.7189	0.3505
 12	5.6211	0.3347
 13	5.5384	0.3190
 14	5.3755	0.3352
 15	5.3437	0.3144
 16	5.3191	0.2957
 17	5.2973	0.2791
 18	5.2467	0.2681
 19	5.2013	0.2578
 20	5.3144	0.2686
 21	5.3452	0.2575
 22	5.3733	0.2474
 23	5.3705	0.2366
 24	5.2550	0.2534
 25	5.1488	0.2646
 26	5.0508	0.2720
 27	4.9600	0.2766
 28	4.8757	0.2793
 29	4.7972	0.2805
 30	4.7365	0.2776
 31	4.6798	0.2744
 32	4.6798	0.2658
 33	4.6868	0.2579
 34	4.7265	0.2533
 35	4.7639	0.2488
 36	4.7993	0.2444
 37	4.8327	0.2401
 38	4.8398	0.2339
 39	4.8255	0.2283
 40	4.7975	0.2243
 41	4.7709	0.2204
 42	4.7456	0.2166
 43	4.7114	0.2142
 44	4.6488	0.2183
 45	4.5891	0.2215
 46	4.5319	0.2239
 47	4.4771	0.2258
 48	4.4727	0.2211
 49	4.4418	0.2187
 50	4.4122	0.2164
 51	4.3837	0.2140
 52	4.3563	0.2116
 53	4.3441	0.2080
 54	4.3322	0.2045
 55	4.3710	0.2044
 56	4.3484	0.2020
 57	4.3265	0.1996
 58	4.3401	0.1967
 59	4.3226	0.1941
 60	4.3271	0.1909
 61	4.3315	0.1878
 62	4.3038	0.1868
 63	4.2831	0.1850
 64	4.2632	0.1832
 65	4.2438	0.1814
 66	4.2250	0.1796
 67	4.2068	0.1779
 68	4.1891	0.1761
 69	4.1819	0.1737
 70	4.2091	0.1734
 71	4.2355	0.1729
 72	4.2615	0.1725
 73	4.2868	0.1719
 74	4.2873	0.1696
 75	4.2879	0.1674
 76	4.2884	0.1652
 77	4.2889	0.1630
 78	4.2782	0.1613
 79	4.2510	0.1615
 80	4.2350	0.1603
 81	4.2365	0.1583
 82	4.2311	0.1565
 83	4.2257	0.1547
 84	4.2335	0.1530
 85	4.2411	0.1514
 86	4.2484	0.1498
 87	4.2639	0.1489
 88	4.2789	0.1480
 89	4.2937	0.1470
 90	4.3081	0.1461
 91	4.3222	0.1452
 92	4.3276	0.1437
 93	4.3329	0.1423
 94	4.3381	0.1408
 95	4.3383	0.1394
 96	4.3384	0.1379
 97	4.3386	0.1365
 98	4.3387	0.1351
 99	4.3389	0.1337
100	4.3390	0.1324
  1	4.3532	0.0000
  2	5.2445	0.6302
  3	5.7846	0.6091
  4	6.0546	0.5132
  5	6.2166	0.4354
  6	6.3246	0.3760
  7	6.1267	0.3707
  8	5.9782	0.3528
  9	5.8628	0.3320
 10	5.7647	0.3130
 11	5.6844	0.2946
 12	5.6175	0.2776
 13	5.5609	0.2619
 14	5.5124	0.2477
 15	5.4704	0.2347
 16	5.4331	0.2230
 17	5.4003	0.2122
 18	5.2158	0.2689
 19	5.0508	0.3012
 20	5.1460	0.3008
 21	5.2204	0.2955
 22	5.2888	0.2899
 23	5.2608	0.2787
 24	5.1713	0.2811
 25	5.0890	0.2816
 26	5.0130	0.2809
 27	4.9885	0.2715
 28	4.9657	0.2628
 29	4.9445	0.2546
 30	4.9364	0.2462
 31	4.9197	0.2388
 32	4.9580	0.2344
 33	5.0063	0.2322
 34	5.0862	0.2388
 35	5.1616	0.2436
 36	5.2328	0.2470
 37	5.3001	0.2493
 38	5.3399	0.2459
 39	5.3619	0.2406
 40	5.3828	0.2355
 41	5.4027	0.2306
 42	5.4216	0.2259
 43	5.4305	0.2208
 44	5.3946	0.2187
 45	5.3217	0.2256
 46	5.2520	0.2312
 47	5.1729	0.2395
 48	5.0970	0.2462
 49	5.0688	0.2428
 50	5.0558	0.2383
 51	5.0432	0.2339
 52	5.0311	0.2298
 53	4.9890	0.2292
 54	4.9485	0.2286
 55	4.9095	0.2277
 56	4.8718	0.2267
 57	4.8355	0.2257
 58	4.8146	0.2227
 59	4.7982	0.2196
 60	4.7822	0.2165
 61	4.7668	0.2135
 62	4.7718	0.2101
 63	4.7802	0.2069
 64	4.7884	0.2038
 65	4.7963	0.2009
 66	4.8039	0.1980
 67	4.8351	0.1975
 68	4.8773	0.1990
 69	4.9651	0.2146
 70	5.0505	0.2279
 71	5.1334	0.2393
 72	5.2110	0.2483
 73	5.2866	0.2561
 74	5.3403	0.2582
 75	5.3925	0.2600
 76	5.4434	0.2615
 77	5.4668	0.2591
 78	5.4763	0.2560
 79	5.4562	0.2535
 80	5.4376	0.2511
 81	5.4194	0.2486
 82	5.3867	0.2477
 83	5.3597	0.2462
 84	5.3345	0.2446
 85	5.3098	0.2429
 86	5.2858	0.2413
 87	5.2616	0.2397
 88	5.2379	0.2382
 89	5.2148	0.2366
 90	5.1922	0.2351
 91	5.1700	0.2335
 92	5.1527	0.2316
 93	5.1358	0.2297
 94	5.1193	0.2279
 95	5.1031	0.2261
 96	5.0872	0.2243
 97	5.0717	0.2225
 98	5.0564	0.2207
 99	5.0415	0.2190
100	5.0269	0.2173
  1	3.5798	0.0000
  2	4.2898	0.5020
  3	4.7988	0.5336
  4	5.0534	0.4569
  5	5.3206	0.4367
  6	5.4987	0.3986
  7	5.2816	0.3965
  8	5.1187	0.3789
  9	5.0334	0.3462
 10	4.9653	0.3183
 11	4.9095	0.2942
 12	4.8630	0.2733
 13	4.8236	0.2551
 14	4.7899	0.2391
 15	4.7607	0.2249
 16	4.7449	0.2114
 17	4.7309	0.1995
 18	4.6956	0.1915
 19	4.6641	0.1840
 20	4.7490	0.1934
 21	4.7495	0.1842
 22	4.7500	0.1758
 23	4.7487	0.1682
 24	4.6309	0.1982
 25	4.5225	0.2179
 26	4.4224	0.2314
 27	4.3297	0.2406
 28	4.2437	0.2469
 29	4.1636	0.2511
 30	4.1022	0.2501
 31	4.0700	0.2441
 32	4.0397	0.2383
 33	4.0332	0.2312
 34	4.0608	0.2260
 35	4.1564	0.2389
 36	4.2467	0.2488
 37	4.3359	0.2576
 38	4.3784	0.2543
 39	4.4349	0.2540
 40	4.5141	0.2596
 41	4.5894	0.2640
 42	4.6611	0.2673
 43	4.7426	0.2732
 44	4.7856	0.2704
 45	4.8586	0.2740
 46	4.9059	0.2721
 47	4.9901	0.2791
 48	5.0622	0.2824
 49	5.1263	0.2838
 50	5.1878	0.2847
 51	5.2446	0.2848
 52	5.2758	0.2810
 53	5.2663	0.2759
 54	5.2572	0.2709
 55	5.2484	0.2661
 56	5.2516	0.2614
 57	5.2546	0.2568
 58	5.2570	0.2524
 59	5.2594	0.2481
 60	5.2425	0.2446
 61	5.2261	0.2411
 62	5.2432	0.2378
 63	5.2604	0.2347
 64	5.2575	0.2310
 65	5.2502	0.2276
 66	5.2431	0.2242
 67	5.2614	0.2216
 68	5.2946	0.2209
 69	5.3734	0.2313
 70	5.4499	0.2403
 71	5.5242	0.2481
 72	5.5945	0.2545
 73	5.6628	0.2600
 74	5.7068	0.2602
 75	5.7496	0.2602
 76	5.7912	0.2601
 77	5.8110	0.2574
 78	5.8184	0.2543
 79	5.8030	0.2515
 80	5.7879	0.2488
 81	5.7944	0.2458
 82	5.8008	0.2429
 83	5.8174	0.2406
 84	5.8451	0.2393
 85	5.8721	0.2380
 86	5.8985	0.2367
 87	5.9296	0.2360
 88	5.9600	0.2353
 89	6.0026	0.2364
 90	6.0442	0.2374
 91	6.0620	0.2355
 92	6.0693	0.2331
 93	6.0764	0.2307
 94	6.0833	0.2283
 95	6.0716	0.2262
 96	6.0602	0.2241
 97	6.0491	0.2221
 98	6.0382	0.2201
 99	6.0275	0.2181
100	6.0171	0.2162
  1	4.9826	0.0000
  2	5.1394	0.1109
  3	5.1799	0.0810
  4	5.2001	0.0632
  5	5.2123	0.0517
  6	5.2204	0.0437
  7	5.0863	0.1297
  8	4.9857	0.1474
  9	4.9075	0.1504
 10	4.8449	0.1478
 11	4.7937	0.1429
 12	4.7510	0.1372
 13	4.7149	0.1313
 14	4.6840	0.1256
 15	4.6572	0.1200
 16	4.6381	0.1140
 17	4.6214	0.1085
 18	4.5687	0.1146
 19	4.5216	0.1178
 20	4.6352	0.1574
 21	4.6734	0.1545
 22	4.7082	0.1514
 23	4.7025	0.1449
 24	4.5847	0.1805
 25	4.4764	0.2032
 26	4.3764	0.2186
 27	4.2838	0.2293
 28	4.1979	0.2366
 29	4.1178	0.2416
 30	4.0567	0.2412
 31	3.9995	0.2401
 32	4.0014	0.2326
 33	4.0127	0.2258
 34	4.0578	0.2236
 35	4.1004	0.2213
 36	4.1406	0.2187
 37	4.1786	0.2161
 38	4.1877	0.2106
 39	4.1800	0.2054
 40	4.1727	0.2004
 41	4.1657	0.1956
 42	4.1591	0.1910
 43	4.1661	0.1867
 44	4.1213	0.1878
 45	4.0657	0.1917
 46	4.0308	0.1907
 47	3.9973	0.1895
 48	3.9918	0.1856
 49	3.9832	0.1820
 50	3.9750	0.1786
 51	3.9672	0.1753
 52	3.9596	0.1721
 53	3.9523	0.1690
 54	3.9453	0.1660
 55	3.9386	0.1631
 56	3.9321	0.1603
 57	3.9258	0.1576
 58	3.9242	0.1549
 59	3.9228	0.1523
 60	3.9264	0.1498
 61	3.9299	0.1474
 62	3.9051	0.1471
 63	3.8792	0.1470
 64	3.8541	0.1469
 65	3.8570	0.1446
 66	3.8599	0.1425
 67	3.8775	0.1414
 68	3.8699	0.1395
 69	3.8862	0.1385
 70	3.9393	0.1463
 71	3.9909	0.1531
 72	4.0435	0.1598
 73	4.0948	0.1656
 74	4.1218	0.1655
 75	4.1482	0.1654
 76	4.1738	0.1652
 77	4.1988	0.1649
 78	4.2153	0.1637
 79	4.2140	0.1616
 80	4.2198	0.1597
 81	4.2399	0.1590
 82	4.2477	0.1572
 83	4.2553	0.1555
 84	4.2755	0.1550
 85	4.2952	0.1544
 86	4.3145	0.1538
 87	4.3436	0.1547
 88	4.3921	0.1604
 89	4.4522	0.1695
 90	4.5109	0.1775
 91	4.5468	0.1791
 92	4.5703	0.1787
 93	4.5934	0.1783
 94	4.6159	0.1778
 95	4.6166	0.1759
 96	4.6174	0.1741
 97	4.6162	0.1723
 98	4.6150	0.1706
 99	4.6139	0.1688
100	4.6128	0.1672
  1	4.5017	0.0000
  2	4.6930	0.1353
  3	4.7835	0.1166
  4	4.8287	0.0958
  5	4.8558	0.0804
  6	4.8739	0.0690
  7	4.7265	0.1487
  8	4.6160	0.1662
  9	4.5300	0.1685
 10	4.4613	0.1651
 11	4.4050	0.1594
 12	4.3581	0.1528
 13	4.3184	0.1461
 14	4.2844	0.1396
 15	4.2549	0.1334
 16	4.2333	0.1268
 17	4.2142	0.1208
 18	4.1642	0.1240
 19	4.1195	0.1252
 20	4.2384	0.1661
 21	4.2849	0.1646
 22	4.3272	0.1624
 23	4.3232	0.1554
 24	4.2045	0.1889
 25	4.0953	0.2106
 26	3.9945	0.2253
 27	3.9011	0.2355
 28	3.8145	0.2425
 29	3.7338	0.2472
 30	3.6713	0.2467
 31	3.6129	0.2456
 32	3.6126	0.2379
 33	3.6226	0.2309
 34	3.6670	0.2283
 35	3.7088	0.2256
 36	3.7483	0.2228
 37	3.7856	0.2199
 38	3.7947	0.2143
 39	3.7925	0.2088
 40	3.7904	0.2036
 41	3.7885	0.1986
 42	3.7866	0.1939
 43	3.8056	0.1903
 44	3.7634	0.1906
 45	3.7230	0.1906
 46	3.6845	0.1903
 47	3.6475	0.1898
 48	3.6511	0.1859
 49	3.6358	0.1827
 50	3.6211	0.1797
 51	3.6070	0.1767
 52	3.5935	0.1738
 53	3.5804	0.1710
 54	3.5678	0.1683
 55	3.5557	0.1657
 56	3.5440	0.1632
 57	3.5327	0.1607
 58	3.5354	0.1579
 59	3.5380	0.1553
 60	3.5447	0.1528
 61	3.5512	0.1505
 62	3.5264	0.1501
 63	3.5081	0.1488
 64	3.4903	0.1475
 65	3.5094	0.1465
 66	3.5279	0.1454
 67	3.5660	0.1482
 68	3.5676	0.1460
 69	3.5887	0.1454
 70	3.6431	0.1532
 71	3.6960	0.1599
 72	3.7484	0.1660
 73	3.7993	0.1714
 74	3.8239	0.1708
 75	3.8478	0.1702
 76	3.8711	0.1696
 77	3.8938	0.1689
 78	3.9050	0.1671
 79	3.8986	0.1651
 80	3.8923	0.1631
 81	3.9061	0.1617
 82	3.9137	0.1599
 83	3.9211	0.1582
 84	3.9432	0.1578
 85	3.9648	0.1574
 86	3.9859	0.1570
 87	4.0169	0.1582
 88	4.0714	0.1656
 89	4.1339	0.1751
 90	4.1951	0.1835
 91	4.2390	0.1867
 92	4.2688	0.1870
 93	4.2979	0.1873
 94	4.3264	0.1874
 95	4.3271	0.1854
 96	4.3278	0.1835
 97	4.3219	0.1817
 98	4.3160	0.1800
 99	4.3103	0.1782
100	4.3047	0.1765
  1	3.7505	0.0000
  2	3.7647	0.0100
  3	3.8143	0.0410
  4	3.8391	0.0375
  5	3.8540	0.0328
  6	3.8639	0.0288
  7	3.7057	0.1485
  8	3.5871	0.1709
  9	3.4948	0.1751
 10	3.4210	0.1724
 11	3.3606	0.1670
 12	3.3102	0.1605
 13	3.2676	0.1537
 14	3.2311	0.1470
 15	3.1995	0.1405
 16	3.1727	0.1343
 17	3.1491	0.1284
 18	3.1783	0.1246
 19	3.2044	0.1207
 20	3.3605	0.1905
 21	3.4292	0.1934
 22	3.4917	0.1945
 23	3.5357	0.1909
 24	3.4466	0.2027
 25	3.3646	0.2105
 26	3.2889	0.2156
 27	3.2188	0.2187
 28	3.1903	0.2128
 29	3.1637	0.2071
 30	3.1493	0.2007
 31	3.1359	0.1946
 32	3.1706	0.1916
 33	3.2088	0.1896
 34	3.2772	0.1960
 35	3.3417	0.2007
 36	3.4026	0.2041
 37	3.4602	0.2066
 38	3.4960	0.2042
 39	3.5168	0.2001
 40	3.5179	0.1951
 41	3.5189	0.1903
 42	3.5199	0.1858
 43	3.5244	0.1815
 44	3.4816	0.1823
 45	3.4408	0.1828
 46	3.4017	0.1830
 47	3.3643	0.1829
 48	3.3758	0.1794
 49	3.3620	0.1763
 50	3.3488	0.1732
 51	3.3361	0.1703
 52	3.3239	0.1675
 53	3.3338	0.1646
 54	3.3433	0.1618
 55	3.3925	0.1662
 56	3.3832	0.1635
 57	3.3742	0.1609
 58	3.3993	0.1600
 59	3.4035	0.1574
 60	3.4307	0.1571
 61	3.4570	0.1567
 62	3.4524	0.1542
 63	3.4542	0.1518
 64	3.4560	0.1494
 65	3.4577	0.1471
 66	3.4593	0.1449
 67	3.4609	0.1428
 68	3.4625	0.1407
 69	3.4744	0.1391
 70	3.5170	0.1436
 71	3.5585	0.1474
 72	3.5989	0.1508
 73	3.6381	0.1537
 74	3.6509	0.1522
 75	3.6634	0.1507
 76	3.6755	0.1492
 77	3.6874	0.1477
 78	3.6866	0.1458
 79	3.6709	0.1448
 80	3.6577	0.1436
 81	3.6670	0.1421
 82	3.6726	0.1405
 83	3.6780	0.1389
 84	3.6976	0.1386
 85	3.7166	0.1383
 86	3.7352	0.1379
 87	3.7622	0.1390
 88	3.7885	0.1399
 89	3.8143	0.1406
 90	3.8395	0.1413
 91	3.8641	0.1419
 92	3.8778	0.1410
 93	3.8912	0.1401
 94	3.9044	0.1393
 95	3.9066	0.1378
 96	3.9087	0.1364
 97	3.9108	0.1350
 98	3.9129	0.1336
 99	3.9149	0.1323
100	3.9169	0.1310
  1	4.1135	0.0000
  2	5.1128	0.7066
  3	5.7349	0.6928
  4	6.0460	0.5853
  5	6.2326	0.4971
  6	6.3570	0.4295
  7	6.1522	0.4141
  8	5.9986	0.3898
  9	5.8791	0.3643
 10	5.7660	0.3450
 11	5.6735	0.3258
 12	5.6265	0.3020
 13	5.5867	0.2814
 14	5.5526	0.2634
 15	5.5231	0.2475
 16	5.4974	0.2333
 17	5.4748	0.2207
 18	5.2917	0.2741
 19	5.1278	0.3047
 20	5.2230	0.3040
 21	5.2990	0.2989
 22	5.3701	0.2936
 23	5.3419	0.2822
 24	5.2575	0.2828
 25	5.1799	0.2819
 26	5.1082	0.2800
 27	5.0844	0.2707
 28	5.0622	0.2619
 29	5.0415	0.2537
 30	5.0346	0.2453
 31	5.0220	0.2377
 32	5.0647	0.2341
 33	5.1174	0.2329
 34	5.2015	0.2407
 35	5.2809	0.2466
 36	5.3558	0.2509
 37	5.4267	0.2539
 38	5.4692	0.2508
 39	5.4930	0.2454
 40	5.5155	0.2403
 41	5.5370	0.2354
 42	5.5575	0.2307
 43	5.5654	0.2255
 44	5.5304	0.2231
 45	5.4575	0.2297
 46	5.3878	0.2351
 47	5.3099	0.2426
 48	5.2352	0.2488
 49	5.2084	0.2451
 50	5.1941	0.2407
 51	5.1804	0.2363
 52	5.1672	0.2322
 53	5.1228	0.2320
 54	5.0800	0.2316
 55	5.0387	0.2310
 56	4.9989	0.2303
 57	4.9606	0.2294
 58	4.9363	0.2268
 59	4.9154	0.2239
 60	4.8952	0.2211
 61	4.8757	0.2183
 62	4.8774	0.2148
 63	4.8821	0.2114
 64	4.8867	0.2082
 65	4.8911	0.2050
 66	4.8954	0.2020
 67	4.9226	0.2008
 68	4.9629	0.2018
 69	5.0494	0.2166
 70	5.1334	0.2293
 71	5.2151	0.2401
 72	5.2917	0.2487
 73	5.3663	0.2563
 74	5.4191	0.2582
 75	5.4706	0.2598
 76	5.5207	0.2612
 77	5.5440	0.2588
 78	5.5539	0.2557
 79	5.5342	0.2532
 80	5.5151	0.2508
 81	5.4965	0.2484
 82	5.4782	0.2460
 83	5.4510	0.2445
 84	5.4359	0.2421
 85	5.4212	0.2397
 86	5.4068	0.2373
 87	5.3984	0.2348
 88	5.3902	0.2322
 89	5.3918	0.2296
 90	5.3934	0.2271
 91	5.3950	0.2246
 92	5.3865	0.2223
 93	5.3782	0.2201
 94	5.3701	0.2179
 95	5.3582	0.2159
 96	5.3466	0.2140
 97	5.3352	0.2121
 98	5.3240	0.2102
 99	5.3131	0.2084
100	5.3024	0.2066
  1	4.2409	0.0000
  2	5.2353	0.7031
  3	5.8453	0.6840
  4	6.1504	0.5770
  5	6.3334	0.4898
  6	6.4554	0.4231
  7	6.2538	0.4078
  8	6.1026	0.3838
  9	5.9851	0.3588
 10	5.8910	0.3350
 11	5.8204	0.3119
 12	5.7615	0.2914
 13	5.7117	0.2732
 14	5.6690	0.2570
 15	5.6320	0.2425
 16	5.6070	0.2287
 17	5.5848	0.2163
 18	5.4230	0.2578
 19	5.2781	0.2820
 20	5.3366	0.2739
 21	5.3633	0.2622
 22	5.4096	0.2543
 23	5.4049	0.2433
 24	5.3291	0.2447
 25	5.2594	0.2446
 26	5.1950	0.2435
 27	5.1926	0.2345
 28	5.1904	0.2261
 29	5.1883	0.2183
 30	5.1989	0.2113
 31	5.1922	0.2046
 32	5.2478	0.2057
 33	5.3132	0.2096
 34	5.4103	0.2248
 35	5.5018	0.2362
 36	5.5882	0.2450
 37	5.6699	0.2516
 38	5.7126	0.2486
 39	5.7221	0.2424
 40	5.7310	0.2365
 41	5.7395	0.2309
 42	5.7477	0.2255
 43	5.7248	0.2214
 44	5.6876	0.2195
 45	5.6050	0.2296
 46	5.5260	0.2379
 47	5.4748	0.2382
 48	5.4258	0.2383
 49	5.3913	0.2359
 50	5.3933	0.2312
 51	5.3952	0.2267
 52	5.3970	0.2223
 53	5.3598	0.2212
 54	5.3240	0.2200
 55	5.2895	0.2187
 56	5.2893	0.2148
 57	5.2891	0.2110
 58	5.3001	0.2076
 59	5.3108	0.2044
 60	5.3026	0.2012
 61	5.2947	0.1980
 62	5.3141	0.1958
 63	5.3384	0.1941
 64	5.3384	0.1911
 65	5.3385	0.1882
 66	5.3385	0.1853
 67	5.3631	0.1842
 68	5.3980	0.1847
 69	5.4783	0.1988
 70	5.5564	0.2107
 71	5.6323	0.2210
 72	5.7031	0.2290
 73	5.7720	0.2360
 74	5.8187	0.2374
 75	5.8641	0.2385
 76	5.9083	0.2394
 77	5.9254	0.2369
 78	5.9285	0.2339
 79	5.9030	0.2323
 80	5.8769	0.2309
 81	5.8514	0.2294
 82	5.8129	0.2298
 83	5.7815	0.2292
 84	5.7534	0.2282
 85	5.7259	0.2272
 86	5.6991	0.2261
 87	5.6729	0.2250
 88	5.6472	0.2239
 89	5.6345	0.2218
 90	5.6221	0.2197
 91	5.5904	0.2195
 92	5.5515	0.2205
 93	5.5135	0.2214
 94	5.4762	0.2222
 95	5.4398	0.2228
 96	5.4041	0.2233
 97	5.3692	0.2237
 98	5.3424	0.2231
 99	5.3162	0.2223
100	5.2905	0.2216
  1	2.7460	0.0000
  2	3.2568	0.3612
  3	3.6956	0.4317
  4	3.9150	0.3754
  5	4.0467	0.3226
  6	4.1344	0.2805
  7	3.9247	0.3090
  8	3.7675	0.3078
  9	3.6452	0.2969
 10	3.4886	0.3057
 11	3.3605	0.3036
 12	3.2538	0.2965
 13	3.1635	0.2871
 14	3.0674	0.2822
 15	3.0794	0.2637
 16	3.0830	0.2472
 17	3.0862	0.2327
 18	3.0890	0.2198
 19	3.0915	0.2082
 20	3.3044	0.2867
 21	3.4635	0.3141
 22	3.6287	0.3405
 23	3.7250	0.3390
 24	3.7318	0.3250
 25	3.7380	0.3120
 26	3.7438	0.3001
 27	3.7491	0.2890
 28	3.7540	0.2787
 29	3.7586	0.2692
 30	3.7788	0.2609
 31	3.8221	0.2561
 32	3.9157	0.2647
 33	4.0036	0.2708
 34	4.1211	0.2872
 35	4.2319	0.2996
 36	4.3365	0.3090
 37	4.4355	0.3161
 38	4.5044	0.3152
 39	4.5584	0.3117
 40	4.6096	0.3081
 41	4.6584	0.3045
 42	4.7049	0.3007
 43	4.7407	0.2959
 44	4.7240	0.2896
 45	4.6760	0.2871
 46	4.6812	0.2809
 47	4.6863	0.2750
 48	4.6746	0.2695
 49	4.6634	0.2643
 50	4.6527	0.2592
 51	4.6424	0.2543
 52	4.6325	0.2496
 53	4.6289	0.2449
 54	4.6254	0.2404
 55	4.6221	0.2361
 56	4.5990	0.2330
 57	4.5768	0.2300
 58	4.5514	0.2274
 59	4.5268	0.2249
 60	4.5208	0.2212
 61	4.5149	0.2176
 62	4.4797	0.2170
 63	4.4545	0.2150
 64	4.4300	0.2130
 65	4.4481	0.2105
 66	4.4656	0.2080
 67	4.4826	0.2056
 68	4.4862	0.2026
 69	4.5163	0.2019
 70	4.5802	0.2089
 71	4.6422	0.2150
 72	4.7043	0.2208
 73	4.7647	0.2258
 74	4.7985	0.2253
 75	4.8314	0.2247
 76	4.8635	0.2240
 77	4.8947	0.2233
 78	4.9149	0.2213
 79	4.9166	0.2185
 80	4.9139	0.2158
 81	4.9299	0.2137
 82	4.9392	0.2113
 83	4.9715	0.2112
 84	5.0122	0.2126
 85	5.0465	0.2129
 86	5.0799	0.2130
 87	5.1197	0.2142
 88	5.1586	0.2153
 89	5.2062	0.2181
 90	5.2528	0.2206
 91	5.2848	0.2205
 92	5.3000	0.2186
 93	5.3149	0.2167
 94	5.3294	0.2149
 95	5.3116	0.2134
 96	5.2941	0.2119
 97	5.2689	0.2112
 98	5.2443	0.2105
 99	5.2201	0.2097
100	5.1964	0.2090
  1	2.8510	0.0000
  2	2.8738	0.0161
  3	3.0413	0.1372
  4	3.1251	0.1259
  5	3.1754	0.1103
  6	3.2089	0.0969
  7	3.0089	0.2030
  8	2.8588	0.2264
  9	2.7421	0.2293
 10	2.6488	0.2246
 11	2.5724	0.2168
 12	2.5088	0.2078
 13	2.4549	0.1987
 14	2.3597	0.2061
 15	2.2771	0.2082
 16	2.2171	0.2037
 17	2.1642	0.1984
 18	2.1171	0.1929
 19	2.0750	0.1873
 20	2.1899	0.2103
 21	2.2939	0.2245
 22	2.3946	0.2358
 23	2.4717	0.2378
 24	2.4314	0.2313
 25	2.3943	0.2250
 26	2.3601	0.2190
 27	2.4138	0.2174
 28	2.4638	0.2153
 29	2.5103	0.2128
 30	2.5607	0.2116
 31	2.5687	0.2049
 32	2.6400	0.2105
 33	2.7069	0.2145
 34	2.8046	0.2294
 35	2.8967	0.2406
 36	2.9836	0.2491
 37	3.0659	0.2556
 38	3.1100	0.2527
 39	3.1251	0.2467
 40	3.1395	0.2409
 41	3.1531	0.2354
 42	3.1661	0.2302
 43	3.1804	0.2253
 44	3.1566	0.2214
 45	3.1126	0.2208
 46	3.0988	0.2164
 47	3.0856	0.2122
 48	3.1063	0.2088
 49	3.1159	0.2048
 50	3.1251	0.2009
 51	3.1339	0.1971
 52	3.1423	0.1935
 53	3.1656	0.1913
 54	3.1881	0.1890
 55	3.2532	0.1965
 56	3.2554	0.1930
 57	3.2575	0.1896
 58	3.2855	0.1884
 59	3.2908	0.1853
 60	3.2960	0.1823
 61	3.3010	0.1794
 62	3.2721	0.1788
 63	3.2523	0.1770
 64	3.2332	0.1753
 65	3.2562	0.1741
 66	3.2784	0.1729
 67	3.3001	0.1717
 68	3.3077	0.1693
 69	3.3430	0.1705
 70	3.4150	0.1826
 71	3.4849	0.1929
 72	3.5553	0.2027
 73	3.6239	0.2112
 74	3.6676	0.2129
 75	3.7102	0.2142
 76	3.7517	0.2154
 77	3.7921	0.2163
 78	3.8231	0.2158
 79	3.8346	0.2134
 80	3.8500	0.2112
 81	3.8789	0.2106
 82	3.8957	0.2087
 83	3.9396	0.2107
 84	3.9893	0.2140
 85	4.0267	0.2148
 86	4.0632	0.2153
 87	4.1051	0.2169
 88	4.1459	0.2182
 89	4.1969	0.2217
 90	4.2467	0.2247
 91	4.2783	0.2245
 92	4.2951	0.2227
 93	4.3116	0.2209
 94	4.3278	0.2191
 95	4.3185	0.2170
 96	4.3093	0.2149
 97	4.3004	0.2129
 98	4.2916	0.2109
 99	4.2830	0.2090
100	4.2746	0.2070
  1	3.4417	0.0000
  2	4.4507	0.7134
  3	5.1516	0.7441
  4	5.5020	0.6353
  5	5.7123	0.5419
  6	5.8524	0.4694
  7	5.6473	0.4449
  8	5.4934	0.4150
  9	5.4595	0.3703
 10	5.3984	0.3383
 11	5.3484	0.3112
 12	5.3067	0.2880
 13	5.2715	0.2680
 14	5.2412	0.2506
 15	5.2151	0.2352
 16	5.2003	0.2210
 17	5.1873	0.2084
 18	5.1778	0.1970
 19	5.1693	0.1868
 20	5.2640	0.2001
 21	5.2598	0.1906
 22	5.2559	0.1820
 23	5.2524	0.1741
 24	5.2203	0.1698
 25	5.1908	0.1655
 26	5.1636	0.1614
 27	5.1550	0.1556
 28	5.1470	0.1503
 29	5.1396	0.1453
 30	5.1449	0.1405
 31	5.1600	0.1368
 32	5.2179	0.1443
 33	5.2837	0.1542
 34	5.3777	0.1759
 35	5.4663	0.1919
 36	5.5499	0.2040
 37	5.6291	0.2133
 38	5.6900	0.2162
 39	5.7425	0.2170
 40	5.7835	0.2154
 41	5.8224	0.2136
 42	5.8594	0.2117
 43	5.8824	0.2080
 44	5.8556	0.2050
 45	5.8299	0.2021
 46	5.8054	0.1992
 47	5.7819	0.1963
 48	5.7416	0.1963
 49	5.7030	0.1961
 50	5.6659	0.1956
 51	5.6303	0.1950
 52	5.5961	0.1942
 53	5.5706	0.1922
 54	5.5461	0.1902
 55	5.5225	0.1882
 56	5.4844	0.1887
 57	5.4476	0.1889
 58	5.4084	0.1897
 59	5.3706	0.1902
 60	5.3516	0.1880
 61	5.3332	0.1858
 62	5.2874	0.1884
 63	5.2524	0.1886
 64	5.2460	0.1857
 65	5.2398	0.1830
 66	5.2338	0.1803
 67	5.2446	0.1780
 68	5.2551	0.1756
 69	5.2652	0.1734
 70	5.2751	0.1712
 71	5.2847	0.1691
 72	5.2935	0.1669
 73	5.3022	0.1649
 74	5.2959	0.1628
 75	5.2899	0.1607
 76	5.2738	0.1594
 77	5.2926	0.1584
 78	5.3223	0.1591
 79	5.3726	0.1649
 80	5.4217	0.1700
 81	5.4695	0.1745
 82	5.5116	0.1774
 83	5.5526	0.1799
 84	5.6015	0.1843
 85	5.6402	0.1861
 86	5.6781	0.1878
 87	5.7214	0.1905
 88	5.7637	0.1930
 89	5.8153	0.1976
 90	5.8657	0.2018
 91	5.8981	0.2021
 92	5.9162	0.2007
 93	5.9340	0.1994
 94	5.9513	0.1980
 95	5.9403	0.1962
 96	5.9296	0.1945
 97	5.9049	0.1940
 98	5.8806	0.1936
 99	5.8569	0.1931
100	5.8337	0.1925
  1	3.5321	0.0000
  2	3.8313	0.2116
  3	4.0608	0.2345
  4	4.1756	0.2020
  5	4.2444	0.1730
  6	4.2903	0.1501
  7	4.1070	0.2129
  8	3.9696	0.2264
  9	3.8627	0.2251
 10	3.7771	0.2182
 11	3.7071	0.2093
 12	3.6488	0.1998
 13	3.5995	0.1904
 14	3.5572	0.1815
 15	3.5205	0.1730
 16	3.4841	0.1660
 17	3.4519	0.1593
 18	3.4520	0.1505
 19	3.4522	0.1426
 20	3.6160	0.2094
 21	3.7029	0.2167
 22	3.7978	0.2267
 23	3.8851	0.2330
 24	3.8356	0.2285
 25	3.7901	0.2238
 26	3.7481	0.2191
 27	3.7092	0.2145
 28	3.6731	0.2098
 29	3.6394	0.2053
 30	3.6146	0.1999
 31	3.5758	0.1972
 32	3.5927	0.1918
 33	3.6087	0.1866
 34	3.6585	0.1877
 35	3.7055	0.1881
 36	3.7498	0.1880
 37	3.7918	0.1876
 38	3.8103	0.1835
 39	3.8253	0.1794
 40	3.8395	0.1755
 41	3.8530	0.1718
 42	3.8659	0.1681
 43	3.8986	0.1674
 44	3.8607	0.1678
 45	3.8245	0.1680
 46	3.7898	0.1678
 47	3.7566	0.1675
 48	3.7460	0.1644
 49	3.7349	0.1614
 50	3.7242	0.1585
 51	3.7225	0.1554
 52	3.7208	0.1524
 53	3.7193	0.1496
 54	3.7177	0.1468
 55	3.7162	0.1441
 56	3.6903	0.1439
 57	3.6653	0.1435
 58	3.6567	0.1413
 59	3.6485	0.1391
 60	3.6459	0.1368
 61	3.6435	0.1346
 62	3.6187	0.1347
 63	3.6072	0.1331
 64	3.6096	0.1310
 65	3.6119	0.1290
 66	3.6142	0.1271
 67	3.6374	0.1273
 68	3.6598	0.1274
 69	3.6905	0.1292
 70	3.7438	0.1379
 71	3.7957	0.1454
 72	3.8444	0.1513
 73	3.8917	0.1565
 74	3.9111	0.1555
 75	3.9300	0.1546
 76	3.9483	0.1537
 77	3.9662	0.1527
 78	3.9684	0.1508
 79	3.9597	0.1491
 80	3.9299	0.1502
 81	3.9352	0.1484
 82	3.9404	0.1467
 83	3.9454	0.1450
 84	3.9646	0.1445
 85	3.9833	0.1440
 86	4.0016	0.1435
 87	4.0288	0.1444
 88	4.0826	0.1525
 89	4.1426	0.1621
 90	4.2012	0.1706
 91	4.2442	0.1741
 92	4.2741	0.1747
 93	4.3033	0.1753
 94	4.3319	0.1757
 95	4.3343	0.1739
 96	4.3367	0.1721
 97	4.3354	0.1703
 98	4.3341	0.1686
 99	4.3322	0.1669
100	4.3303	0.1652
  1	4.1442	0.0000
  2	4.4240	0.1979
  3	4.5910	0.1897
  4	4.6745	0.1596
  5	4.7246	0.1353
  6	4.7580	0.1168
  7	4.5943	0.1817
  8	4.4716	0.1961
  9	4.3761	0.1962
 10	4.2997	0.1909
 11	4.2371	0.1835
 12	4.1851	0.1754
 13	4.1410	0.1674
 14	4.1032	0.1596
 15	4.0705	0.1523
 16	4.0433	0.1452
 17	4.0193	0.1386
 18	3.9731	0.1384
 19	3.9318	0.1371
 20	4.0642	0.1834
 21	4.1258	0.1847
 22	4.1818	0.1846
 23	4.1824	0.1766
 24	4.0699	0.2019
 25	3.9664	0.2187
 26	3.8709	0.2302
 27	3.7824	0.2381
 28	3.7003	0.2434
 29	3.6238	0.2467
 30	3.5623	0.2460
 31	3.5048	0.2447
 32	3.4989	0.2371
 33	3.5026	0.2300
 34	3.5407	0.2263
 35	3.5765	0.2227
 36	3.6104	0.2191
 37	3.6424	0.2155
 38	3.6515	0.2100
 39	3.6563	0.2047
 40	3.6609	0.1996
 41	3.6652	0.1948
 42	3.6693	0.1902
 43	3.6733	0.1858
 44	3.6657	0.1817
 45	3.6127	0.1853
 46	3.5620	0.1881
 47	3.5553	0.1842
 48	3.5490	0.1804
 49	3.5372	0.1771
 50	3.5259	0.1740
 51	3.5151	0.1709
 52	3.5047	0.1679
 53	3.4946	0.1651
 54	3.4850	0.1623
 55	3.4756	0.1596
 56	3.4814	0.1569
 57	3.4870	0.1542
 58	3.4817	0.1516
 59	3.4767	0.1491
 60	3.4633	0.1473
 61	3.4504	0.1454
 62	3.4637	0.1437
 63	3.4784	0.1421
 64	3.4928	0.1406
 65	3.5113	0.1397
 66	3.5293	0.1387
 67	3.5764	0.1444
 68	3.6188	0.1484
 69	3.7032	0.1685
 70	3.7852	0.1850
 71	3.8649	0.1988
 72	3.9391	0.2095
 73	4.0113	0.2187
 74	4.0594	0.2210
 75	4.1062	0.2229
 76	4.1518	0.2246
 77	4.1711	0.2225
 78	4.1765	0.2197
 79	4.1819	0.2170
 80	4.1829	0.2143
 81	4.1840	0.2116
 82	4.1747	0.2093
 83	4.1538	0.2078
 84	4.1387	0.2059
 85	4.1240	0.2040
 86	4.1096	0.2021
 87	4.0988	0.2001
 88	4.0882	0.1981
 89	4.0779	0.1961
 90	4.0678	0.1942
 91	4.0580	0.1923
 92	4.0466	0.1906
 93	4.0355	0.1888
 94	4.0246	0.1871
 95	4.0140	0.1855
 96	4.0036	0.1838
 97	3.9933	0.1822
 98	3.9833	0.1806
 99	3.9735	0.1791
100	3.9639	0.1775
  1	3.0129	0.0000
  2	3.9371	0.6535
  3	4.6031	0.6968
  4	4.9362	0.5969
  5	5.1360	0.5099
  6	5.2692	0.4420
  7	5.0620	0.4246
  8	4.9066	0.3990
  9	4.7857	0.3725
 10	4.6127	0.3733
 11	4.4711	0.3652
 12	4.3604	0.3512
 13	4.2667	0.3364
 14	4.1864	0.3218
 15	4.1168	0.3078
 16	4.0491	0.2959
 17	3.9893	0.2845
 18	3.8904	0.2854
 19	3.8019	0.2837
 20	3.9337	0.2986
 21	4.0288	0.2991
 22	4.1057	0.2953
 23	4.1173	0.2827
 24	4.0216	0.2866
 25	3.9336	0.2884
 26	3.8523	0.2885
 27	3.7770	0.2875
 28	3.7071	0.2856
 29	3.6420	0.2830
 30	3.5901	0.2783
 31	3.5415	0.2736
 32	3.5388	0.2650
 33	3.5442	0.2571
 34	3.5827	0.2524
 35	3.6191	0.2478
 36	3.6535	0.2433
 37	3.6860	0.2388
 38	3.7003	0.2330
 39	3.7126	0.2273
 40	3.7243	0.2220
 41	3.7354	0.2168
 42	3.7460	0.2119
 43	3.7561	0.2072
 44	3.7497	0.2026
 45	3.6966	0.2049
 46	3.6458	0.2067
 47	3.6306	0.2028
 48	3.6159	0.1991
 49	3.6012	0.1956
 50	3.6369	0.1950
 51	3.6713	0.1941
 52	3.7043	0.1932
 53	3.6999	0.1896
 54	3.6957	0.1861
 55	3.6917	0.1828
 56	3.6878	0.1796
 57	3.6840	0.1764
 58	3.7104	0.1754
 59	3.7075	0.1724
 60	3.7058	0.1696
 61	3.7042	0.1668
 62	3.7192	0.1648
 63	3.7381	0.1632
 64	3.7565	0.1617
 65	3.7742	0.1602
 66	3.7915	0.1587
 67	3.8335	0.1618
 68	3.8843	0.1672
 69	3.9801	0.1903
 70	4.0732	0.2091
 71	4.1636	0.2249
 72	4.2488	0.2373
 73	4.3316	0.2481
 74	4.3915	0.2519
 75	4.4499	0.2552
 76	4.5068	0.2581
 77	4.5370	0.2565
 78	4.5535	0.2537
 79	4.5425	0.2508
 80	4.5317	0.2479
 81	4.5212	0.2450
 82	4.5133	0.2422
 83	4.5062	0.2393
 84	4.5103	0.2365
 85	4.5144	0.2338
 86	4.5183	0.2311
 87	4.5268	0.2286
 88	4.5351	0.2262
 89	4.5504	0.2241
 90	4.5655	0.2221
 91	4.5802	0.2202
 92	4.5850	0.2179
 93	4.5897	0.2156
 94	4.5943	0.2133
 95	4.5914	0.2111
 96	4.5886	0.2089
 97	4.5858	0.2068
 98	4.5831	0.2047
 99	4.5804	0.2026
100	4.5778	0.2006
  1	4.3183	0.0000
  2	5.3063	0.6986
  3	5.9113	0.6789
  4	6.2138	0.5726
  5	6.3953	0.4860
  6	6.5163	0.4198
  7	6.3139	0.4057
  8	6.1621	0.3823
  9	6.0440	0.3576
 10	5.9447	0.3353
 11	5.8635	0.3145
 12	5.8296	0.2902
 13	5.8009	0.2693
 14	5.7763	0.2511
 15	5.9268	0.2758
 16	6.0566	0.2875
 17	6.1252	0.2787
 18	6.1307	0.2632
 19	6.1355	0.2494
 20	6.2651	0.2685
 21	6.3068	0.2589
 22	6.3447	0.2499
 23	6.3703	0.2404
 24	6.2986	0.2408
 25	6.2327	0.2400
 26	6.1719	0.2383
 27	6.1156	0.2361
 28	6.0633	0.2334
 29	6.0146	0.2303
 30	5.9838	0.2247
 31	5.9569	0.2191
 32	5.9926	0.2151
 33	6.0262	0.2112
 34	6.0934	0.2154
 35	6.1568	0.2184
 36	6.2166	0.2204
 37	6.2732	0.2216
 38	6.2943	0.2167
 39	6.2884	0.2113
 40	6.2829	0.2060
 41	6.2776	0.2011
 42	6.2726	0.1964
 43	6.2442	0.1938
 44	6.1900	0.1969
 45	6.0926	0.2152
 46	5.9994	0.2299
 47	5.9284	0.2357
 48	5.8603	0.2404
 49	5.8182	0.2391
 50	5.8072	0.2346
 51	5.7967	0.2303
 52	5.7865	0.2260
 53	5.7400	0.2265
 54	5.6952	0.2267
 55	5.6520	0.2267
 56	5.6104	0.2264
 57	5.5702	0.2260
 58	5.5515	0.2229
 59	5.5149	0.2221
 60	5.4796	0.2211
 61	5.4454	0.2201
 62	5.4392	0.2167
 63	5.4360	0.2133
 64	5.4227	0.2104
 65	5.4097	0.2075
 66	5.3971	0.2048
 67	5.4050	0.2019
 68	5.4411	0.2021
 69	5.5244	0.2156
 70	5.6052	0.2272
 71	5.6838	0.2372
 72	5.7593	0.2456
 73	5.8327	0.2530
 74	5.8820	0.2543
 75	5.9300	0.2554
 76	5.9768	0.2563
 77	6.0052	0.2546
 78	6.0229	0.2519
 79	6.0171	0.2488
 80	6.0115	0.2457
 81	6.0234	0.2430
 82	6.0345	0.2403
 83	6.0499	0.2379
 84	6.0784	0.2367
 85	6.1062	0.2356
 86	6.1333	0.2344
 87	6.1665	0.2340
 88	6.1989	0.2336
 89	6.2426	0.2350
 90	6.2853	0.2363
 91	6.3077	0.2347
 92	6.3164	0.2324
 93	6.3248	0.2300
 94	6.3331	0.2277
 95	6.3154	0.2260
 96	6.2981	0.2243
 97	6.2720	0.2235
 98	6.2465	0.2227
 99	6.2215	0.2218
100	6.1970	0.2210
  1	3.7703	0.0000
  2	4.0864	0.2235
  3	4.3011	0.2301
  4	4.4085	0.1960
  5	4.4729	0.1671
  6	4.5159	0.1447
  7	4.3402	0.2045
  8	4.2085	0.2173
  9	4.1060	0.2159
 10	4.0240	0.2093
 11	3.9570	0.2008
 12	3.9011	0.1917
 13	3.8538	0.1827
 14	3.8132	0.1740
 15	3.7781	0.1660
 16	3.7479	0.1583
 17	3.7212	0.1512
 18	3.6819	0.1478
 19	3.6467	0.1442
 20	3.7857	0.1926
 21	3.8558	0.1958
 22	3.9384	0.2036
 23	4.0072	0.2060
 24	3.9476	0.2059
 25	3.8927	0.2048
 26	3.8421	0.2031
 27	3.7952	0.2009
 28	3.7516	0.1984
 29	3.7111	0.1957
 30	3.6838	0.1911
 31	3.6594	0.1864
 32	3.6921	0.1835
 33	3.7228	0.1805
 34	3.7871	0.1863
 35	3.8478	0.1906
 36	3.9052	0.1937
 37	3.9286	0.1899
 38	3.9509	0.1862
 39	3.9659	0.1820
 40	3.9975	0.1802
 41	4.0276	0.1783
 42	4.0563	0.1763
 43	4.0782	0.1736
 44	4.0616	0.1704
 45	4.0643	0.1667
 46	4.0669	0.1631
 47	4.1159	0.1668
 48	4.1725	0.1727
 49	4.2013	0.1715
 50	4.2290	0.1703
 51	4.2555	0.1690
 52	4.2520	0.1658
 53	4.2098	0.1680
 54	4.1691	0.1697
 55	4.1299	0.1711
 56	4.1291	0.1680
 57	4.1284	0.1651
 58	4.1289	0.1623
 59	4.1294	0.1595
 60	4.1196	0.1572
 61	4.1101	0.1549
 62	4.1233	0.1529
 63	4.1415	0.1516
 64	4.1479	0.1493
 65	4.1542	0.1472
 66	4.1603	0.1451
 67	4.1905	0.1460
 68	4.2392	0.1518
 69	4.3331	0.1763
 70	4.4243	0.1959
 71	4.5130	0.2123
 72	4.5978	0.2256
 73	4.6802	0.2371
 74	4.7373	0.2407
 75	4.7928	0.2438
 76	4.8470	0.2465
 77	4.8816	0.2457
 78	4.9045	0.2437
 79	4.9268	0.2416
 80	4.9452	0.2393
 81	4.9632	0.2370
 82	4.9690	0.2342
 83	4.9397	0.2332
 84	4.9211	0.2311
 85	4.9030	0.2291
 86	4.8853	0.2271
 87	4.8777	0.2247
 88	4.8941	0.2227
 89	4.9198	0.2217
 90	4.9450	0.2206
 91	4.9517	0.2183
 92	4.9478	0.2160
 93	4.9440	0.2137
 94	4.9403	0.2114
 95	4.9238	0.2099
 96	4.9077	0.2083
 97	4.8920	0.2067
 98	4.8765	0.2052
 99	4.8614	0.2037
100	4.8465	0.2022
  1	3.3779	0.0000
  2	3.9609	0.4123
  3	4.3876	0.4437
  4	4.6009	0.3807
  5	4.7289	0.3253
  6	4.8143	0.2821
  7	4.6169	0.3031
  8	4.4688	0.2992
  9	4.3537	0.2873
 10	4.1981	0.2977
 11	4.0709	0.2966
 12	3.9649	0.2902
 13	3.8752	0.2814
 14	3.7983	0.2716
 15	3.7316	0.2615
 16	3.6690	0.2526
 17	3.6137	0.2437
 18	3.5524	0.2377
 19	3.4975	0.2315
 20	3.6357	0.2579
 21	3.7214	0.2595
 22	3.8000	0.2593
 23	3.8432	0.2516
 24	3.7596	0.2546
 25	3.6828	0.2558
 26	3.6118	0.2556
 27	3.5461	0.2544
 28	3.4852	0.2525
 29	3.4284	0.2501
 30	3.3841	0.2457
 31	3.3426	0.2412
 32	3.3515	0.2338
 33	3.3661	0.2272
 34	3.4131	0.2253
 35	3.4575	0.2232
 36	3.4993	0.2209
 37	3.5389	0.2185
 38	3.5549	0.2133
 39	3.5592	0.2079
 40	3.5447	0.2032
 41	3.5309	0.1987
 42	3.5178	0.1944
 43	3.5177	0.1899
 44	3.4619	0.1936
 45	3.4085	0.1965
 46	3.3574	0.1988
 47	3.3437	0.1950
 48	3.3305	0.1914
 49	3.3111	0.1885
 50	3.2924	0.1856
 51	3.2744	0.1829
 52	3.2571	0.1802
 53	3.2405	0.1775
 54	3.2245	0.1750
 55	3.2091	0.1724
 56	3.2200	0.1697
 57	3.2426	0.1682
 58	3.2592	0.1661
 59	3.2752	0.1641
 60	3.2759	0.1614
 61	3.2766	0.1587
 62	3.3076	0.1592
 63	3.3389	0.1597
 64	3.3564	0.1581
 65	3.3772	0.1571
 66	3.3974	0.1560
 67	3.4431	0.1602
 68	3.5021	0.1684
 69	3.6040	0.1943
 70	3.7029	0.2153
 71	3.7991	0.2327
 72	3.8912	0.2471
 73	3.9808	0.2594
 74	4.0435	0.2634
 75	4.1045	0.2668
 76	4.1639	0.2699
 77	4.2054	0.2695
 78	4.2353	0.2677
 79	4.2480	0.2646
 80	4.2524	0.2614
 81	4.2781	0.2594
 82	4.2992	0.2571
 83	4.3427	0.2576
 84	4.3952	0.2599
 85	4.4464	0.2618
 86	4.4964	0.2635
 87	4.5485	0.2656
 88	4.5995	0.2674
 89	4.6590	0.2709
 90	4.7172	0.2741
 91	4.7531	0.2734
 92	4.7806	0.2718
 93	4.8076	0.2703
 94	4.8341	0.2687
 95	4.8433	0.2660
 96	4.8524	0.2634
 97	4.8612	0.2608
 98	4.8699	0.2583
 99	4.8784	0.2558
100	4.8886	0.2535
  1	5.8983	0.0000
  2	6.3731	0.3357
  3	6.5862	0.2835
  4	6.6928	0.2318
  5	6.7567	0.1941
  6	6.7994	0.1663
  7	6.6490	0.1993
  8	6.5362	0.2038
  9	6.4485	0.1991
 10	6.3784	0.1912
 11	6.3209	0.1822
 12	6.2731	0.1732
 13	6.2326	0.1645
 14	6.0430	0.2381
 15	6.0881	0.2265
 16	6.1261	0.2155
 17	6.1597	0.2054
 18	6.1665	0.1941
 19	6.1726	0.1840
 20	6.3422	0.2406
 21	6.4164	0.2403
 22	6.4839	0.2387
 23	6.5205	0.2311
 24	6.4442	0.2337
 25	6.3740	0.2347
 26	6.3092	0.2344
 27	6.2492	0.2333
 28	6.1934	0.2315
 29	6.1415	0.2293
 30	6.1039	0.2247
 31	6.0547	0.2228
 32	6.0599	0.2159
 33	6.0752	0.2099
 34	6.1232	0.2092
 35	6.1685	0.2080
 36	6.2113	0.2066
 37	6.2518	0.2049
 38	6.2701	0.2004
 39	6.2735	0.1953
 40	6.2675	0.1905
 41	6.2619	0.1859
 42	6.2565	0.1816
 43	6.2333	0.1788
 44	6.1729	0.1847
 45	6.0755	0.2046
 46	6.0417	0.2029
 47	6.0093	0.2012
 48	5.9743	0.2000
 49	5.9649	0.1962
 50	5.9559	0.1924
 51	5.9592	0.1887
 52	5.9623	0.1851
 53	5.9623	0.1816
 54	5.9623	0.1782
 55	5.9623	0.1750
 56	5.9226	0.1763
 57	5.8842	0.1774
 58	5.8309	0.1821
 59	5.7795	0.1862
 60	5.7499	0.1854
 61	5.7214	0.1845
 62	5.6612	0.1911
 63	5.6008	0.1974
 64	5.5423	0.2028
 65	5.5213	0.2008
 66	5.5010	0.1988
 67	5.5004	0.1958
 68	5.4908	0.1931
 69	5.5093	0.1912
 70	5.5624	0.1957
 71	5.6140	0.1997
 72	5.6661	0.2036
 73	5.7168	0.2070
 74	5.7412	0.2056
 75	5.7651	0.2043
 76	5.7883	0.2029
 77	5.8109	0.2015
 78	5.8230	0.1993
 79	5.8163	0.1969
 80	5.8056	0.1947
 81	5.8128	0.1924
 82	5.8133	0.1901
 83	5.8344	0.1890
 84	5.8646	0.1891
 85	5.8886	0.1884
 86	5.9121	0.1877
 87	5.9426	0.1880
 88	5.9724	0.1882
 89	6.0119	0.1902
 90	6.0506	0.1920
 91	6.0741	0.1913
 92	6.0807	0.1893
 93	6.0871	0.1874
 94	6.0934	0.1855
 95	6.0675	0.1854
 96	6.0421	0.1852
 97	6.0081	0.1863
 98	5.9749	0.1874
 99	5.9423	0.1883
100	5.9104	0.1891
  1	2.7498	0.0000
  2	2.8893	0.0986
  3	3.1227	0.2016
  4	3.2395	0.1819
  5	3.6402	0.3869
  6	3.9074	0.4042
  7	3.8364	0.3527
  8	3.7831	0.3126
  9	3.7417	0.2806
 10	3.8435	0.2703
 11	4.0512	0.3156
 12	4.2243	0.3335
 13	4.3708	0.3385
 14	4.5319	0.3505
 15	4.6715	0.3538
 16	4.8156	0.3599
 17	4.9427	0.3605
 18	4.9878	0.3433
 19	5.0281	0.3275
 20	4.8836	0.3416
 21	4.8864	0.3253
 22	4.8371	0.3142
 23	4.8146	0.3014
 24	4.8578	0.2919
 25	4.8975	0.2829
 26	4.9341	0.2744
 27	4.9268	0.2643
 28	4.9200	0.2550
 29	4.9137	0.2462
 30	4.9096	0.2381
 31	4.9483	0.2335
 32	5.0167	0.2360
 33	5.1047	0.2447
 34	5.2148	0.2611
 35	5.3186	0.2735
 36	5.4166	0.2829
 37	5.5127	0.2912
 38	5.5539	0.2864
 39	5.5975	0.2823
 40	5.6715	0.2848
 41	5.7420	0.2865
 42	5.8090	0.2874
 43	5.8761	0.2884
 44	5.9236	0.2857
 45	5.9986	0.2891
 46	6.0493	0.2872
 47	6.1438	0.2962
 48	6.2314	0.3028
 49	6.3046	0.3053
 50	6.3749	0.3072
 51	6.4443	0.3089
 52	6.4868	0.3059
 53	6.4869	0.3001
 54	6.4871	0.2945
 55	6.4872	0.2892
 56	6.4941	0.2841
 57	6.5008	0.2792
 58	6.5131	0.2746
 59	6.5159	0.2700
 60	6.5165	0.2655
 61	6.5171	0.2612
 62	6.5428	0.2582
 63	6.5678	0.2553
 64	6.5890	0.2522
 65	6.6082	0.2491
 66	6.6269	0.2460
 67	6.6660	0.2454
 68	6.7279	0.2495
 69	6.8334	0.2672
 70	6.9358	0.2824
 71	7.0354	0.2954
 72	7.1305	0.3062
 73	7.2229	0.3157
 74	7.2887	0.3182
 75	7.3527	0.3203
 76	7.4150	0.3221
 77	7.4557	0.3205
 78	7.4821	0.3175
 79	7.4848	0.3135
 80	7.4728	0.3098
 81	7.4610	0.3062
 82	7.4469	0.3028
 83	7.4044	0.3021
 84	7.3789	0.2996
 85	7.3541	0.2971
 86	7.3298	0.2946
 87	7.3169	0.2915
 88	7.3300	0.2885
 89	7.3498	0.2859
 90	7.3691	0.2834
 91	7.3766	0.2804
 92	7.3694	0.2774
 93	7.3623	0.2745
 94	7.3554	0.2717
 95	7.3185	0.2713
 96	7.2824	0.2709
 97	7.2436	0.2709
 98	7.2056	0.2708
 99	7.1662	0.2709
100	7.1277	0.2709
  1	3.3119	0.0000
  2	3.5739	0.1853
  3	3.7994	0.2217
  4	3.9121	0.1928
  5	3.9797	0.1657
  6	4.0248	0.1441
  7	3.8402	0.2109
  8	3.7017	0.2254
  9	3.5940	0.2246
 10	3.5079	0.2181
 11	3.4374	0.2093
 12	3.3787	0.2000
 13	3.3290	0.1906
 14	3.1827	0.2263
 15	3.2431	0.2191
 16	3.2940	0.2112
 17	3.3388	0.2035
 18	3.3787	0.1961
 19	3.4144	0.1890
 20	3.6347	0.2799
 21	3.7922	0.3077
 22	3.9353	0.3253
 23	3.9828	0.3146
 24	3.9634	0.3021
 25	3.9456	0.2906
 26	3.9291	0.2798
 27	3.9609	0.2713
 28	3.9905	0.2632
 29	4.0180	0.2556
 30	4.0562	0.2499
 31	4.0824	0.2432
 32	4.1633	0.2487
 33	4.2515	0.2563
 34	4.3692	0.2745
 35	4.4802	0.2882
 36	4.5850	0.2986
 37	4.6841	0.3066
 38	4.7519	0.3059
 39	4.7962	0.3012
 40	4.8382	0.2966
 41	4.8782	0.2921
 42	4.9163	0.2876
 43	4.9363	0.2816
 44	4.9196	0.2757
 45	4.8609	0.2758
 46	4.8048	0.2754
 47	4.7449	0.2760
 48	4.6876	0.2761
 49	4.6710	0.2710
 50	4.6683	0.2656
 51	4.6656	0.2604
 52	4.6631	0.2554
 53	4.6257	0.2533
 54	4.5897	0.2511
 55	4.5551	0.2489
 56	4.5216	0.2467
 57	4.4894	0.2445
 58	4.4750	0.2407
 59	4.4551	0.2374
 60	4.4360	0.2343
 61	4.4174	0.2312
 62	4.4217	0.2275
 63	4.4288	0.2240
 64	4.4357	0.2206
 65	4.4424	0.2173
 66	4.4489	0.2141
 67	4.4779	0.2129
 68	4.5197	0.2138
 69	4.6079	0.2281
 70	4.6935	0.2404
 71	4.7767	0.2510
 72	4.8549	0.2594
 73	4.9310	0.2668
 74	4.9859	0.2688
 75	5.0393	0.2704
 76	5.0913	0.2718
 77	5.1167	0.2695
 78	5.1292	0.2663
 79	5.1120	0.2635
 80	5.0954	0.2607
 81	5.0791	0.2580
 82	5.0611	0.2555
 83	5.0389	0.2534
 84	5.0273	0.2506
 85	5.0158	0.2480
 86	5.0047	0.2453
 87	4.9984	0.2426
 88	4.9921	0.2399
 89	4.9957	0.2372
 90	4.9992	0.2346
 91	5.0026	0.2321
 92	4.9979	0.2296
 93	4.9932	0.2272
 94	4.9886	0.2248
 95	4.9834	0.2225
 96	4.9784	0.2202
 97	4.9734	0.2180
 98	4.9686	0.2159
 99	4.9639	0.2137
100	4.9592	0.2116
  1	4.4987	0.0000
  2	5.4070	0.6423
  3	5.9524	0.6177
  4	6.2250	0.5200
  5	6.3886	0.4410
  6	6.4977	0.3807
  7	6.3020	0.3732
  8	6.1553	0.3543
  9	6.0412	0.3328
 10	5.9499	0.3118
 11	5.8962	0.2880
 12	5.8515	0.2674
 13	5.8137	0.2495
 14	5.7813	0.2338
 15	5.7532	0.2199
 16	5.7366	0.2068
 17	5.7220	0.1951
 18	5.5752	0.2330
 19	5.4440	0.2551
 20	5.5022	0.2489
 21	5.5235	0.2379
 22	5.5430	0.2279
 23	5.4702	0.2293
 24	5.3567	0.2462
 25	5.2524	0.2576
 26	5.1560	0.2651
 27	5.1017	0.2607
 28	5.0513	0.2563
 29	5.0044	0.2517
 30	4.9742	0.2451
 31	4.9486	0.2385
 32	4.9830	0.2335
 33	5.0153	0.2287
 34	5.0811	0.2312
 35	5.1431	0.2328
 36	5.2017	0.2336
 37	5.2571	0.2338
 38	5.2810	0.2288
 39	5.2862	0.2230
 40	5.2911	0.2175
 41	5.2958	0.2122
 42	5.3002	0.2072
 43	5.2963	0.2025
 44	5.2465	0.2039
 45	5.1606	0.2167
 46	5.0784	0.2270
 47	5.0103	0.2322
 48	4.9449	0.2364
 49	4.9132	0.2337
 50	4.9139	0.2290
 51	4.9147	0.2245
 52	4.9154	0.2202
 53	4.8864	0.2180
 54	4.8584	0.2157
 55	4.8315	0.2135
 56	4.8055	0.2112
 57	4.7805	0.2090
 58	4.7734	0.2055
 59	4.7649	0.2022
 60	4.7567	0.1990
 61	4.7487	0.1959
 62	4.7630	0.1933
 63	4.7810	0.1910
 64	4.7917	0.1884
 65	4.8021	0.1857
 66	4.8121	0.1832
 67	4.8441	0.1832
 68	4.8983	0.1884
 69	4.9976	0.2102
 70	5.0941	0.2283
 71	5.1878	0.2435
 72	5.2775	0.2561
 73	5.3647	0.2671
 74	5.4264	0.2705
 75	5.4864	0.2735
 76	5.5448	0.2760
 77	5.5830	0.2751
 78	5.6085	0.2727
 79	5.6108	0.2693
 80	5.6062	0.2660
 81	5.6151	0.2628
 82	5.6184	0.2596
 83	5.6310	0.2568
 84	5.6545	0.2548
 85	5.6775	0.2529
 86	5.7000	0.2509
 87	5.7272	0.2495
 88	5.7538	0.2481
 89	5.7798	0.2467
 90	5.8052	0.2452
 91	5.8179	0.2429
 92	5.8211	0.2402
 93	5.8243	0.2377
 94	5.8274	0.2352
 95	5.8125	0.2332
 96	5.7980	0.2312
 97	5.7837	0.2292
 98	5.7697	0.2273
 99	5.7547	0.2255
100	5.7400	0.2238
