   0	781.555938	1048.342261
   1	741.329432	957.130766
   2	710.698885	864.994839
   3	673.752236	811.088071
   4	668.942388	772.052596
   5	635.551510	747.227661
   6	628.260277	720.461821
   7	618.140312	704.308190
   8	606.171719	690.639940
   9	596.557960	679.028266
  10	568.306201	659.850013
  11	555.398587	643.261775
  12	547.235176	618.092780
  13	524.336145	597.464635
  14	523.388094	572.530158
  15	509.349712	556.596552
  16	495.501918	545.774879
  17	494.553867	535.682364
  18	485.330213	528.705104
  19	490.472016	520.855783
  20	486.655040	511.631754
  21	483.179325	505.427134
  22	479.962714	498.078457
  23	469.035117	491.532272
  24	465.449619	487.088528
  25	455.805051	481.628607
  26	450.137935	477.975988
  27	438.905729	471.018805
  28	438.905729	465.209132
  29	433.675212	458.979778
  30	433.211125	455.489842
  31	428.013229	449.388735
  32	407.975786	447.603718
  33	404.859897	443.065472
  34	404.859897	439.336325
  35	404.859897	435.941372
  36	401.795484	431.728415
  37	399.860696	429.451073
  38	394.752728	427.504717
  39	394.752728	423.481164
  40	394.752728	418.043650
  41	394.752728	417.889742
  42	392.666195	411.641731
  43	385.423659	411.016300
  44	383.185679	407.440813
  45	377.842046	401.592492
  46	377.842046	399.002806
  47	377.842046	394.646838
  48	377.842046	390.390204
  49	377.842046	387.603977
  50	377.842046	386.860841
  51	366.067957	384.977856
  52	355.893418	384.462811
  53	355.429332	380.159498
  54	351.823423	374.282190
  55	351.823423	371.282705
  56	351.823423	370.410109
  57	351.823423	367.807712
  58	349.737052	366.092869
  59	349.737052	364.675208
  60	344.994338	366.485656
  61	336.469396	366.716325
  62	336.240027	364.592556
  63	336.240027	364.650280
  64	334.898366	361.947929
  65	332.578118	357.444416
  66	330.000116	355.876319
  67	327.534616	355.649304
  68	326.966034	354.919300
  69	325.214368	353.049084
  70	324.409411	351.765832
  71	324.409411	350.322631
  72	323.781584	349.315882
  73	323.781584	345.332879
  74	323.740521	343.663888
  75	320.879307	339.147790
  76	320.879307	336.290918
  77	320.879307	335.507498
  78	320.879307	334.071956
  79	320.879307	333.553472
  80	320.879307	332.396641
  81	320.879307	332.614775
  82	318.384080	330.617211
  83	310.763890	328.464145
  84	310.496792	325.240102
  85	309.557770	323.393550
  86	309.557770	322.153419
  87	309.557770	321.117199
  88	309.557770	321.507465
  89	309.557770	321.357017
  90	309.557770	320.881423
  91	309.557770	320.411776
  92	303.503837	319.875201
  93	303.503837	320.740961
  94	303.363817	317.337224
  95	303.363817	314.785783
  96	302.596418	313.193956
  97	302.596418	311.972083
  98	299.974095	313.274157
  99	299.974095	313.458019
 100	298.953619	311.949248
 101	297.055413	311.319997
 102	297.055413	311.269034
 103	297.055413	309.844217
 104	297.055413	308.435583
 105	296.700413	306.694719
 106	295.895456	306.666664
 107	295.895456	305.639019
 108	295.895456	304.193867
 109	295.895456	303.766053
 110	295.895456	303.531148
 111	294.976018	303.925943
 112	291.950106	302.741660
 113	291.950106	299.900427
 114	290.929630	297.916894
 115	290.438783	296.807265
 116	290.438783	296.354675
 117	290.438783	295.985701
 118	290.438783	295.907822
 119	290.438783	295.492249
 120	290.438783	295.219517
 121	290.438783	295.021818
 122	290.438783	294.243160
 123	290.438783	294.556361
 124	290.438783	293.715504
 125	290.082762	293.188477
 126	290.082762	292.727058
 127	290.082762	292.582186
 128	290.082762	292.105696
 129	290.082762	292.239967
 130	290.082762	292.234690
 131	290.082762	292.011276
 132	288.322838	291.707282
 133	288.322838	291.653651
 134	287.677878	291.563216
 135	287.677878	291.532815
 136	287.187030	291.062448
 137	287.187030	290.764842
 138	287.187030	290.433404
 139	287.187030	290.551653
 140	287.187030	290.243247
 141	287.187030	289.967163
 142	287.142063	289.616021
 143	287.008192	289.304901
 144	287.008192	289.019540
 145	287.008192	288.859880
 146	286.517345	288.444908
 147	286.517345	288.069336
 148	286.517345	288.105715
 149	284.658059	288.064034
 150	284.658059	287.870267
 151	284.658059	287.439443
 152	284.658059	287.234145
 153	283.043726	286.956640
 154	283.043726	286.509632
 155	282.872999	286.166022
 156	282.872999	286.101445
 157	282.872999	286.428212
 158	282.872999	286.106295
 159	282.872999	285.927863
 160	282.872999	285.951646
 161	281.343266	285.998966
 162	281.343266	285.188928
 163	281.343266	284.702506
 164	281.343266	284.374470
 165	281.343266	284.038529
 166	281.343266	283.721322
 167	281.343266	283.873214
 168	281.343266	283.454725
 169	281.343266	283.674403
 170	281.343266	283.610975
 171	281.343266	283.616158
 172	281.343266	283.411935
 173	281.343266	283.151809
 174	278.715372	282.753072
 175	278.715372	282.667536
 176	278.715372	282.797939
 177	278.715372	282.305213
 178	278.715372	282.131851
 179	278.715372	281.944441
 180	278.715372	281.745875
 181	278.715372	281.608413
 182	278.715372	281.546769
 183	278.715372	281.473056
 184	278.715372	281.436876
 185	278.715372	281.286350
 186	278.715372	280.925549
 187	278.715372	280.830809
 188	278.715372	280.708027
 189	278.715372	280.473823
 190	278.715372	280.645740
 191	278.715372	280.550009
 192	278.715372	280.306931
 193	278.715372	280.183320
 194	278.715372	279.650613
 195	278.715372	279.938855
 196	278.715372	279.741991
 197	278.715372	279.371480
 198	278.715372	279.255095
 199	278.077789	279.207397
 200	278.077789	279.256879
 201	277.506379	279.253550
 202	277.506379	278.927038
 203	277.506379	278.406681
 204	277.506379	278.268789
 205	277.506379	278.162542
 206	277.506379	278.191991
 207	277.506379	278.134239
 208	277.506379	278.076147
 209	277.506379	278.056626
 210	277.506379	278.027387
 211	277.506379	278.021244
 212	277.506379	278.035565
 213	277.506379	277.962631
 214	277.506379	277.928605
 215	277.340806	277.908921
 216	277.340806	277.837444
 217	277.340806	277.815736
 218	277.340806	277.778897
 219	277.340806	277.779958
 220	277.340806	277.784612
 221	277.340806	277.808112
 222	277.340806	277.770240
 223	277.340806	277.760226
 224	277.340806	277.794873
 225	277.340806	277.781567
 226	277.340806	277.750278
 227	277.340806	277.746221
 228	277.340806	277.659977
 229	277.340806	277.675526
 230	276.680073	277.644268
 231	277.340806	277.638041
 232	277.340806	277.587934
 233	277.340806	277.533716
 234	277.340806	277.571112
 235	277.340806	277.519217
 236	277.340806	277.502854
 237	277.340806	277.529790
 238	277.340806	277.501830
 239	277.324058	277.463672
 240	277.324058	277.447116
 241	277.324058	277.464158
 242	277.040579	277.416134
 243	277.040579	277.413908
 244	277.040579	277.364470
 245	277.040579	277.388508
 246	277.040579	277.357481
 247	277.040579	277.329168
 248	277.040579	277.320458
 249	277.040579	277.319095
 250	277.040579	277.322433
 251	277.040579	277.331986
 252	277.040579	277.319686
 253	277.040579	277.322725
 254	277.040579	277.281327
 255	277.040579	277.258569
 256	277.040579	277.240486
 257	277.040579	277.241216
 258	277.040579	277.236279
 259	277.040579	277.232334
 260	277.040579	277.222320
 261	277.040579	277.210980
 262	276.720033	277.196482
 263	276.720033	277.189904
 264	276.720033	277.140603
 265	276.720033	277.096487
 266	276.720033	277.100349
 267	276.720033	277.106953
 268	276.720033	277.078911
 269	276.720033	277.073812
 270	276.720033	277.090354
 271	276.720033	277.091818
 272	276.720033	277.009630
 273	276.720033	276.999053
 274	276.720033	276.948781
 275	276.720033	276.935299
 276	276.720033	276.928708
 277	276.720033	276.923945
 278	276.720033	276.926875
 279	276.720033	276.939331
 280	276.091915	276.938152
 281	276.091915	276.909606
 282	275.926342	276.827365
 283	275.926342	276.718863
 284	275.926342	276.672177
 285	275.926342	276.613581
 286	275.926342	276.590742
 287	275.926342	276.618535
 288	275.926342	276.558432
 289	275.926342	276.523732
 290	275.926342	276.463150
 291	275.926342	276.465760
 292	275.926342	276.415391
 293	275.926342	276.299018
 294	275.926342	276.256850
 295	275.926342	276.224532
 296	275.926342	276.255829
 297	275.926342	276.283917
 298	275.926342	276.298998
 299	275.926342	276.260602
 300	275.926342	276.237711
 301	275.926342	276.235078
 302	275.926342	276.182723
 303	275.926342	276.164565
 304	275.926342	276.107271
 305	275.926342	276.132094
 306	275.926342	276.141106
 307	275.926342	276.176663
 308	275.926342	276.171381
 309	275.926342	276.122600
 310	275.926342	276.126722
 311	275.926342	276.090212
 312	275.926342	276.045387
 313	275.926342	276.070705
 314	275.926342	276.025881
 315	275.926342	276.045101
 316	275.926342	275.998181
 317	275.926342	276.025270
 318	275.926342	276.007181
 319	275.926342	275.989091
 320	275.926342	275.979481
 321	275.926342	275.987960
 322	275.926342	275.926342
 323	275.926342	275.936683
 324	275.926342	275.926342
 325	275.926342	275.926342
 326	275.926342	275.926342
 327	275.926342	275.948389
 328	275.926342	275.926342
 329	275.926342	275.926342
 330	275.926342	275.926342
 331	275.926342	275.926342
 332	275.926342	275.926342
 333	275.926342	275.926342
 334	275.926342	275.926342
 335	275.926342	275.926342
 336	275.926342	275.926342
 337	275.926342	275.926342
 338	275.926342	275.926342
 339	275.926342	275.926342
 340	275.926342	275.926342
 341	275.926342	275.926342
 342	275.926342	275.926342
 343	275.926342	275.926342
 344	275.926342	275.926342
 345	275.926342	275.926342
 346	275.926342	275.926342
 347	275.926342	275.926342
 348	275.926342	275.926342
 349	275.926342	275.926342
 350	275.926342	275.926342
 351	275.926342	275.926342
 352	275.926342	275.926342
 353	275.926342	275.926342
 354	275.926342	275.926342
 355	275.926342	275.926342
 356	275.926342	275.926342
 357	275.926342	275.926342
 358	275.926342	275.926342
 359	275.926342	275.926342
 360	275.926342	275.926342
 361	275.926342	275.926342
 362	275.926342	275.926342
 363	275.926342	275.926342
 364	275.926342	275.926342
 365	275.926342	275.926342
 366	275.926342	275.926342
 367	275.926342	275.926342
 368	275.926342	275.926342
 369	275.926342	275.926342
 370	275.926342	275.926342
 371	275.926342	275.926342
 372	275.926342	275.926342
 373	275.926342	275.926342
 374	275.926342	275.926342
 375	275.926342	275.926342
 376	275.926342	275.926342
 377	275.926342	275.926342
 378	275.926342	275.926342
 379	275.926342	275.926342
 380	275.926342	275.926342
 381	275.926342	275.926342
 382	275.926342	275.926342
 383	275.926342	275.926342
 384	275.926342	275.926342
 385	275.926342	275.926342
 386	275.926342	275.926342
 387	275.926342	275.926342
 388	275.926342	275.926342
 389	275.926342	275.926342
 390	275.926342	275.926342
 391	275.926342	275.926342
 392	275.926342	275.926342
 393	275.926342	275.926342
 394	275.926342	275.926342
 395	275.926342	275.926342
 396	275.926342	275.926342
 397	275.926342	275.926342
 398	275.926342	275.926342
 399	275.926342	275.926342
 400	275.926342	275.926342
 401	275.926342	275.926342
 402	275.926342	275.926342
 403	275.926342	275.926342
 404	275.926342	275.926342
 405	275.926342	275.926342
 406	275.926342	275.926342
 407	275.926342	275.926342
 408	275.926342	275.926342
 409	275.926342	275.926342
 410	275.926342	275.926342
 411	275.926342	275.926342
 412	275.926342	275.926342
 413	275.926342	275.926342
 414	275.926342	275.926342
 415	275.926342	275.926342
 416	275.926342	275.926342
 417	275.926342	275.926342
 418	275.926342	275.926342
 419	275.926342	275.926342
 420	275.926342	275.926342
 421	275.926342	275.926342
 422	275.926342	275.926342
 423	275.926342	275.926342
 424	275.926342	275.926342
 425	275.926342	275.926342
 426	275.926342	275.926342
 427	275.926342	275.926342
 428	275.926342	275.926342
 429	275.926342	275.926342
 430	275.926342	275.926342
 431	275.926342	275.926342
 432	275.926342	275.926342
 433	275.926342	275.926342
 434	275.926342	275.926342
 435	275.926342	275.926342
 436	275.926342	275.926342
 437	275.926342	275.926342
 438	275.926342	275.926342
 439	275.926342	275.926342
 440	275.926342	275.926342
 441	275.926342	275.926342
 442	275.926342	275.926342
 443	275.926342	275.926342
 444	275.926342	275.926342
 445	275.926342	275.926342
 446	275.926342	275.926342
 447	275.926342	275.926342
 448	275.926342	275.926342
 449	275.926342	275.926342
 450	275.926342	275.926342
 451	275.926342	275.926342
 452	275.926342	275.926342
 453	275.926342	275.926342
 454	275.926342	275.926342
 455	275.926342	275.926342
 456	275.926342	275.926342
 457	275.926342	275.926342
 458	275.926342	275.926342
 459	275.926342	275.926342
 460	275.926342	275.926342
 461	275.926342	275.926342
 462	275.926342	275.926342
 463	275.926342	275.926342
 464	275.926342	275.926342
 465	275.926342	275.926342
 466	275.926342	275.926342
 467	275.926342	275.926342
 468	275.926342	275.926342
 469	275.926342	275.926342
 470	275.926342	275.926342
 471	275.926342	275.926342
 472	275.926342	275.926342
 473	275.926342	275.926342
 474	275.926342	275.926342
 475	275.926342	275.926342
 476	275.926342	275.926342
 477	275.926342	275.926342
 478	275.926342	275.926342
 479	275.926342	275.926342
 480	275.926342	275.926342
 481	275.926342	275.926342
 482	275.926342	275.926342
 483	275.926342	275.926342
 484	275.926342	275.926342
 485	275.926342	275.926342
 486	275.926342	275.926342
 487	275.926342	275.926342
 488	275.926342	275.926342
 489	275.926342	275.926342
 490	275.926342	275.926342
 491	275.926342	275.926342
 492	275.926342	275.926342
 493	275.926342	275.926342
 494	275.926342	275.926342
 495	275.926342	275.926342
 496	275.926342	275.926342
 497	275.926342	275.926342
 498	275.926342	275.926342
 499	275.926342	275.926342
 500	275.926342	275.926342
 501	275.926342	275.926342
 502	275.926342	275.926342
 503	275.926342	275.926342
 504	275.926342	275.926342
 505	275.926342	275.926342
 506	275.926342	275.926342
 507	275.926342	275.926342
 508	275.926342	275.926342
 509	275.926342	275.926342
 510	275.926342	275.926342
 511	275.926342	275.926342
 512	275.926342	275.926342
 513	275.926342	275.926342
 514	275.926342	275.926342
 515	275.926342	275.926342
 516	275.926342	275.926342
 517	275.926342	275.926342
 518	275.926342	275.926342
 519	275.926342	275.926342
 520	275.926342	275.926342
 521	275.926342	275.926342
 522	275.926342	275.926342
 523	275.926342	275.926342
 524	275.926342	275.926342
 525	275.926342	275.926342
 526	275.926342	275.926342
 527	275.926342	275.926342
 528	275.926342	275.926342
 529	275.926342	275.926342
 530	275.926342	275.926342
 531	275.926342	275.926342
 532	275.926342	275.926342
 533	275.926342	275.926342
 534	275.926342	275.926342
 535	275.926342	275.926342
 536	275.926342	275.926342
 537	275.926342	275.926342
 538	275.926342	275.926342
 539	275.926342	275.926342
 540	275.926342	275.926342
 541	275.926342	275.926342
 542	275.926342	275.926342
 543	275.926342	275.926342
 544	275.926342	275.926342
 545	275.926342	275.926342
 546	275.926342	275.926342
 547	275.926342	275.926342
 548	275.926342	275.926342
 549	275.926342	275.926342
 550	275.926342	275.926342
 551	275.926342	275.926342
 552	275.926342	275.926342
 553	275.926342	275.926342
 554	275.926342	275.926342
 555	275.926342	275.926342
 556	275.926342	275.926342
 557	275.926342	275.926342
 558	275.926342	275.926342
 559	275.926342	275.926342
 560	275.926342	275.926342
 561	275.926342	275.926342
 562	275.926342	275.926342
 563	275.926342	275.926342
 564	275.926342	275.926342
 565	275.926342	275.926342
 566	275.926342	275.926342
 567	275.926342	275.926342
 568	275.926342	275.926342
 569	275.926342	275.926342
 570	275.926342	275.926342
 571	275.926342	275.926342
 572	275.926342	275.926342
 573	275.926342	275.926342
 574	275.926342	275.926342
 575	275.926342	275.926342
 576	275.926342	275.926342
 577	275.926342	275.926342
 578	275.926342	275.926342
 579	275.926342	275.926342
 580	275.926342	275.926342
 581	275.926342	275.926342
 582	275.926342	275.926342
 583	275.926342	275.926342
 584	275.926342	275.926342
 585	275.926342	275.926342
 586	275.926342	275.926342
 587	275.926342	275.926342
 588	275.926342	275.926342
 589	275.926342	275.926342
 590	275.926342	275.926342
 591	275.926342	275.926342
 592	275.926342	275.926342
 593	275.926342	275.926342
 594	275.926342	275.926342
 595	275.926342	275.926342
 596	275.926342	275.926342
 597	275.926342	275.926342
 598	275.926342	275.926342
 599	275.926342	275.926342
 600	275.926342	275.926342
 601	275.926342	275.926342
 602	275.926342	275.926342
 603	275.926342	275.926342
 604	275.926342	275.926342
 605	275.926342	275.926342
 606	275.926342	275.926342
 607	275.926342	275.926342
 608	275.926342	275.926342
 609	275.926342	275.926342
 610	275.926342	275.926342
 611	275.926342	275.926342
 612	275.926342	275.926342
 613	275.926342	275.926342
 614	275.926342	275.926342
 615	275.926342	275.926342
 616	275.926342	275.926342
 617	275.926342	275.926342
 618	275.926342	275.926342
 619	275.926342	275.926342
 620	275.926342	275.926342
 621	275.926342	275.926342
 622	275.926342	275.926342
 623	275.926342	275.926342
 624	275.926342	275.926342
 625	275.926342	275.926342
 626	275.926342	275.926342
 627	275.926342	275.926342
 628	275.926342	275.926342
 629	275.926342	275.926342
 630	275.926342	275.926342
 631	275.926342	275.926342
 632	275.926342	275.926342
 633	275.926342	275.926342
 634	275.926342	275.926342
 635	275.926342	275.926342
 636	275.926342	275.926342
 637	275.926342	275.926342
 638	275.926342	275.926342
 639	275.926342	275.926342
 640	275.926342	275.926342
 641	275.926342	275.926342
 642	275.926342	275.926342
 643	275.926342	275.926342
 644	275.926342	275.926342
 645	275.926342	275.926342
 646	275.926342	275.926342
 647	275.926342	275.926342
 648	275.926342	275.926342
 649	275.926342	275.926342
 650	275.926342	275.926342
 651	275.926342	275.926342
 652	275.926342	275.926342
 653	275.926342	275.926342
 654	275.926342	275.926342
 655	275.926342	275.926342
 656	275.926342	275.926342
 657	275.926342	275.926342
 658	275.926342	275.926342
 659	275.926342	275.926342
 660	275.926342	275.926342
 661	275.926342	275.926342
 662	275.926342	275.926342
 663	275.926342	275.926342
 664	275.926342	275.926342
 665	275.926342	275.926342
 666	275.926342	275.926342
 667	275.926342	275.926342
 668	275.926342	275.926342
 669	275.926342	275.926342
 670	275.926342	275.926342
 671	275.926342	275.926342
 672	275.926342	275.926342
 673	275.926342	275.926342
 674	275.926342	275.926342
 675	275.926342	275.926342
 676	275.926342	275.926342
 677	275.926342	275.926342
 678	275.926342	275.926342
 679	275.926342	275.926342
 680	275.926342	275.926342
 681	275.926342	275.926342
 682	275.926342	275.926342
 683	275.926342	275.926342
 684	275.926342	275.926342
 685	275.926342	275.926342
 686	275.926342	275.926342
 687	275.926342	275.926342
 688	275.926342	275.926342
 689	275.926342	275.926342
 690	275.926342	275.926342
 691	275.926342	275.926342
 692	275.926342	275.926342
 693	275.926342	275.926342
 694	275.926342	275.926342
 695	275.926342	275.926342
 696	275.926342	275.926342
 697	275.926342	275.926342
 698	275.926342	275.926342
 699	275.926342	275.926342
 700	275.926342	275.926342
 701	275.926342	275.926342
 702	275.926342	275.926342
 703	275.926342	275.926342
 704	275.926342	275.926342
 705	275.926342	275.926342
 706	275.926342	275.926342
 707	275.926342	275.926342
 708	275.926342	275.926342
 709	275.926342	275.926342
 710	275.926342	275.926342
 711	275.926342	275.926342
 712	275.926342	275.926342
 713	275.926342	275.926342
 714	275.926342	275.926342
 715	275.926342	275.926342
 716	275.926342	275.926342
 717	275.926342	275.926342
 718	275.926342	275.926342
 719	275.926342	275.926342
 720	275.926342	275.926342
 721	275.926342	275.926342
 722	275.926342	275.926342
 723	275.926342	275.926342
 724	275.926342	275.926342
 725	275.926342	275.926342
 726	275.926342	275.926342
 727	275.926342	275.926342
 728	275.926342	275.926342
 729	275.926342	275.926342
 730	275.926342	275.926342
 731	275.926342	275.926342
 732	275.926342	275.926342
 733	275.926342	275.926342
 734	275.926342	275.926342
 735	275.926342	275.926342
 736	275.926342	275.926342
 737	275.926342	275.926342
 738	275.926342	275.926342
 739	275.926342	275.926342
 740	275.926342	275.926342
 741	275.926342	275.926342
 742	275.926342	275.926342
 743	275.926342	275.926342
 744	275.926342	275.926342
 745	275.926342	275.926342
 746	275.926342	275.926342
 747	275.926342	275.926342
 748	275.926342	275.926342
 749	275.926342	275.926342
 750	275.926342	275.926342
 751	275.926342	275.926342
 752	275.926342	275.926342
 753	275.926342	275.926342
 754	275.926342	275.926342
 755	275.926342	275.926342
 756	275.926342	275.926342
 757	275.926342	275.926342
 758	275.926342	275.926342
 759	275.926342	275.926342
 760	275.926342	275.926342
 761	275.926342	275.926342
 762	275.926342	275.926342
 763	275.926342	275.926342
 764	275.926342	275.926342
 765	275.926342	275.926342
 766	275.926342	275.926342
 767	275.926342	275.926342
 768	275.926342	275.926342
 769	275.926342	275.926342
 770	275.926342	275.926342
 771	275.926342	275.926342
 772	275.926342	275.926342
 773	275.926342	275.926342
 774	275.926342	275.926342
 775	275.926342	275.926342
 776	275.926342	275.926342
 777	275.926342	275.926342
 778	275.926342	275.926342
 779	275.926342	275.926342
 780	275.926342	275.926342
 781	275.926342	275.926342
 782	275.926342	275.926342
 783	275.926342	275.926342
 784	275.926342	275.926342
 785	275.926342	275.926342
 786	275.926342	275.926342
 787	275.926342	275.926342
 788	275.926342	275.926342
 789	275.926342	275.926342
 790	275.926342	275.926342
 791	275.926342	275.926342
 792	275.926342	275.926342
 793	275.926342	275.926342
 794	275.926342	275.926342
 795	275.926342	275.926342
 796	275.926342	275.926342
 797	275.926342	275.926342
 798	275.926342	275.926342
 799	275.926342	275.926342
 800	275.926342	275.926342
 801	275.926342	275.926342
 802	275.926342	275.926342
 803	275.926342	275.926342
 804	275.926342	275.926342
 805	275.926342	275.926342
 806	275.926342	275.926342
 807	275.926342	275.926342
 808	275.926342	275.926342
 809	275.926342	275.926342
 810	275.926342	275.926342
 811	275.926342	275.926342
 812	275.926342	275.926342
 813	275.926342	275.926342
 814	275.926342	275.926342
 815	275.926342	275.926342
 816	275.926342	275.926342
 817	275.926342	275.926342
 818	275.926342	275.926342
 819	275.926342	275.926342
 820	275.926342	275.926342
 821	275.926342	275.926342
 822	275.926342	275.926342
 823	275.926342	275.926342
 824	275.926342	275.926342
 825	275.926342	275.926342
 826	275.926342	275.926342
 827	275.926342	275.926342
 828	275.926342	275.926342
 829	275.926342	275.926342
 830	275.926342	275.926342
 831	275.926342	275.926342
 832	275.926342	275.926342
 833	275.926342	275.926342
 834	275.926342	275.926342
 835	275.926342	275.926342
 836	275.926342	275.926342
 837	275.926342	275.926342
 838	275.926342	275.926342
 839	275.926342	275.926342
 840	275.926342	275.926342
 841	275.926342	275.926342
 842	275.926342	275.926342
 843	275.926342	275.926342
 844	275.926342	275.926342
 845	275.926342	275.926342
 846	275.926342	275.926342
 847	275.926342	275.926342
 848	275.926342	275.926342
 849	275.926342	275.926342
 850	275.926342	275.926342
 851	275.926342	275.926342
 852	275.926342	275.926342
 853	275.926342	275.926342
 854	275.926342	275.926342
 855	275.926342	275.926342
 856	275.926342	275.926342
 857	275.926342	275.926342
 858	275.926342	275.926342
 859	275.926342	275.926342
 860	275.926342	275.926342
 861	275.926342	275.926342
 862	275.926342	275.926342
 863	275.926342	275.926342
 864	275.926342	275.926342
 865	275.926342	275.926342
 866	275.926342	275.926342
 867	275.926342	275.926342
 868	275.926342	275.926342
 869	275.926342	275.926342
 870	275.926342	275.926342
 871	275.926342	275.926342
 872	275.926342	275.926342
 873	275.926342	275.926342
 874	275.926342	275.926342
 875	275.926342	275.926342
 876	275.926342	275.926342
 877	275.926342	275.926342
 878	275.926342	275.926342
 879	275.926342	275.926342
 880	275.926342	275.926342
 881	275.926342	275.926342
 882	275.926342	275.926342
 883	275.926342	275.926342
 884	275.926342	275.926342
 885	275.926342	275.926342
 886	275.926342	275.926342
 887	275.926342	275.926342
 888	275.926342	275.926342
 889	275.926342	275.926342
 890	275.926342	275.926342
 891	275.926342	275.926342
 892	275.926342	275.926342
 893	275.926342	275.926342
 894	275.926342	275.926342
 895	275.926342	275.926342
 896	275.926342	275.926342
 897	275.926342	275.926342
 898	275.926342	275.926342
 899	275.926342	275.926342
 900	275.926342	275.926342
 901	275.926342	275.926342
 902	275.926342	275.926342
 903	275.926342	275.926342
 904	275.926342	275.926342
 905	275.926342	275.926342
 906	275.926342	275.926342
 907	275.926342	275.926342
 908	275.926342	275.926342
 909	275.926342	275.926342
 910	275.926342	275.926342
 911	275.926342	275.926342
 912	275.926342	275.926342
 913	275.926342	275.926342
 914	275.926342	275.926342
 915	275.926342	275.926342
 916	275.926342	275.926342
 917	275.926342	275.926342
 918	275.926342	275.926342
 919	275.926342	275.926342
 920	275.926342	275.926342
 921	275.926342	275.926342
 922	275.926342	275.926342
 923	275.926342	275.926342
 924	275.926342	275.926342
 925	275.926342	275.926342
 926	275.926342	275.926342
 927	275.926342	275.926342
 928	275.926342	275.926342
 929	275.926342	275.926342
 930	275.926342	275.926342
 931	275.926342	275.926342
 932	275.926342	275.926342
 933	275.926342	275.926342
 934	275.926342	275.926342
 935	275.926342	275.926342
 936	275.926342	275.926342
 937	275.926342	275.926342
 938	275.926342	275.926342
 939	275.926342	275.926342
 940	275.926342	275.926342
 941	275.926342	275.926342
 942	275.926342	275.926342
 943	275.926342	275.926342
 944	275.926342	275.926342
 945	275.926342	275.926342
 946	275.926342	275.926342
 947	275.926342	275.926342
 948	275.926342	275.926342
 949	275.926342	275.926342
 950	275.926342	275.926342
 951	275.926342	275.926342
 952	275.926342	275.926342
 953	275.926342	275.926342
 954	275.926342	275.926342
 955	275.926342	275.926342
 956	275.926342	275.926342
 957	275.926342	275.926342
 958	275.926342	275.926342
 959	275.926342	275.926342
 960	275.926342	275.926342
 961	275.926342	275.926342
 962	275.926342	275.926342
 963	275.926342	275.926342
 964	275.926342	275.926342
 965	275.926342	275.926342
 966	275.926342	275.926342
 967	275.926342	275.926342
 968	275.926342	275.926342
 969	275.926342	275.926342
 970	275.926342	275.926342
 971	275.926342	275.926342
 972	275.926342	275.926342
 973	275.926342	275.926342
 974	275.926342	275.926342
 975	275.926342	275.926342
 976	275.926342	275.926342
 977	275.926342	275.926342
 978	275.926342	275.926342
 979	275.926342	275.926342
 980	275.926342	275.926342
 981	275.926342	275.926342
 982	275.926342	275.926342
 983	275.926342	275.926342
 984	275.926342	275.926342
 985	275.926342	275.926342
 986	275.926342	275.926342
 987	275.926342	275.926342
 988	275.926342	275.926342
 989	275.926342	275.926342
 990	275.926342	275.926342
 991	275.926342	275.926342
 992	275.926342	275.926342
 993	275.926342	275.926342
 994	275.926342	275.926342
 995	275.926342	275.926342
 996	275.926342	275.926342
 997	275.926342	275.926342
 998	275.926342	275.926342
 999	275.926342	275.926342
1000	275.926342	275.926342
