  1	345.7226	0.0000
  2	345.9067	0.1302
  3	345.9680	0.1002
  4	345.8058	0.1593
  5	345.5181	0.2872
  6	345.2186	0.3634
  7	345.0519	0.3476
  8	344.8311	0.3676
  9	344.6244	0.3805
 10	344.5585	0.3481
 11	344.5316	0.3175
 12	344.4371	0.3048
 13	344.3544	0.2923
 14	344.2836	0.2799
 15	344.3352	0.2659
 16	344.3256	0.2495
 17	344.3311	0.2349
 18	344.3201	0.2221
 19	344.2228	0.2307
 20	344.1206	0.2408
 21	344.0280	0.2464
 22	343.9133	0.2606
 23	343.8220	0.2648
 24	343.7275	0.2701
 25	343.6405	0.2729
 26	343.5602	0.2740
 27	343.5107	0.2683
 28	343.4647	0.2626
 29	343.4297	0.2559
 30	343.3970	0.2494
 31	343.3493	0.2459
 32	343.3046	0.2422
 33	343.2067	0.2539
 34	343.1041	0.2664
 35	343.0400	0.2664
 36	342.9696	0.2681
 37	342.9090	0.2676
 38	342.8024	0.2810
 39	342.7012	0.2914
 40	342.6051	0.2996
 41	342.5177	0.3048
 42	342.4424	0.3067
 43	342.3707	0.3078
 44	342.3022	0.3083
 45	342.2191	0.3125
 46	342.1352	0.3168
 47	342.0550	0.3200
 48	341.9780	0.3225
 49	341.9043	0.3242
 50	341.8280	0.3266
 51	341.7569	0.3278
 52	341.6643	0.3343
 53	341.5498	0.3471
 54	341.4397	0.3577
 55	341.3343	0.3664
 56	341.2226	0.3765
 57	341.0821	0.3952
 58	340.9373	0.4141
 59	340.7766	0.4371
 60	340.6129	0.4595
 61	340.4545	0.4785
 62	340.3012	0.4947
 63	340.1528	0.5086
 64	340.0102	0.5203
 65	339.8744	0.5297
 66	339.7412	0.5382
 67	339.6079	0.5464
 68	339.4807	0.5530
 69	339.3365	0.5635
 70	339.1868	0.5749
 71	339.0406	0.5851
 72	338.8991	0.5939
 73	338.7626	0.6012
 74	338.6299	0.6076
 75	338.4890	0.6156
 76	338.3518	0.6226
 77	338.2181	0.6287
 78	338.0778	0.6361
 79	337.9378	0.6433
 80	337.8013	0.6496
 81	337.6681	0.6550
 82	337.5357	0.6603
 83	337.3842	0.6695
 84	337.2363	0.6777
 85	337.0910	0.6851
 86	336.9328	0.6952
 87	336.7782	0.7041
 88	336.6271	0.7122
 89	336.4783	0.7195
 90	336.3328	0.7261
 91	336.1905	0.7319
 92	336.0471	0.7379
 93	335.9068	0.7432
 94	335.7776	0.7464
 95	335.6512	0.7492
 96	335.5273	0.7516
 97	335.4033	0.7540
 98	335.2840	0.7557
 99	335.1650	0.7573
100	335.0484	0.7587
  1	345.7226	0.0000
  2	345.9067	0.1302
  3	345.9680	0.1002
  4	345.8058	0.1593
  5	345.5181	0.2872
  6	345.2186	0.3634
  7	345.0519	0.3476
  8	344.8311	0.3676
  9	344.6244	0.3805
 10	344.5585	0.3481
 11	344.5316	0.3175
 12	344.4371	0.3048
 13	344.3544	0.2923
 14	344.2836	0.2799
 15	344.3352	0.2659
 16	344.3256	0.2495
 17	344.3311	0.2349
 18	344.3201	0.2221
 19	344.2228	0.2307
 20	344.1206	0.2408
 21	344.0280	0.2464
 22	343.9133	0.2606
 23	343.8220	0.2648
 24	343.7275	0.2701
 25	343.6405	0.2729
 26	343.5602	0.2740
 27	343.5107	0.2683
 28	343.4647	0.2626
 29	343.4297	0.2559
 30	343.3970	0.2494
 31	343.3493	0.2459
 32	343.3046	0.2422
 33	343.2067	0.2539
 34	343.1041	0.2664
 35	343.0400	0.2664
 36	342.9696	0.2681
 37	342.9090	0.2676
 38	342.8024	0.2810
 39	342.7012	0.2914
 40	342.6051	0.2996
 41	342.5177	0.3048
 42	342.4424	0.3067
 43	342.3707	0.3078
 44	342.3022	0.3083
 45	342.2191	0.3125
 46	342.1352	0.3168
 47	342.0550	0.3200
 48	341.9780	0.3225
 49	341.9043	0.3242
 50	341.8280	0.3266
 51	341.7569	0.3278
 52	341.6643	0.3343
 53	341.5498	0.3471
 54	341.4397	0.3577
 55	341.3343	0.3664
 56	341.2226	0.3765
 57	341.0821	0.3952
 58	340.9373	0.4141
 59	340.7766	0.4371
 60	340.6129	0.4595
 61	340.4545	0.4785
 62	340.3012	0.4947
 63	340.1528	0.5086
 64	340.0102	0.5203
 65	339.8744	0.5297
 66	339.7412	0.5382
 67	339.6079	0.5464
 68	339.4807	0.5530
 69	339.3365	0.5635
 70	339.1868	0.5749
 71	339.0406	0.5851
 72	338.8991	0.5939
 73	338.7626	0.6012
 74	338.6299	0.6076
 75	338.4890	0.6156
 76	338.3518	0.6226
 77	338.2181	0.6287
 78	338.0778	0.6361
 79	337.9378	0.6433
 80	337.8013	0.6496
 81	337.6681	0.6550
 82	337.5357	0.6603
 83	337.3842	0.6695
 84	337.2363	0.6777
 85	337.0910	0.6851
 86	336.9328	0.6952
 87	336.7782	0.7041
 88	336.6271	0.7122
 89	336.4783	0.7195
 90	336.3328	0.7261
 91	336.1905	0.7319
 92	336.0471	0.7379
 93	335.9068	0.7432
 94	335.7776	0.7464
 95	335.6512	0.7492
 96	335.5273	0.7516
 97	335.4033	0.7540
 98	335.2840	0.7557
 99	335.1650	0.7573
100	335.0484	0.7587
  1	322.8395	0.0000
  2	323.0268	0.1324
  3	323.0892	0.1019
  4	322.9272	0.1598
  5	322.6359	0.2903
  6	322.3315	0.3684
  7	322.1601	0.3534
  8	321.9369	0.3731
  9	321.7261	0.3867
 10	321.6557	0.3543
 11	321.6258	0.3234
 12	321.5285	0.3107
 13	321.4413	0.2988
 14	321.3665	0.2867
 15	321.4143	0.2715
 16	321.4030	0.2548
 17	321.4064	0.2398
 18	321.3939	0.2268
 19	321.2953	0.2353
 20	321.1934	0.2446
 21	321.1012	0.2497
 22	320.9878	0.2629
 23	320.8988	0.2661
 24	320.8076	0.2702
 25	320.7238	0.2721
 26	320.6464	0.2724
 27	320.6001	0.2662
 28	320.5571	0.2602
 29	320.5246	0.2532
 30	320.4943	0.2466
 31	320.4479	0.2429
 32	320.4045	0.2392
 33	320.3078	0.2507
 34	320.2065	0.2630
 35	320.1437	0.2629
 36	320.0753	0.2643
 37	320.0161	0.2637
 38	319.9106	0.2771
 39	319.8106	0.2875
 40	319.7155	0.2956
 41	319.6295	0.3006
 42	319.5552	0.3025
 43	319.4844	0.3037
 44	319.4167	0.3042
 45	319.3342	0.3084
 46	319.2505	0.3129
 47	319.1703	0.3163
 48	319.0935	0.3189
 49	319.0198	0.3208
 50	318.9438	0.3233
 51	318.8733	0.3245
 52	318.7815	0.3310
 53	318.6681	0.3437
 54	318.5590	0.3542
 55	318.4549	0.3627
 56	318.3443	0.3727
 57	318.2047	0.3914
 58	318.0607	0.4103
 59	317.9012	0.4333
 60	317.7388	0.4555
 61	317.5820	0.4742
 62	317.4304	0.4902
 63	317.2835	0.5040
 64	317.1426	0.5154
 65	317.0087	0.5246
 66	316.8776	0.5328
 67	316.7463	0.5408
 68	316.6210	0.5471
 69	316.4784	0.5575
 70	316.3304	0.5688
 71	316.1863	0.5788
 72	316.0464	0.5874
 73	315.9117	0.5946
 74	315.7806	0.6008
 75	315.6415	0.6087
 76	315.5060	0.6156
 77	315.3741	0.6216
 78	315.2353	0.6289
 79	315.0966	0.6361
 80	314.9614	0.6423
 81	314.8295	0.6478
 82	314.6988	0.6529
 83	314.5489	0.6621
 84	314.4026	0.6701
 85	314.2592	0.6774
 86	314.1028	0.6874
 87	313.9500	0.6962
 88	313.8007	0.7042
 89	313.6533	0.7115
 90	313.5092	0.7181
 91	313.3682	0.7239
 92	313.2261	0.7298
 93	313.0870	0.7351
 94	312.9589	0.7384
 95	312.8336	0.7411
 96	312.7108	0.7435
 97	312.5878	0.7460
 98	312.4695	0.7477
 99	312.3512	0.7494
100	312.2353	0.7508
  1	300.1236	0.0000
  2	300.3145	0.1349
  3	300.3781	0.1039
  4	300.2165	0.1602
  5	299.9211	0.2937
  6	299.6112	0.3740
  7	299.4345	0.3599
  8	299.2087	0.3792
  9	298.9932	0.3936
 10	298.9176	0.3614
 11	298.8844	0.3301
 12	298.7839	0.3175
 13	298.6914	0.3063
 14	298.6121	0.2945
 15	298.6555	0.2780
 16	298.6423	0.2610
 17	298.6432	0.2456
 18	298.6290	0.2324
 19	298.5290	0.2407
 20	298.4276	0.2491
 21	298.3359	0.2536
 22	298.2239	0.2656
 23	298.1376	0.2677
 24	298.0504	0.2704
 25	297.9702	0.2712
 26	297.8962	0.2707
 27	297.8537	0.2640
 28	297.8142	0.2575
 29	297.7846	0.2503
 30	297.7570	0.2435
 31	297.7122	0.2397
 32	297.6703	0.2359
 33	297.5751	0.2472
 34	297.4753	0.2593
 35	297.4140	0.2590
 36	297.3480	0.2601
 37	297.2904	0.2594
 38	297.1863	0.2726
 39	297.0876	0.2829
 40	296.9938	0.2910
 41	296.9095	0.2958
 42	296.8364	0.2977
 43	296.7666	0.2989
 44	296.7000	0.2994
 45	296.6182	0.3037
 46	296.5346	0.3084
 47	296.4546	0.3120
 48	296.3780	0.3148
 49	296.3044	0.3169
 50	296.2289	0.3194
 51	296.1591	0.3207
 52	296.0682	0.3271
 53	295.9561	0.3396
 54	295.8482	0.3500
 55	295.7458	0.3584
 56	295.6364	0.3683
 57	295.4981	0.3869
 58	295.3551	0.4058
 59	295.1970	0.4286
 60	295.0362	0.4506
 61	294.8814	0.4691
 62	294.7317	0.4848
 63	294.5868	0.4983
 64	294.4480	0.5095
 65	294.3162	0.5184
 66	294.1876	0.5263
 67	294.0587	0.5340
 68	293.9356	0.5401
 69	293.7951	0.5502
 70	293.6491	0.5614
 71	293.5075	0.5711
 72	293.3697	0.5796
 73	293.2370	0.5866
 74	293.1079	0.5927
 75	292.9710	0.6004
 76	292.8377	0.6071
 77	292.7078	0.6130
 78	292.5709	0.6202
 79	292.4338	0.6273
 80	292.3002	0.6336
 81	292.1698	0.6390
 82	292.0411	0.6441
 83	291.8932	0.6531
 84	291.7488	0.6611
 85	291.6078	0.6682
 86	291.4536	0.6779
 87	291.3030	0.6867
 88	291.1559	0.6945
 89	291.0102	0.7018
 90	290.8677	0.7083
 91	290.7284	0.7141
 92	290.5878	0.7200
 93	290.4502	0.7253
 94	290.3236	0.7286
 95	290.1996	0.7314
 96	290.0782	0.7337
 97	289.9564	0.7362
 98	289.8393	0.7380
 99	289.7219	0.7398
100	289.6069	0.7413
  1	277.6159	0.0000
  2	277.8108	0.1378
  3	277.8757	0.1060
  4	277.7147	0.1605
  5	277.4148	0.2974
  6	277.0989	0.3802
  7	276.9160	0.3673
  8	276.6874	0.3860
  9	276.4666	0.4013
 10	276.3851	0.3694
 11	276.3480	0.3377
 12	276.2438	0.3252
 13	276.1452	0.3148
 14	276.0607	0.3034
 15	276.0990	0.2856
 16	276.0835	0.2682
 17	276.0817	0.2524
 18	276.0653	0.2389
 19	275.9639	0.2470
 20	275.8631	0.2543
 21	275.7719	0.2581
 22	275.6618	0.2688
 23	275.5787	0.2696
 24	275.4962	0.2707
 25	275.4203	0.2703
 26	275.3502	0.2689
 27	275.3121	0.2616
 28	275.2767	0.2546
 29	275.2506	0.2472
 30	275.2262	0.2402
 31	275.1833	0.2362
 32	275.1431	0.2322
 33	275.0497	0.2433
 34	274.9518	0.2550
 35	274.8923	0.2546
 36	274.8292	0.2552
 37	274.7734	0.2544
 38	274.6711	0.2674
 39	274.5740	0.2777
 40	274.4818	0.2856
 41	274.3996	0.2902
 42	274.3277	0.2921
 43	274.2593	0.2932
 44	274.1939	0.2937
 45	274.1130	0.2981
 46	274.0297	0.3031
 47	273.9500	0.3069
 48	273.8736	0.3099
 49	273.8003	0.3121
 50	273.7253	0.3148
 51	273.6563	0.3161
 52	273.5667	0.3224
 53	273.4561	0.3348
 54	273.3498	0.3450
 55	273.2493	0.3531
 56	273.1415	0.3629
 57	273.0047	0.3814
 58	272.8630	0.4003
 59	272.7068	0.4229
 60	272.5479	0.4447
 61	272.3957	0.4627
 62	272.2484	0.4781
 63	272.1058	0.4914
 64	271.9695	0.5022
 65	271.8405	0.5108
 66	271.7149	0.5183
 67	271.5889	0.5256
 68	271.4685	0.5315
 69	271.3305	0.5414
 70	271.1870	0.5524
 71	271.0484	0.5617
 72	270.9131	0.5700
 73	270.7830	0.5768
 74	270.6563	0.5828
 75	270.5221	0.5903
 76	270.3913	0.5968
 77	270.2640	0.6025
 78	270.1294	0.6096
 79	269.9943	0.6167
 80	269.8626	0.6229
 81	269.7342	0.6283
 82	269.6079	0.6332
 83	269.4625	0.6420
 84	269.3205	0.6499
 85	269.1823	0.6568
 86	269.0310	0.6664
 87	268.8831	0.6749
 88	268.7385	0.6825
 89	268.5950	0.6898
 90	268.4546	0.6963
 91	268.3173	0.7020
 92	268.1786	0.7080
 93	268.0430	0.7132
 94	267.9181	0.7165
 95	267.7959	0.7193
 96	267.6762	0.7217
 97	267.5559	0.7242
 98	267.4403	0.7260
 99	267.3241	0.7279
100	267.2103	0.7295
  1	255.3715	0.0000
  2	255.5708	0.1409
  3	255.6372	0.1085
  4	255.4771	0.1608
  5	255.1722	0.3015
  6	254.8494	0.3872
  7	254.6596	0.3756
  8	254.4278	0.3937
  9	254.2011	0.4101
 10	254.1126	0.3785
 11	254.0710	0.3464
 12	253.9626	0.3340
 13	253.8569	0.3246
 14	253.7663	0.3138
 15	253.7986	0.2945
 16	253.7805	0.2767
 17	253.7754	0.2605
 18	253.7567	0.2467
 19	253.6535	0.2544
 20	253.5535	0.2605
 21	253.4631	0.2633
 22	253.3553	0.2726
 23	253.2761	0.2720
 24	253.1992	0.2713
 25	253.1284	0.2695
 26	253.0631	0.2669
 27	253.0303	0.2591
 28	252.9997	0.2516
 29	252.9777	0.2439
 30	252.9571	0.2366
 31	252.9164	0.2325
 32	252.8784	0.2283
 33	252.7871	0.2389
 34	252.6916	0.2503
 35	252.6343	0.2496
 36	252.5745	0.2497
 37	252.5210	0.2486
 38	252.4208	0.2615
 39	252.3258	0.2715
 40	252.2355	0.2793
 41	252.1558	0.2836
 42	252.0857	0.2854
 43	252.0188	0.2865
 44	251.9549	0.2870
 45	251.8753	0.2915
 46	251.7924	0.2967
 47	251.7131	0.3008
 48	251.6370	0.3040
 49	251.5641	0.3064
 50	251.4898	0.3092
 51	251.4219	0.3105
 52	251.3339	0.3167
 53	251.2252	0.3289
 54	251.1208	0.3390
 55	251.0228	0.3467
 56	250.9170	0.3563
 57	250.7821	0.3747
 58	250.6421	0.3935
 59	250.4882	0.4158
 60	250.3319	0.4373
 61	250.1828	0.4548
 62	250.0385	0.4698
 63	249.8988	0.4827
 64	249.7657	0.4932
 65	249.6401	0.5013
 66	249.5182	0.5083
 67	249.3957	0.5153
 68	249.2786	0.5208
 69	249.1438	0.5304
 70	249.0034	0.5412
 71	248.8686	0.5500
 72	248.7364	0.5581
 73	248.6094	0.5647
 74	248.4858	0.5704
 75	248.3549	0.5777
 76	248.2274	0.5840
 77	248.1031	0.5894
 78	247.9714	0.5964
 79	247.8389	0.6034
 80	247.7097	0.6095
 81	247.5837	0.6149
 82	247.4605	0.6196
 83	247.3182	0.6283
 84	247.1792	0.6360
 85	247.0446	0.6426
 86	246.8967	0.6519
 87	246.7522	0.6603
 88	246.6109	0.6677
 89	246.4701	0.6749
 90	246.3323	0.6813
 91	246.1976	0.6870
 92	246.0615	0.6929
 93	245.9282	0.6981
 94	245.8056	0.7014
 95	245.6856	0.7042
 96	245.5680	0.7066
 97	245.4498	0.7092
 98	245.3361	0.7110
 99	245.2215	0.7130
100	245.1091	0.7146
  1	233.4655	0.0000
  2	233.6699	0.1445
  3	233.7380	0.1112
  4	233.5791	0.1610
  5	233.2687	0.3060
  6	232.9383	0.3950
  7	232.7404	0.3849
  8	232.5053	0.4023
  9	232.2718	0.4199
 10	232.1751	0.3889
 11	232.1281	0.3564
 12	232.0150	0.3442
 13	231.9010	0.3360
 14	231.8033	0.3259
 15	231.8284	0.3051
 16	231.8071	0.2868
 17	231.7981	0.2701
 18	231.7765	0.2559
 19	231.6714	0.2632
 20	231.5727	0.2679
 21	231.4833	0.2696
 22	231.3783	0.2771
 23	231.3039	0.2748
 24	231.2338	0.2722
 25	231.1693	0.2688
 26	231.1097	0.2650
 27	231.0832	0.2565
 28	231.0585	0.2485
 29	231.0413	0.2406
 30	231.0252	0.2331
 31	230.9873	0.2286
 32	230.9518	0.2242
 33	230.8634	0.2342
 34	230.7707	0.2450
 35	230.7162	0.2440
 36	230.6605	0.2435
 37	230.6098	0.2421
 38	230.5123	0.2546
 39	230.4198	0.2643
 40	230.3320	0.2719
 41	230.2555	0.2758
 42	230.1875	0.2775
 43	230.1226	0.2786
 44	230.0607	0.2790
 45	229.9826	0.2836
 46	229.9003	0.2891
 47	229.8215	0.2935
 48	229.7460	0.2969
 49	229.6736	0.2995
 50	229.6004	0.3024
 51	229.5337	0.3037
 52	229.4478	0.3098
 53	229.3416	0.3216
 54	229.2397	0.3314
 55	229.1447	0.3387
 56	229.0415	0.3481
 57	228.9091	0.3662
 58	228.7714	0.3850
 59	228.6205	0.4069
 60	228.4675	0.4280
 61	228.3224	0.4449
 62	228.1820	0.4593
 63	228.0460	0.4717
 64	227.9169	0.4817
 65	227.7955	0.4893
 66	227.6783	0.4958
 67	227.5603	0.5022
 68	227.4474	0.5074
 69	227.3166	0.5166
 70	227.1800	0.5270
 71	227.0501	0.5353
 72	226.9218	0.5430
 73	226.7987	0.5494
 74	226.6791	0.5548
 75	226.5523	0.5617
 76	226.4288	0.5677
 77	226.3086	0.5729
 78	226.1806	0.5797
 79	226.0514	0.5866
 80	225.9254	0.5927
 81	225.8025	0.5979
 82	225.6832	0.6024
 83	225.5448	0.6109
 84	225.4097	0.6184
 85	225.2795	0.6246
 86	225.1360	0.6336
 87	224.9968	0.6415
 88	224.8608	0.6484
 89	224.7245	0.6553
 90	224.5911	0.6615
 91	224.4608	0.6669
 92	224.3288	0.6726
 93	224.1997	0.6776
 94	224.0809	0.6808
 95	223.9647	0.6834
 96	223.8509	0.6857
 97	223.7362	0.6882
 98	223.6261	0.6899
 99	223.5145	0.6919
100	223.4051	0.6936
  1	212.1028	0.0000
  2	212.3113	0.1475
  3	212.3808	0.1135
  4	212.2229	0.1611
  5	211.9082	0.3096
  6	211.5717	0.4012
  7	211.3673	0.3925
  8	211.1296	0.4091
  9	210.8907	0.4278
 10	210.7872	0.3973
 11	210.7357	0.3645
 12	210.6185	0.3525
 13	210.4976	0.3455
 14	210.3940	0.3360
 15	210.4128	0.3141
 16	210.3889	0.2954
 17	210.3764	0.2783
 18	210.3525	0.2638
 19	210.2458	0.2707
 20	210.1481	0.2742
 21	210.0596	0.2750
 22	209.9572	0.2810
 23	209.8868	0.2774
 24	209.8226	0.2732
 25	209.7635	0.2686
 26	209.7089	0.2637
 27	209.6877	0.2548
 28	209.6680	0.2465
 29	209.6550	0.2383
 30	209.6428	0.2307
 31	209.6073	0.2260
 32	209.5740	0.2213
 33	209.4880	0.2307
 34	209.3979	0.2409
 35	209.3458	0.2396
 36	209.2937	0.2385
 37	209.2454	0.2369
 38	209.1504	0.2490
 39	209.0602	0.2584
 40	208.9746	0.2658
 41	208.9009	0.2693
 42	208.8347	0.2709
 43	208.7716	0.2719
 44	208.7114	0.2723
 45	208.6348	0.2768
 46	208.5531	0.2826
 47	208.4749	0.2872
 48	208.4000	0.2908
 49	208.3282	0.2936
 50	208.2559	0.2965
 51	208.1905	0.2978
 52	208.1064	0.3037
 53	208.0025	0.3153
 54	207.9028	0.3248
 55	207.8106	0.3317
 56	207.7097	0.3408
 57	207.5798	0.3587
 58	207.4441	0.3773
 59	207.2961	0.3989
 60	207.1462	0.4195
 61	207.0048	0.4358
 62	206.8679	0.4497
 63	206.7354	0.4617
 64	206.6099	0.4712
 65	206.4925	0.4784
 66	206.3795	0.4843
 67	206.2655	0.4903
 68	206.1564	0.4951
 69	206.0293	0.5040
 70	205.8964	0.5140
 71	205.7673	0.5227
 72	205.6391	0.5309
 73	205.5164	0.5377
 74	205.3970	0.5435
 75	205.2708	0.5507
 76	205.1480	0.5570
 77	205.0283	0.5625
 78	204.9008	0.5695
 79	204.7717	0.5768
 80	204.6459	0.5831
 81	204.5232	0.5887
 82	204.4047	0.5933
 83	204.2672	0.6019
 84	204.1330	0.6095
 85	204.0042	0.6158
 86	203.8622	0.6248
 87	203.7237	0.6328
 88	203.5884	0.6399
 89	203.4523	0.6470
 90	203.3192	0.6533
 91	203.1891	0.6590
 92	203.0573	0.6649
 93	202.9284	0.6701
 94	202.8097	0.6734
 95	202.6935	0.6763
 96	202.5793	0.6788
 97	202.4641	0.6815
 98	202.3535	0.6835
 99	202.2411	0.6858
100	202.1310	0.6877
  1	190.7945	0.0000
  2	191.0071	0.1503
  3	191.0779	0.1157
  4	190.9210	0.1613
  5	190.6021	0.3130
  6	190.2600	0.4069
  7	190.0495	0.3996
  8	189.8097	0.4154
  9	189.5656	0.4351
 10	189.4555	0.4052
 11	189.3995	0.3723
 12	189.2783	0.3604
 13	189.1505	0.3546
 14	189.0410	0.3458
 15	189.0536	0.3230
 16	189.0271	0.3039
 17	189.0112	0.2864
 18	188.9848	0.2717
 19	188.8766	0.2781
 20	188.7799	0.2805
 21	188.6924	0.2805
 22	188.5926	0.2849
 23	188.5014	0.2868
 24	188.4198	0.2862
 25	188.3448	0.2844
 26	188.2755	0.2818
 27	188.2413	0.2734
 28	188.2095	0.2655
 29	188.1849	0.2575
 30	188.1618	0.2499
 31	188.1151	0.2462
 32	188.0714	0.2423
 33	187.9759	0.2531
 34	187.8770	0.2643
 35	187.8166	0.2635
 36	187.7578	0.2627
 37	187.7023	0.2614
 38	187.6007	0.2736
 39	187.5042	0.2830
 40	187.4126	0.2904
 41	187.3338	0.2938
 42	187.2622	0.2954
 43	187.1938	0.2964
 44	187.1286	0.2967
 45	187.0470	0.3011
 46	186.9600	0.3069
 47	186.8767	0.3115
 48	186.7968	0.3151
 49	186.7203	0.3178
 50	186.6438	0.3205
 51	186.5747	0.3216
 52	186.4876	0.3270
 53	186.3812	0.3377
 54	186.2793	0.3465
 55	186.1853	0.3527
 56	186.0824	0.3611
 57	185.9508	0.3780
 58	185.8133	0.3957
 59	185.6643	0.4161
 60	185.5136	0.4356
 61	185.3721	0.4508
 62	185.2351	0.4639
 63	185.1031	0.4749
 64	184.9784	0.4836
 65	184.8620	0.4900
 66	184.7503	0.4951
 67	184.6376	0.5004
 68	184.5296	0.5046
 69	184.4036	0.5127
 70	184.2718	0.5221
 71	184.1437	0.5302
 72	184.0162	0.5380
 73	183.8941	0.5443
 74	183.7754	0.5497
 75	183.6501	0.5565
 76	183.5282	0.5624
 77	183.4094	0.5675
 78	183.2826	0.5742
 79	183.1541	0.5811
 80	183.0288	0.5872
 81	182.9066	0.5925
 82	182.7891	0.5968
 83	182.6528	0.6050
 84	182.5198	0.6123
 85	182.3926	0.6181
 86	182.2522	0.6267
 87	182.1147	0.6344
 88	181.9806	0.6412
 89	181.8454	0.6481
 90	181.7132	0.6542
 91	181.5839	0.6597
 92	181.4529	0.6654
 93	181.3248	0.6705
 94	181.2068	0.6736
 95	181.0913	0.6764
 96	180.9774	0.6788
 97	180.8625	0.6815
 98	180.7521	0.6834
 99	180.6399	0.6857
100	180.5298	0.6876
  1	169.2296	0.0000
  2	169.4449	0.1522
  3	169.5167	0.1172
  4	169.3600	0.1617
  5	169.0384	0.3154
  6	168.6929	0.4106
  7	168.4785	0.4041
  8	168.2375	0.4193
  9	167.9902	0.4396
 10	167.8758	0.4103
 11	167.8167	0.3772
 12	167.6927	0.3656
 13	167.5604	0.3606
 14	167.4470	0.3522
 15	167.4554	0.3288
 16	167.4271	0.3095
 17	167.4088	0.2918
 18	167.3806	0.2770
 19	167.2714	0.2831
 20	167.1754	0.2848
 21	167.0885	0.2842
 22	166.9903	0.2877
 23	166.9007	0.2888
 24	166.8219	0.2873
 25	166.7495	0.2848
 26	166.6827	0.2816
 27	166.6511	0.2729
 28	166.6219	0.2648
 29	166.5992	0.2566
 30	166.5780	0.2489
 31	166.5323	0.2450
 32	166.4894	0.2411
 33	166.3950	0.2516
 34	166.2975	0.2624
 35	166.2381	0.2616
 36	166.1813	0.2604
 37	166.1271	0.2589
 38	166.0268	0.2709
 39	165.9316	0.2801
 40	165.8412	0.2874
 41	165.7640	0.2905
 42	165.6933	0.2921
 43	165.6259	0.2930
 44	165.5616	0.2933
 45	165.4807	0.2977
 46	165.3939	0.3036
 47	165.3109	0.3083
 48	165.2312	0.3120
 49	165.1549	0.3148
 50	165.0789	0.3176
 51	165.0104	0.3187
 52	164.9244	0.3239
 53	164.8196	0.3343
 54	164.7191	0.3429
 55	164.6269	0.3489
 56	164.5257	0.3570
 57	164.3957	0.3737
 58	164.2598	0.3912
 59	164.1129	0.4112
 60	163.9645	0.4303
 61	163.8256	0.4451
 62	163.6912	0.4577
 63	163.5613	0.4685
 64	163.4389	0.4769
 65	163.3249	0.4830
 66	163.2159	0.4879
 67	163.1059	0.4928
 68	163.0003	0.4968
 69	162.8767	0.5047
 70	162.7473	0.5138
 71	162.6216	0.5217
 72	162.4959	0.5294
 73	162.3756	0.5356
 74	162.2586	0.5410
 75	162.1354	0.5477
 76	162.0155	0.5534
 77	161.8987	0.5585
 78	161.7737	0.5651
 79	161.6467	0.5720
 80	161.5230	0.5781
 81	161.4022	0.5834
 82	161.2867	0.5877
 83	161.1525	0.5957
 84	161.0216	0.6028
 85	160.8937	0.6092
 86	160.7526	0.6182
 87	160.6140	0.6264
 88	160.4786	0.6338
 89	160.3417	0.6413
 90	160.2079	0.6479
 91	160.0771	0.6539
 92	159.9446	0.6601
 93	159.8149	0.6656
 94	159.6954	0.6692
 95	159.5783	0.6723
 96	159.4626	0.6752
 97	159.3459	0.6782
 98	159.2338	0.6805
 99	159.1196	0.6831
100	159.0077	0.6854
  1	147.5458	0.0000
  2	147.7633	0.1538
  3	147.8358	0.1184
  4	147.6801	0.1615
  5	147.3563	0.3171
  6	147.0076	0.4137
  7	146.7897	0.4080
  8	146.5476	0.4227
  9	146.2975	0.4436
 10	146.1791	0.4148
 11	146.1174	0.3816
 12	145.9913	0.3701
 13	145.8552	0.3658
 14	145.7385	0.3578
 15	145.7433	0.3340
 16	145.7135	0.3144
 17	145.6933	0.2966
 18	145.6638	0.2816
 19	145.5540	0.2874
 20	145.4588	0.2884
 21	145.3726	0.2872
 22	145.2762	0.2899
 23	145.1882	0.2903
 24	145.1123	0.2880
 25	145.0424	0.2848
 26	144.9779	0.2811
 27	144.9491	0.2721
 28	144.9224	0.2637
 29	144.9016	0.2554
 30	144.8823	0.2477
 31	144.8375	0.2437
 32	144.7955	0.2397
 33	144.7023	0.2499
 34	144.6060	0.2604
 35	144.5478	0.2594
 36	144.4929	0.2579
 37	144.4399	0.2563
 38	144.3409	0.2680
 39	144.2469	0.2771
 40	144.1577	0.2842
 41	144.0821	0.2872
 42	144.0124	0.2887
 43	143.9459	0.2895
 44	143.8824	0.2898
 45	143.8023	0.2942
 46	143.7158	0.3003
 47	143.6329	0.3051
 48	143.5535	0.3089
 49	143.4773	0.3119
 50	143.4018	0.3146
 51	143.3340	0.3157
 52	143.2492	0.3208
 53	143.1458	0.3310
 54	143.0468	0.3394
 55	142.9564	0.3450
 56	142.8567	0.3530
 57	142.7284	0.3694
 58	142.5939	0.3867
 59	142.4491	0.4064
 60	142.3029	0.4251
 61	142.1667	0.4394
 62	142.0350	0.4516
 63	141.9071	0.4622
 64	141.7869	0.4703
 65	141.6753	0.4762
 66	141.5690	0.4807
 67	141.4615	0.4854
 68	141.3584	0.4890
 69	141.2372	0.4968
 70	141.1102	0.5056
 71	140.9867	0.5134
 72	140.8628	0.5210
 73	140.7444	0.5271
 74	140.6292	0.5324
 75	140.5080	0.5390
 76	140.3901	0.5446
 77	140.2752	0.5495
 78	140.1520	0.5561
 79	140.0267	0.5630
 80	139.9044	0.5691
 81	139.7852	0.5744
 82	139.6689	0.5791
 83	139.5341	0.5876
 84	139.4025	0.5951
 85	139.2740	0.6019
 86	139.1324	0.6113
 87	138.9930	0.6200
 88	138.8563	0.6278
 89	138.7181	0.6358
 90	138.5830	0.6429
 91	138.4508	0.6493
 92	138.3170	0.6559
 93	138.1861	0.6618
 94	138.0652	0.6657
 95	137.9468	0.6691
 96	137.8296	0.6723
 97	137.7114	0.6757
 98	137.5978	0.6783
 99	137.4820	0.6812
100	137.3686	0.6838
  1	125.7750	0.0000
  2	125.9945	0.1553
  3	126.0677	0.1195
  4	125.9120	0.1619
  5	125.5864	0.3188
  6	125.2355	0.4161
  7	125.0151	0.4109
  8	124.7725	0.4252
  9	124.5203	0.4465
 10	124.3990	0.4180
 11	124.3351	0.3849
 12	124.2071	0.3735
 13	124.0680	0.3698
 14	123.9487	0.3621
 15	123.9508	0.3379
 16	123.9196	0.3183
 17	123.8979	0.3003
 18	123.8673	0.2852
 19	123.7568	0.2908
 20	123.6620	0.2913
 21	123.5763	0.2897
 22	123.4812	0.2918
 23	123.3942	0.2917
 24	123.3205	0.2888
 25	123.2526	0.2851
 26	123.1899	0.2809
 27	123.1631	0.2718
 28	123.1383	0.2632
 29	123.1191	0.2548
 30	123.1011	0.2470
 31	123.0569	0.2429
 32	123.0156	0.2388
 33	122.9233	0.2488
 34	122.8280	0.2591
 35	122.7706	0.2579
 36	122.7173	0.2562
 37	122.6652	0.2546
 38	122.5672	0.2660
 39	122.4742	0.2750
 40	122.3859	0.2819
 41	122.3116	0.2847
 42	122.2426	0.2861
 43	122.1769	0.2869
 44	122.1141	0.2872
 45	122.0346	0.2916
 46	121.9482	0.2978
 47	121.8656	0.3027
 48	121.7863	0.3066
 49	121.7103	0.3096
 50	121.6352	0.3124
 51	121.5679	0.3134
 52	121.4840	0.3184
 53	121.3820	0.3284
 54	121.2842	0.3366
 55	121.1954	0.3420
 56	121.0970	0.3497
 57	120.9701	0.3659
 58	120.8370	0.3830
 59	120.6941	0.4023
 60	120.5500	0.4206
 61	120.4162	0.4345
 62	120.2868	0.4463
 63	120.1608	0.4567
 64	120.0427	0.4646
 65	119.9281	0.4713
 66	119.8194	0.4766
 67	119.7094	0.4820
 68	119.6037	0.4863
 69	119.4801	0.4947
 70	119.3509	0.5043
 71	119.2253	0.5126
 72	119.0988	0.5208
 73	118.9781	0.5275
 74	118.8606	0.5333
 75	118.7375	0.5402
 76	118.6176	0.5462
 77	118.5009	0.5515
 78	118.3758	0.5584
 79	118.2485	0.5657
 80	118.1244	0.5720
 81	118.0034	0.5776
 82	117.8853	0.5826
 83	117.7489	0.5913
 84	117.6158	0.5990
 85	117.4858	0.6059
 86	117.3428	0.6155
 87	117.2015	0.6244
 88	117.0628	0.6326
 89	116.9222	0.6409
 90	116.7848	0.6483
 91	116.6504	0.6550
 92	116.5144	0.6619
 93	116.3813	0.6680
 94	116.2582	0.6721
 95	116.1377	0.6758
 96	116.0182	0.6792
 97	115.8976	0.6828
 98	115.7817	0.6856
 99	115.6634	0.6888
100	115.5476	0.6916
  1	103.7376	0.0000
  2	103.9589	0.1565
  3	104.0326	0.1204
  4	103.8783	0.1613
  5	103.5511	0.3198
  6	103.1978	0.4184
  7	102.9743	0.4140
  8	102.7308	0.4279
  9	102.4763	0.4498
 10	102.3519	0.4216
 11	102.2860	0.3884
 12	102.1565	0.3770
 13	102.0147	0.3738
 14	101.8931	0.3663
 15	101.8927	0.3419
 16	101.8604	0.3220
 17	101.8376	0.3039
 18	101.8063	0.2886
 19	101.6957	0.2938
 20	101.6020	0.2937
 21	101.5173	0.2917
 22	101.4239	0.2930
 23	101.3385	0.2924
 24	101.2675	0.2887
 25	101.2022	0.2845
 26	101.1419	0.2799
 27	101.1179	0.2705
 28	101.0957	0.2618
 29	101.0783	0.2533
 30	101.0621	0.2454
 31	101.0188	0.2413
 32	100.9783	0.2371
 33	100.8871	0.2468
 34	100.7933	0.2568
 35	100.7370	0.2555
 36	100.6855	0.2536
 37	100.6345	0.2518
 38	100.5378	0.2631
 39	100.4461	0.2718
 40	100.3590	0.2787
 41	100.2761	0.2839
 42	100.1986	0.2875
 43	100.1248	0.2902
 44	100.0543	0.2920
 45	99.9673	0.2982
 46	99.8735	0.3061
 47	99.7837	0.3125
 48	99.6976	0.3176
 49	99.6151	0.3217
 50	99.5339	0.3253
 51	99.4609	0.3271
 52	99.3718	0.3327
 53	99.2651	0.3431
 54	99.1629	0.3516
 55	99.0701	0.3573
 56	98.9677	0.3653
 57	98.8372	0.3815
 58	98.7005	0.3986
 59	98.5546	0.4177
 60	98.4079	0.4358
 61	98.2721	0.4493
 62	98.1406	0.4609
 63	98.0123	0.4711
 64	97.8921	0.4788
 65	97.7756	0.4854
 66	97.6652	0.4904
 67	97.5536	0.4956
 68	97.4464	0.4998
 69	97.3213	0.5080
 70	97.1907	0.5173
 71	97.0638	0.5253
 72	96.9356	0.5334
 73	96.8133	0.5400
 74	96.6942	0.5456
 75	96.5699	0.5523
 76	96.4489	0.5582
 77	96.3310	0.5632
 78	96.2048	0.5700
 79	96.0762	0.5771
 80	95.9508	0.5833
 81	95.8285	0.5888
 82	95.7092	0.5936
 83	95.5719	0.6021
 84	95.4378	0.6097
 85	95.3069	0.6164
 86	95.1632	0.6258
 87	95.0205	0.6346
 88	94.8801	0.6428
 89	94.7376	0.6512
 90	94.5983	0.6587
 91	94.4620	0.6654
 92	94.3242	0.6723
 93	94.1894	0.6784
 94	94.0644	0.6826
 95	93.9421	0.6863
 96	93.8206	0.6898
 97	93.6980	0.6935
 98	93.5800	0.6964
 99	93.4597	0.6997
100	93.3418	0.7025
  1	81.3520	0.0000
  2	81.5755	0.1581
  3	81.6501	0.1217
  4	81.4958	0.1618
  5	81.1666	0.3217
  6	80.8110	0.4210
  7	80.5852	0.4170
  8	80.3413	0.4304
  9	80.0846	0.4526
 10	79.9571	0.4250
 11	79.8890	0.3917
 12	79.7575	0.3805
 13	79.6127	0.3778
 14	79.4886	0.3706
 15	79.4857	0.3459
 16	79.4520	0.3259
 17	79.4277	0.3077
 18	79.3955	0.2923
 19	79.2844	0.2972
 20	79.1914	0.2966
 21	79.1073	0.2941
 22	79.0154	0.2948
 23	78.9314	0.2937
 24	78.8631	0.2893
 25	78.8002	0.2844
 26	78.7422	0.2794
 27	78.7210	0.2698
 28	78.7012	0.2609
 29	78.6857	0.2524
 30	78.6712	0.2444
 31	78.6287	0.2402
 32	78.5888	0.2359
 33	78.4987	0.2454
 34	78.4064	0.2549
 35	78.3511	0.2536
 36	78.3015	0.2513
 37	78.2517	0.2494
 38	78.1564	0.2604
 39	78.0660	0.2690
 40	77.9801	0.2757
 41	77.8984	0.2808
 42	77.8214	0.2844
 43	77.7481	0.2871
 44	77.6780	0.2890
 45	77.5914	0.2953
 46	77.4975	0.3034
 47	77.4076	0.3100
 48	77.3214	0.3153
 49	77.2387	0.3195
 50	77.1577	0.3232
 51	77.0851	0.3250
 52	76.9970	0.3304
 53	76.8918	0.3406
 54	76.7910	0.3488
 55	76.7001	0.3541
 56	76.5993	0.3619
 57	76.4706	0.3777
 58	76.3356	0.3946
 59	76.1923	0.4131
 60	76.0484	0.4305
 61	75.9162	0.4433
 62	75.7881	0.4543
 63	75.6624	0.4642
 64	75.5451	0.4715
 65	75.4314	0.4778
 66	75.3242	0.4824
 67	75.2158	0.4872
 68	75.1115	0.4911
 69	74.9894	0.4989
 70	74.8618	0.5078
 71	74.7379	0.5156
 72	74.6119	0.5236
 73	74.4917	0.5300
 74	74.3748	0.5356
 75	74.2532	0.5421
 76	74.1348	0.5478
 77	74.0195	0.5526
 78	73.8957	0.5593
 79	73.7691	0.5663
 80	73.6457	0.5725
 81	73.5253	0.5780
 82	73.4079	0.5827
 83	73.2728	0.5912
 84	73.1410	0.5986
 85	73.0122	0.6053
 86	72.8709	0.6145
 87	72.7296	0.6235
 88	72.5898	0.6319
 89	72.4474	0.6406
 90	72.3082	0.6485
 91	72.1721	0.6555
 92	72.0343	0.6627
 93	71.8996	0.6691
 94	71.7746	0.6736
 95	71.6522	0.6775
 96	71.5301	0.6813
 97	71.4068	0.6854
 98	71.2883	0.6886
 99	71.1671	0.6922
100	71.0484	0.6954
  1	59.0189	0.0000
  2	59.2464	0.1608
  3	59.3222	0.1238
  4	59.1682	0.1625
  5	58.8356	0.3247
  6	58.4764	0.4251
  7	58.2464	0.4220
  8	58.0021	0.4343
  9	57.7419	0.4574
 10	57.6090	0.4305
 11	57.5368	0.3974
 12	57.4018	0.3865
 13	57.2519	0.3847
 14	57.1234	0.3781
 15	57.1159	0.3530
 16	57.0798	0.3328
 17	57.0530	0.3143
 18	57.0190	0.2986
 19	56.9072	0.3031
 20	56.8155	0.3015
 21	56.7325	0.2983
 22	56.6434	0.2978
 23	56.5620	0.2958
 24	56.4986	0.2902
 25	56.4403	0.2844
 26	56.3864	0.2785
 27	56.3701	0.2686
 28	56.3549	0.2595
 29	56.3426	0.2508
 30	56.3311	0.2427
 31	56.2901	0.2383
 32	56.2516	0.2340
 33	56.1636	0.2429
 34	56.0740	0.2517
 35	56.0207	0.2501
 36	55.9746	0.2474
 37	55.9269	0.2452
 38	55.8343	0.2557
 39	55.7464	0.2638
 40	55.6628	0.2701
 41	55.5834	0.2750
 42	55.5075	0.2787
 43	55.4351	0.2815
 44	55.3660	0.2834
 45	55.2801	0.2898
 46	55.1861	0.2984
 47	55.0961	0.3053
 48	55.0098	0.3109
 49	54.9271	0.3154
 50	54.8465	0.3192
 51	54.7747	0.3209
 52	54.6886	0.3261
 53	54.5862	0.3356
 54	54.4884	0.3434
 55	54.4011	0.3481
 56	54.3035	0.3553
 57	54.1785	0.3704
 58	54.0470	0.3866
 59	53.9090	0.4039
 60	53.7710	0.4201
 61	53.6375	0.4339
 62	53.5083	0.4457
 63	53.3805	0.4566
 64	53.2616	0.4647
 65	53.1464	0.4716
 66	53.0386	0.4766
 67	52.9296	0.4818
 68	52.8246	0.4861
 69	52.7020	0.4942
 70	52.5744	0.5034
 71	52.4504	0.5113
 72	52.3231	0.5198
 73	52.2019	0.5266
 74	52.0840	0.5326
 75	51.9623	0.5392
 76	51.8439	0.5449
 77	51.7286	0.5499
 78	51.6047	0.5566
 79	51.4775	0.5639
 80	51.3535	0.5704
 81	51.2326	0.5760
 82	51.1146	0.5809
 83	50.9798	0.5894
 84	50.8482	0.5969
 85	50.7197	0.6035
 86	50.5792	0.6126
 87	50.4370	0.6219
 88	50.2954	0.6307
 89	50.1504	0.6401
 90	50.0087	0.6485
 91	49.8700	0.6560
 92	49.7299	0.6637
 93	49.5927	0.6706
 94	49.4651	0.6755
 95	49.3401	0.6798
 96	49.2148	0.6842
 97	49.0884	0.6887
 98	48.9667	0.6924
 99	48.8423	0.6965
100	48.7203	0.7001
  1	36.4299	0.0000
  2	36.6637	0.1653
  3	36.7416	0.1273
  4	36.5854	0.1656
  5	36.2471	0.3302
  6	35.8847	0.4303
  7	35.6510	0.4276
  8	35.4077	0.4380
  9	35.1437	0.4621
 10	35.0039	0.4365
 11	34.9259	0.4037
 12	34.7855	0.3937
 13	34.6290	0.3933
 14	34.4948	0.3875
 15	34.4820	0.3618
 16	34.4424	0.3414
 17	34.4121	0.3226
 18	34.3755	0.3068
 19	34.2625	0.3107
 20	34.1720	0.3081
 21	34.0901	0.3041
 22	34.0046	0.3021
 23	33.9264	0.2989
 24	33.8548	0.2949
 25	33.7889	0.2904
 26	33.7281	0.2855
 27	33.7063	0.2758
 28	33.6860	0.2666
 29	33.6680	0.2581
 30	33.6512	0.2500
 31	33.6043	0.2463
 32	33.5604	0.2425
 33	33.4679	0.2522
 34	33.3746	0.2614
 35	33.3173	0.2602
 36	33.2632	0.2585
 37	33.2082	0.2573
 38	33.1087	0.2691
 39	33.0142	0.2783
 40	32.9245	0.2854
 41	32.8391	0.2909
 42	32.7574	0.2953
 43	32.6795	0.2985
 44	32.6052	0.3008
 45	32.5139	0.3077
 46	32.4153	0.3164
 47	32.3209	0.3235
 48	32.2303	0.3291
 49	32.1435	0.3337
 50	32.0590	0.3375
 51	31.9833	0.3393
 52	31.8934	0.3445
 53	31.7879	0.3538
 54	31.6870	0.3613
 55	31.5968	0.3658
 56	31.4962	0.3729
 57	31.3687	0.3875
 58	31.2349	0.4033
 59	31.0963	0.4196
 60	30.9585	0.4346
 61	30.8252	0.4475
 62	30.6962	0.4585
 63	30.5673	0.4690
 64	30.4480	0.4766
 65	30.3324	0.4831
 66	30.2251	0.4875
 67	30.1168	0.4921
 68	30.0121	0.4959
 69	29.8905	0.5034
 70	29.7644	0.5118
 71	29.6418	0.5190
 72	29.5144	0.5272
 73	29.3932	0.5337
 74	29.2753	0.5394
 75	29.1552	0.5454
 76	29.0383	0.5506
 77	28.9244	0.5551
 78	28.8021	0.5613
 79	28.6758	0.5683
 80	28.5526	0.5743
 81	28.4422	0.5778
 82	28.3346	0.5807
 83	28.2108	0.5867
 84	28.0900	0.5920
 85	27.9721	0.5967
 86	27.8426	0.6036
 87	27.7094	0.6112
 88	27.5759	0.6187
 89	27.4388	0.6267
 90	27.3046	0.6340
 91	27.1735	0.6404
 92	27.0406	0.6471
 93	26.9106	0.6531
 94	26.7903	0.6571
 95	26.6725	0.6607
 96	26.5548	0.6642
 97	26.4360	0.6679
 98	26.3217	0.6708
 99	26.2057	0.6740
100	26.0919	0.6767
  1	14.5077	0.0000
  2	14.7427	0.1662
  3	14.8211	0.1279
  4	14.6492	0.1771
  5	14.3099	0.3349
  6	13.9634	0.4218
  7	13.7544	0.4101
  8	13.5214	0.4199
  9	13.2748	0.4397
 10	13.1594	0.4106
 11	13.0940	0.3784
 12	12.9640	0.3685
 13	12.8404	0.3603
 14	12.7345	0.3498
 15	12.7551	0.3271
 16	12.7236	0.3082
 17	12.7109	0.2903
 18	12.6880	0.2751
 19	12.5853	0.2791
 20	12.4899	0.2810
 21	12.4037	0.2805
 22	12.3084	0.2835
 23	12.2214	0.2842
 24	12.1417	0.2833
 25	12.0683	0.2813
 26	12.0006	0.2786
 27	11.9758	0.2693
 28	11.9527	0.2607
 29	11.9282	0.2529
 30	11.9053	0.2455
 31	11.8542	0.2428
 32	11.8063	0.2399
 33	11.7084	0.2518
 34	11.6152	0.2611
 35	11.5534	0.2608
 36	11.4985	0.2593
 37	11.4427	0.2582
 38	11.3429	0.2700
 39	11.2482	0.2792
 40	11.1583	0.2864
 41	11.0727	0.2919
 42	10.9898	0.2965
 43	10.9108	0.2999
 44	10.8354	0.3024
 45	10.7434	0.3094
 46	10.6458	0.3177
 47	10.5524	0.3244
 48	10.4629	0.3297
 49	10.3770	0.3340
 50	10.2920	0.3380
 51	10.2156	0.3399
 52	10.1261	0.3449
 53	10.0262	0.3526
 54	9.9313	0.3586
 55	9.8501	0.3611
 56	9.7580	0.3663
 57	9.6514	0.3750
 58	9.5446	0.3834
 59	9.4415	0.3906
 60	9.3418	0.3966
 61	9.2454	0.4016
 62	9.1521	0.4058
 63	9.0509	0.4118
 64	8.9528	0.4169
 65	8.8578	0.4212
 66	8.7723	0.4234
 67	8.6938	0.4243
 68	8.6188	0.4246
 69	8.5383	0.4260
 70	8.4665	0.4260
 71	8.3966	0.4256
 72	8.3144	0.4276
 73	8.2331	0.4294
 74	8.1503	0.4315
 75	8.0698	0.4332
 76	7.9914	0.4345
 77	7.9150	0.4356
 78	7.8395	0.4365
 79	7.7613	0.4379
 80	7.6750	0.4408
 81	7.5943	0.4427
 82	7.5155	0.4443
 83	7.4387	0.4455
 84	7.3636	0.4465
 85	7.2904	0.4472
 86	7.2125	0.4487
 87	7.1363	0.4500
 88	7.0620	0.4510
 89	6.9892	0.4517
 90	6.9181	0.4523
 91	6.8486	0.4526
 92	6.7806	0.4528
 93	6.7133	0.4529
 94	6.6549	0.4518
 95	6.5977	0.4507
 96	6.5417	0.4495
 97	6.4883	0.4480
 98	6.4352	0.4465
 99	6.3832	0.4450
100	6.3322	0.4435
  1	0.7658	0.0000
  2	1.0229	0.1818
  3	1.1085	0.1399
  4	1.0255	0.1272
  5	0.9757	0.1111
  6	0.9683	0.0928
  7	0.9919	0.0825
  8	1.0097	0.0741
  9	1.0959	0.1046
 10	1.1993	0.1360
 11	1.2585	0.1359
 12	1.3077	0.1332
 13	1.3494	0.1293
 14	1.3851	0.1249
 15	1.4936	0.1568
 16	1.4983	0.1470
 17	1.5024	0.1384
 18	1.4931	0.1311
 19	1.4755	0.1253
 20	1.4808	0.1192
 21	1.4739	0.1137
 22	1.5215	0.1181
 23	1.5650	0.1207
 24	1.6049	0.1221
 25	1.6329	0.1204
 26	1.6588	0.1185
 27	1.7002	0.1211
 28	1.7507	0.1269
 29	1.8019	0.1324
 30	1.8496	0.1363
 31	1.8682	0.1332
 32	1.8856	0.1302
 33	1.8867	0.1262
 34	1.8713	0.1234
 35	1.8743	0.1200
 36	1.8771	0.1167
 37	1.8563	0.1153
 38	1.8446	0.1129
 39	1.8335	0.1106
 40	1.8090	0.1105
 41	1.7705	0.1143
 42	1.7537	0.1128
 43	1.7398	0.1110
 44	1.7266	0.1093
 45	1.7097	0.1082
 46	1.6935	0.1070
 47	1.6781	0.1058
 48	1.6719	0.1038
 49	1.6660	0.1019
 50	1.6683	0.0998
 51	1.6802	0.0986
 52	1.7017	0.0990
 53	1.7223	0.0993
 54	1.7440	0.0998
 55	1.7769	0.1032
 56	1.8008	0.1041
 57	1.8239	0.1048
 58	1.8481	0.1058
 59	1.8715	0.1065
 60	1.8941	0.1071
 61	1.9159	0.1076
 62	1.9371	0.1079
 63	1.9455	0.1065
 64	1.9537	0.1052
 65	1.9616	0.1039
 66	1.9758	0.1032
 67	1.9895	0.1026
 68	2.0017	0.1018
 69	2.0194	0.1019
 70	2.0366	0.1019
 71	2.0534	0.1018
 72	2.0602	0.1006
 73	2.0670	0.0995
 74	2.0656	0.0981
 75	2.0641	0.0968
 76	2.0628	0.0956
 77	2.0614	0.0943
 78	2.0656	0.0932
 79	2.0696	0.0921
 80	2.0624	0.0913
 81	2.0482	0.0912
 82	2.0343	0.0912
 83	2.0207	0.0911
 84	2.0074	0.0910
 85	1.9945	0.0908
 86	1.9857	0.0902
 87	1.9771	0.0895
 88	1.9687	0.0889
 89	1.9605	0.0883
 90	1.9433	0.0890
 91	1.9265	0.0896
 92	1.9117	0.0898
 93	1.9005	0.0896
 94	1.8979	0.0886
 95	1.8955	0.0877
 96	1.8930	0.0869
 97	1.8911	0.0860
 98	1.8892	0.0851
 99	1.8874	0.0843
100	1.8856	0.0835
  1	0.8938	0.0000
  2	1.1497	0.1809
  3	1.2350	0.1393
  4	1.1165	0.1464
  5	1.0801	0.1216
  6	1.0559	0.1037
  7	1.0502	0.0890
  8	1.0705	0.0802
  9	1.1828	0.1276
 10	1.2908	0.1539
 11	1.3639	0.1563
 12	1.4248	0.1547
 13	1.4763	0.1511
 14	1.5205	0.1467
 15	1.6051	0.1594
 16	1.5943	0.1498
 17	1.5848	0.1413
 18	1.5833	0.1335
 19	1.5819	0.1265
 20	1.5839	0.1202
 21	1.5707	0.1152
 22	1.5971	0.1129
 23	1.6211	0.1105
 24	1.6432	0.1081
 25	1.6665	0.1062
 26	1.6880	0.1043
 27	1.7391	0.1123
 28	1.8111	0.1293
 29	1.8794	0.1418
 30	1.9432	0.1507
 31	1.9748	0.1491
 32	2.0043	0.1473
 33	1.9930	0.1433
 34	1.9676	0.1413
 35	1.9728	0.1374
 36	1.9777	0.1337
 37	1.9720	0.1302
 38	1.9300	0.1333
 39	1.8902	0.1357
 40	1.8524	0.1375
 41	1.8164	0.1388
 42	1.8001	0.1364
 43	1.7760	0.1354
 44	1.7530	0.1342
 45	1.7310	0.1330
 46	1.7100	0.1318
 47	1.6899	0.1305
 48	1.6706	0.1292
 49	1.6521	0.1279
 50	1.6382	0.1261
 51	1.6341	0.1237
 52	1.6430	0.1216
 53	1.6516	0.1196
 54	1.6615	0.1178
 55	1.6831	0.1177
 56	1.6993	0.1167
 57	1.7148	0.1156
 58	1.7361	0.1156
 59	1.7566	0.1154
 60	1.7765	0.1152
 61	1.7957	0.1149
 62	1.8143	0.1146
 63	1.8231	0.1131
 64	1.8405	0.1126
 65	1.8573	0.1122
 66	1.8771	0.1122
 67	1.8962	0.1121
 68	1.9150	0.1120
 69	1.9388	0.1129
 70	1.9619	0.1136
 71	1.9843	0.1142
 72	1.9970	0.1133
 73	2.0081	0.1123
 74	2.0089	0.1108
 75	2.0096	0.1093
 76	2.0104	0.1079
 77	2.0111	0.1065
 78	2.0181	0.1054
 79	2.0249	0.1043
 80	2.0174	0.1032
 81	1.9941	0.1045
 82	1.9714	0.1057
 83	1.9492	0.1067
 84	1.9276	0.1076
 85	1.9065	0.1084
 86	1.8858	0.1091
 87	1.8657	0.1097
 88	1.8459	0.1102
 89	1.8267	0.1106
 90	1.8078	0.1110
 91	1.7894	0.1113
 92	1.7714	0.1115
 93	1.7538	0.1117
 94	1.7475	0.1107
 95	1.7414	0.1097
 96	1.7353	0.1087
 97	1.7255	0.1081
 98	1.7171	0.1073
 99	1.7089	0.1065
100	1.7008	0.1058
  1	0.6571	0.0000
  2	0.8816	0.1587
  3	0.9833	0.1345
  4	0.9494	0.1050
  5	0.9291	0.0860
  6	0.9215	0.0720
  7	0.9160	0.0619
  8	0.9119	0.0543
  9	0.9088	0.0484
 10	0.9651	0.0689
 11	1.0106	0.0762
 12	1.0485	0.0787
 13	1.0806	0.0790
 14	1.1081	0.0780
 15	1.2295	0.1380
 16	1.2651	0.1339
 17	1.2966	0.1297
 18	1.3210	0.1247
 19	1.3221	0.1182
 20	1.3668	0.1204
 21	1.3976	0.1186
 22	1.4751	0.1362
 23	1.5458	0.1475
 24	1.6107	0.1549
 25	1.6640	0.1576
 26	1.7133	0.1591
 27	1.7838	0.1681
 28	1.8612	0.1791
 29	1.9327	0.1866
 30	1.9993	0.1919
 31	2.0283	0.1879
 32	2.0554	0.1840
 33	2.0608	0.1785
 34	2.0576	0.1732
 35	2.0710	0.1688
 36	2.0837	0.1646
 37	2.0715	0.1606
 38	2.0525	0.1575
 39	2.0344	0.1545
 40	1.9938	0.1559
 41	1.9552	0.1568
 42	1.9384	0.1539
 43	1.9240	0.1510
 44	1.9102	0.1482
 45	1.8934	0.1459
 46	1.8773	0.1436
 47	1.8619	0.1414
 48	1.8545	0.1386
 49	1.8475	0.1360
 50	1.8465	0.1333
 51	1.8550	0.1309
 52	1.8713	0.1294
 53	1.8869	0.1279
 54	1.9037	0.1266
 55	1.9328	0.1276
 56	1.9528	0.1269
 57	1.9721	0.1262
 58	1.9928	0.1257
 59	2.0128	0.1251
 60	2.0322	0.1245
 61	2.0508	0.1239
 62	2.0689	0.1232
 63	2.0748	0.1214
 64	2.0804	0.1196
 65	2.0859	0.1179
 66	2.0971	0.1166
 67	2.1080	0.1154
 68	2.1179	0.1141
 69	2.1320	0.1133
 70	2.1457	0.1125
 71	2.1590	0.1117
 72	2.1619	0.1102
 73	2.1648	0.1088
 74	2.1597	0.1074
 75	2.1548	0.1061
 76	2.1499	0.1048
 77	2.1453	0.1035
 78	2.1457	0.1022
 79	2.1462	0.1009
 80	2.1355	0.1002
 81	2.1200	0.1002
 82	2.1048	0.1001
 83	2.0900	0.1000
 84	2.0755	0.0998
 85	2.0614	0.0997
 86	2.0493	0.0992
 87	2.0375	0.0988
 88	2.0260	0.0983
 89	2.0147	0.0979
 90	1.9986	0.0981
 91	1.9829	0.0983
 92	1.9671	0.0985
 93	1.9516	0.0986
 94	1.9468	0.0977
 95	1.9422	0.0968
 96	1.9376	0.0959
 97	1.9295	0.0952
 98	1.9233	0.0945
 99	1.9251	0.0935
100	1.9212	0.0927
  1	1.4679	0.0000
  2	1.6879	0.1556
  3	1.7612	0.1197
  4	1.4961	0.2466
  5	1.3369	0.2432
  6	1.3667	0.2045
  7	1.4260	0.1837
  8	1.4704	0.1660
  9	1.5396	0.1613
 10	1.6050	0.1579
 11	1.6176	0.1441
 12	1.6281	0.1324
 13	1.6370	0.1225
 14	1.6446	0.1140
 15	1.7294	0.1343
 16	1.7200	0.1262
 17	1.7408	0.1205
 18	1.7502	0.1142
 19	1.7460	0.1082
 20	1.7357	0.1033
 21	1.6916	0.1074
 22	1.7043	0.1033
 23	1.7160	0.0994
 24	1.7266	0.0959
 25	1.7258	0.0920
 26	1.7250	0.0885
 27	1.7504	0.0888
 28	1.7922	0.0950
 29	1.8322	0.0997
 30	1.8695	0.1032
 31	1.8784	0.1002
 32	1.8868	0.0974
 33	1.8682	0.0962
 34	1.8375	0.0982
 35	1.8263	0.0960
 36	1.8157	0.0939
 37	1.7931	0.0941
 38	1.7732	0.0937
 39	1.7545	0.0931
 40	1.7366	0.0925
 41	1.7175	0.0922
 42	1.6928	0.0933
 43	1.6668	0.0946
 44	1.6419	0.0957
 45	1.6182	0.0965
 46	1.5955	0.0970
 47	1.5738	0.0973
 48	1.5530	0.0975
 49	1.5330	0.0975
 50	1.5138	0.0975
 51	1.5055	0.0959
 52	1.5163	0.0947
 53	1.5267	0.0934
 54	1.5382	0.0924
 55	1.5634	0.0941
 56	1.5855	0.0950
 57	1.6068	0.0957
 58	1.6358	0.0983
 59	1.6639	0.1006
 60	1.6910	0.1025
 61	1.7173	0.1041
 62	1.7433	0.1057
 63	1.7545	0.1046
 64	1.7753	0.1050
 65	1.7955	0.1053
 66	1.8235	0.1074
 67	1.8507	0.1091
 68	1.8754	0.1103
 69	1.9029	0.1121
 70	1.9367	0.1155
 71	1.9696	0.1184
 72	1.9903	0.1186
 73	2.0110	0.1187
 74	2.0239	0.1178
 75	2.0366	0.1169
 76	2.0488	0.1160
 77	2.0608	0.1152
 78	2.0765	0.1147
 79	2.0917	0.1143
 80	2.0948	0.1129
 81	2.0845	0.1120
 82	2.0745	0.1111
 83	2.0647	0.1102
 84	2.0615	0.1089
 85	2.0584	0.1077
 86	2.0509	0.1067
 87	2.0384	0.1062
 88	2.0261	0.1057
 89	2.0142	0.1052
 90	2.0025	0.1046
 91	1.9865	0.1047
 92	1.9693	0.1050
 93	1.9524	0.1052
 94	1.9448	0.1043
 95	1.9374	0.1035
 96	1.9302	0.1027
 97	1.9160	0.1026
 98	1.9049	0.1022
 99	1.9002	0.1012
100	1.8937	0.1004
  1	1.7780	0.0000
  2	2.0005	0.1573
  3	2.0657	0.1176
  4	1.7173	0.3143
  5	1.5083	0.3133
  6	1.3689	0.2904
  7	1.2694	0.2655
  8	1.1948	0.2425
  9	1.1276	0.2247
 10	1.1736	0.2069
 11	1.2254	0.1945
 12	1.2686	0.1830
 13	1.3051	0.1725
 14	1.3364	0.1630
 15	1.4659	0.1970
 16	1.5146	0.1906
 17	1.5576	0.1842
 18	1.5931	0.1773
 19	1.5914	0.1680
 20	1.6313	0.1643
 21	1.6584	0.1587
 22	1.7276	0.1658
 23	1.7908	0.1702
 24	1.8487	0.1727
 25	1.8991	0.1730
 26	1.9456	0.1725
 27	2.0176	0.1805
 28	2.0999	0.1919
 29	2.1748	0.1994
 30	2.2446	0.2046
 31	2.2753	0.2003
 32	2.3040	0.1961
 33	2.3042	0.1901
 34	2.2979	0.1846
 35	2.3108	0.1798
 36	2.3230	0.1752
 37	2.3137	0.1707
 38	2.2851	0.1686
 39	2.2579	0.1665
 40	2.2221	0.1661
 41	2.1881	0.1655
 42	2.1688	0.1627
 43	2.1505	0.1599
 44	2.1330	0.1573
 45	2.1162	0.1547
 46	2.1002	0.1521
 47	2.0849	0.1497
 48	2.0702	0.1473
 49	2.0561	0.1449
 50	2.0338	0.1437
 51	2.0167	0.1419
 52	2.0024	0.1399
 53	1.9887	0.1379
 54	1.9773	0.1359
 55	1.9806	0.1334
 56	1.9799	0.1310
 57	1.9792	0.1288
 58	1.9886	0.1269
 59	1.9976	0.1250
 60	2.0053	0.1232
 61	2.0127	0.1214
 62	2.0200	0.1197
 63	2.0166	0.1178
 64	2.0198	0.1160
 65	2.0229	0.1143
 66	2.0319	0.1129
 67	2.0405	0.1115
 68	2.0473	0.1101
 69	2.0539	0.1087
 70	2.0603	0.1073
 71	2.0666	0.1060
 72	2.0601	0.1047
 73	2.0536	0.1035
 74	2.0425	0.1027
 75	2.0316	0.1019
 76	2.0211	0.1011
 77	2.0108	0.1003
 78	2.0025	0.0994
 79	1.9944	0.0984
 80	1.9787	0.0984
 81	1.9715	0.0975
 82	1.9645	0.0966
 83	1.9518	0.0962
 84	1.9431	0.0955
 85	1.9346	0.0947
 86	1.9248	0.0941
 87	1.9153	0.0935
 88	1.9060	0.0929
 89	1.8968	0.0923
 90	1.8842	0.0922
 91	1.8719	0.0920
 92	1.8599	0.0917
 93	1.8517	0.0911
 94	1.8533	0.0902
 95	1.8549	0.0892
 96	1.8564	0.0883
 97	1.8565	0.0874
 98	1.8577	0.0865
 99	1.8658	0.0860
100	1.8710	0.0853
  1	2.1023	0.0000
  2	2.3429	0.1701
  3	2.4231	0.1310
  4	2.0912	0.3037
  5	1.8556	0.3216
  6	1.6986	0.3040
  7	1.5864	0.2805
  8	1.5022	0.2577
  9	1.5024	0.2291
 10	1.5478	0.2106
 11	1.5664	0.1923
 12	1.5819	0.1769
 13	1.5950	0.1638
 14	1.6063	0.1525
 15	1.7021	0.1698
 16	1.7006	0.1592
 17	1.6993	0.1498
 18	1.6875	0.1420
 19	1.6573	0.1377
 20	1.6589	0.1308
 21	1.6501	0.1249
 22	1.6943	0.1268
 23	1.7346	0.1275
 24	1.7716	0.1274
 25	1.7990	0.1252
 26	1.8242	0.1230
 27	1.8685	0.1261
 28	1.9229	0.1328
 29	1.9763	0.1386
 30	2.0262	0.1426
 31	2.0443	0.1392
 32	2.0613	0.1359
 33	2.0581	0.1318
 34	2.0403	0.1291
 35	2.0428	0.1254
 36	2.0451	0.1220
 37	2.0241	0.1205
 38	2.0038	0.1190
 39	1.9846	0.1175
 40	1.9519	0.1190
 41	1.9166	0.1212
 42	1.8951	0.1202
 43	1.8746	0.1192
 44	1.8551	0.1181
 45	1.8364	0.1169
 46	1.8186	0.1157
 47	1.8015	0.1145
 48	1.7851	0.1133
 49	1.7694	0.1121
 50	1.7459	0.1122
 51	1.7294	0.1113
 52	1.7249	0.1092
 53	1.7206	0.1072
 54	1.7180	0.1053
 55	1.7289	0.1039
 56	1.7372	0.1024
 57	1.7452	0.1009
 58	1.7629	0.1007
 59	1.7801	0.1005
 60	1.7967	0.1002
 61	1.8128	0.0998
 62	1.8272	0.0992
 63	1.8276	0.0977
 64	1.8279	0.0961
 65	1.8282	0.0947
 66	1.8285	0.0932
 67	1.8288	0.0918
 68	1.8288	0.0905
 69	1.8356	0.0894
 70	1.8422	0.0884
 71	1.8486	0.0874
 72	1.8498	0.0862
 73	1.8503	0.0850
 74	1.8404	0.0844
 75	1.8308	0.0838
 76	1.8215	0.0833
 77	1.8124	0.0827
 78	1.8122	0.0816
 79	1.8121	0.0806
 80	1.8039	0.0800
 81	1.7997	0.0791
 82	1.7969	0.0782
 83	1.7941	0.0773
 84	1.7914	0.0764
 85	1.7887	0.0756
 86	1.7848	0.0748
 87	1.7809	0.0740
 88	1.7729	0.0736
 89	1.7650	0.0732
 90	1.7594	0.0726
 91	1.7539	0.0720
 92	1.7487	0.0714
 93	1.7436	0.0709
 94	1.7486	0.0703
 95	1.7534	0.0697
 96	1.7582	0.0691
 97	1.7591	0.0684
 98	1.7623	0.0678
 99	1.7719	0.0678
100	1.7739	0.0671
  1	1.2643	0.0000
  2	1.4755	0.1493
  3	1.5459	0.1149
  4	1.2276	0.2888
  5	1.0367	0.2873
  6	0.9093	0.2661
  7	0.8184	0.2432
  8	0.7502	0.2221
  9	0.7802	0.1995
 10	0.9017	0.2133
 11	1.0162	0.2226
 12	1.1116	0.2235
 13	1.1924	0.2205
 14	1.2616	0.2153
 15	1.4118	0.2479
 16	1.4727	0.2397
 17	1.5264	0.2316
 18	1.5747	0.2237
 19	1.5951	0.2128
 20	1.6377	0.2064
 21	1.6529	0.1971
 22	1.7087	0.1959
 23	1.7597	0.1939
 24	1.8065	0.1914
 25	1.8428	0.1872
 26	1.8763	0.1830
 27	1.9415	0.1874
 28	2.0183	0.1958
 29	2.0843	0.1999
 30	2.1459	0.2025
 31	2.1672	0.1971
 32	2.1871	0.1919
 33	2.1748	0.1865
 34	2.1652	0.1813
 35	2.1693	0.1761
 36	2.1732	0.1713
 37	2.1609	0.1671
 38	2.1281	0.1659
 39	2.0969	0.1645
 40	2.0688	0.1628
 41	2.0421	0.1610
 42	2.0288	0.1577
 43	2.0161	0.1546
 44	2.0040	0.1515
 45	1.9924	0.1486
 46	1.9814	0.1458
 47	1.9708	0.1431
 48	1.9748	0.1401
 49	1.9787	0.1373
 50	1.9891	0.1350
 51	2.0060	0.1334
 52	2.0224	0.1318
 53	2.0489	0.1320
 54	2.0761	0.1323
 55	2.1054	0.1331
 56	2.1260	0.1323
 57	2.1459	0.1315
 58	2.1635	0.1304
 59	2.1805	0.1293
 60	2.1969	0.1282
 61	2.2128	0.1271
 62	2.2282	0.1259
 63	2.2297	0.1239
 64	2.2384	0.1223
 65	2.2469	0.1207
 66	2.2551	0.1192
 67	2.2631	0.1177
 68	2.2693	0.1161
 69	2.2754	0.1146
 70	2.2812	0.1131
 71	2.2869	0.1116
 72	2.2791	0.1104
 73	2.2714	0.1091
 74	2.2599	0.1082
 75	2.2488	0.1074
 76	2.2379	0.1065
 77	2.2274	0.1056
 78	2.2177	0.1047
 79	2.2083	0.1038
 80	2.1913	0.1039
 81	2.1813	0.1031
 82	2.1716	0.1023
 83	2.1557	0.1023
 84	2.1442	0.1017
 85	2.1330	0.1012
 86	2.1205	0.1007
 87	2.1083	0.1003
 88	2.0964	0.0999
 89	2.0848	0.0994
 90	2.0734	0.0990
 91	2.0551	0.0996
 92	2.0375	0.1000
 93	2.0202	0.1004
 94	2.0071	0.1002
 95	1.9942	0.1000
 96	1.9816	0.0997
 97	1.9703	0.0993
 98	1.9576	0.0991
 99	1.9452	0.0989
100	1.9329	0.0987
  1	0.7294	0.0000
  2	0.8885	0.1126
  3	0.9584	0.0942
  4	0.8662	0.1066
  5	0.8109	0.0986
  6	0.8924	0.1108
  7	1.0010	0.1383
  8	1.0994	0.1521
  9	1.2536	0.1985
 10	1.3783	0.2142
 11	1.4419	0.2040
 12	1.4949	0.1938
 13	1.5398	0.1840
 14	1.5782	0.1748
 15	1.6549	0.1792
 16	1.6260	0.1703
 17	1.6004	0.1622
 18	1.5657	0.1569
 19	1.5346	0.1517
 20	1.4957	0.1490
 21	1.4605	0.1460
 22	1.4756	0.1402
 23	1.4895	0.1347
 24	1.5022	0.1297
 25	1.5048	0.1246
 26	1.5072	0.1198
 27	1.5414	0.1201
 28	1.5950	0.1273
 29	1.6443	0.1321
 30	1.6903	0.1354
 31	1.7069	0.1321
 32	1.7225	0.1289
 33	1.7015	0.1266
 34	1.6722	0.1263
 35	1.6640	0.1229
 36	1.6562	0.1198
 37	1.6429	0.1173
 38	1.6215	0.1161
 39	1.6012	0.1149
 40	1.5819	0.1136
 41	1.5622	0.1126
 42	1.5369	0.1127
 43	1.5180	0.1116
 44	1.5000	0.1105
 45	1.4830	0.1094
 46	1.4667	0.1082
 47	1.4511	0.1070
 48	1.4475	0.1048
 49	1.4441	0.1028
 50	1.4407	0.1008
 51	1.4478	0.0990
 52	1.4702	0.0996
 53	1.4918	0.1001
 54	1.5142	0.1007
 55	1.5506	0.1052
 56	1.5810	0.1077
 57	1.6103	0.1097
 58	1.6440	0.1129
 59	1.6767	0.1156
 60	1.7082	0.1179
 61	1.7387	0.1198
 62	1.7682	0.1214
 63	1.7863	0.1209
 64	1.8135	0.1220
 65	1.8398	0.1229
 66	1.8696	0.1246
 67	1.8986	0.1261
 68	1.9267	0.1273
 69	1.9582	0.1293
 70	1.9887	0.1310
 71	2.0185	0.1325
 72	2.0362	0.1319
 73	2.0526	0.1311
 74	2.0603	0.1295
 75	2.0678	0.1280
 76	2.0750	0.1265
 77	2.0821	0.1251
 78	2.0933	0.1240
 79	2.1051	0.1230
 80	2.1049	0.1214
 81	2.0933	0.1205
 82	2.0820	0.1195
 83	2.0710	0.1186
 84	2.0657	0.1173
 85	2.0604	0.1161
 86	2.0517	0.1150
 87	2.0431	0.1140
 88	2.0347	0.1131
 89	2.0265	0.1121
 90	2.0161	0.1113
 91	2.0060	0.1106
 92	1.9965	0.1098
 93	1.9885	0.1089
 94	1.9915	0.1077
 95	1.9944	0.1067
 96	1.9973	0.1056
 97	1.9965	0.1045
 98	1.9978	0.1034
 99	2.0042	0.1026
100	2.0072	0.1016
  1	1.9052	0.0000
  2	2.1583	0.1790
  3	2.2427	0.1378
  4	1.9526	0.2716
  5	1.6701	0.3333
  6	1.4818	0.3266
  7	1.3473	0.3064
  8	1.2464	0.2842
  9	1.2581	0.2529
 10	1.3329	0.2384
 11	1.3875	0.2229
 12	1.4329	0.2089
 13	1.4714	0.1963
 14	1.5043	0.1851
 15	1.6195	0.2055
 16	1.6377	0.1934
 17	1.6538	0.1827
 18	1.6625	0.1728
 19	1.6507	0.1641
 20	1.6623	0.1563
 21	1.6532	0.1491
 22	1.6945	0.1479
 23	1.7322	0.1463
 24	1.7669	0.1442
 25	1.7911	0.1405
 26	1.8135	0.1368
 27	1.8613	0.1398
 28	1.9206	0.1469
 29	1.9751	0.1516
 30	2.0260	0.1548
 31	2.0419	0.1507
 32	2.0568	0.1467
 33	2.0460	0.1427
 34	2.0274	0.1397
 35	2.0268	0.1357
 36	2.0263	0.1319
 37	2.0056	0.1300
 38	1.9781	0.1294
 39	1.9520	0.1287
 40	1.9199	0.1294
 41	1.8928	0.1291
 42	1.8729	0.1275
 43	1.8539	0.1260
 44	1.8358	0.1244
 45	1.8185	0.1228
 46	1.8019	0.1213
 47	1.7861	0.1197
 48	1.7709	0.1182
 49	1.7563	0.1167
 50	1.7405	0.1154
 51	1.7309	0.1135
 52	1.7295	0.1114
 53	1.7282	0.1093
 54	1.7285	0.1072
 55	1.7381	0.1057
 56	1.7429	0.1039
 57	1.7476	0.1022
 58	1.7600	0.1012
 59	1.7719	0.1002
 60	1.7835	0.0992
 61	1.7947	0.0982
 62	1.8056	0.0972
 63	1.8090	0.0957
 64	1.8201	0.0949
 65	1.8308	0.0940
 66	1.8430	0.0934
 67	1.8549	0.0927
 68	1.8671	0.0922
 69	1.8855	0.0927
 70	1.9035	0.0931
 71	1.9209	0.0934
 72	1.9311	0.0926
 73	1.9391	0.0917
 74	1.9352	0.0906
 75	1.9314	0.0894
 76	1.9277	0.0883
 77	1.9241	0.0873
 78	1.9289	0.0863
 79	1.9337	0.0853
 80	1.9243	0.0848
 81	1.9083	0.0852
 82	1.8926	0.0856
 83	1.8774	0.0859
 84	1.8625	0.0862
 85	1.8492	0.0862
 86	1.8361	0.0862
 87	1.8234	0.0861
 88	1.8101	0.0861
 89	1.7971	0.0862
 90	1.7843	0.0861
 91	1.7718	0.0861
 92	1.7590	0.0861
 93	1.7464	0.0861
 94	1.7414	0.0853
 95	1.7365	0.0846
 96	1.7318	0.0838
 97	1.7275	0.0831
 98	1.7230	0.0823
 99	1.7187	0.0816
100	1.7122	0.0811
  1	1.4972	0.0000
  2	1.7409	0.1723
  3	1.7914	0.1221
  4	1.5410	0.2354
  5	1.3426	0.2587
  6	1.2104	0.2471
  7	1.1619	0.2165
  8	1.1465	0.1900
  9	1.2152	0.1809
 10	1.2873	0.1766
 11	1.3259	0.1647
 12	1.3580	0.1541
 13	1.3852	0.1446
 14	1.4086	0.1361
 15	1.4913	0.1501
 16	1.4755	0.1416
 17	1.4616	0.1339
 18	1.4496	0.1270
 19	1.4388	0.1208
 20	1.4432	0.1148
 21	1.4514	0.1097
 22	1.4944	0.1128
 23	1.5338	0.1146
 24	1.5698	0.1153
 25	1.6030	0.1154
 26	1.6336	0.1149
 27	1.6897	0.1236
 28	1.7563	0.1360
 29	1.8165	0.1440
 30	1.8727	0.1498
 31	1.8927	0.1463
 32	1.9115	0.1429
 33	1.9045	0.1387
 34	1.8917	0.1352
 35	1.8949	0.1314
 36	1.8978	0.1278
 37	1.8802	0.1255
 38	1.8564	0.1245
 39	1.8337	0.1233
 40	1.8038	0.1238
 41	1.7808	0.1229
 42	1.7627	0.1213
 43	1.7454	0.1197
 44	1.7289	0.1181
 45	1.7131	0.1166
 46	1.6980	0.1150
 47	1.6836	0.1135
 48	1.6697	0.1119
 49	1.6565	0.1104
 50	1.6435	0.1090
 51	1.6371	0.1070
 52	1.6392	0.1050
 53	1.6412	0.1030
 54	1.6448	0.1012
 55	1.6568	0.1000
 56	1.6636	0.0985
 57	1.6701	0.0970
 58	1.6838	0.0963
 59	1.6969	0.0955
 60	1.7097	0.0948
 61	1.7220	0.0940
 62	1.7339	0.0933
 63	1.7380	0.0919
 64	1.7497	0.0912
 65	1.7610	0.0905
 66	1.7742	0.0901
 67	1.7871	0.0896
 68	1.8000	0.0892
 69	1.8195	0.0901
 70	1.8385	0.0907
 71	1.8569	0.0913
 72	1.8680	0.0907
 73	1.8771	0.0899
 74	1.8744	0.0888
 75	1.8718	0.0876
 76	1.8692	0.0865
 77	1.8667	0.0854
 78	1.8725	0.0845
 79	1.8783	0.0836
 80	1.8701	0.0830
 81	1.8546	0.0834
 82	1.8396	0.0837
 83	1.8248	0.0840
 84	1.8105	0.0842
 85	1.7982	0.0841
 86	1.7863	0.0840
 87	1.7746	0.0838
 88	1.7609	0.0840
 89	1.7475	0.0841
 90	1.7344	0.0842
 91	1.7216	0.0842
 92	1.7087	0.0843
 93	1.6961	0.0843
 94	1.6917	0.0835
 95	1.6873	0.0828
 96	1.6831	0.0820
 97	1.6785	0.0813
 98	1.6741	0.0806
 99	1.6698	0.0799
100	1.6634	0.0794
  1	1.4940	0.0000
  2	1.7344	0.1700
  3	1.7709	0.1172
  4	1.5357	0.2218
  5	1.3365	0.2515
  6	1.2037	0.2421
  7	1.1458	0.2143
  8	1.1288	0.1882
  9	1.1969	0.1792
 10	1.2682	0.1749
 11	1.3083	0.1635
 12	1.3418	0.1533
 13	1.3701	0.1441
 14	1.3944	0.1358
 15	1.4768	0.1497
 16	1.4625	0.1410
 17	1.4498	0.1333
 18	1.4411	0.1262
 19	1.4332	0.1198
 20	1.4417	0.1141
 21	1.4506	0.1090
 22	1.4950	0.1127
 23	1.5356	0.1149
 24	1.5728	0.1160
 25	1.6070	0.1163
 26	1.6385	0.1160
 27	1.6963	0.1253
 28	1.7638	0.1378
 29	1.8239	0.1456
 30	1.8800	0.1511
 31	1.8990	0.1474
 32	1.9168	0.1439
 33	1.9093	0.1397
 34	1.8982	0.1361
 35	1.9010	0.1322
 36	1.9038	0.1286
 37	1.8859	0.1263
 38	1.8625	0.1252
 39	1.8402	0.1239
 40	1.8097	0.1245
 41	1.7880	0.1234
 42	1.7689	0.1219
 43	1.7508	0.1204
 44	1.7335	0.1189
 45	1.7169	0.1174
 46	1.7011	0.1159
 47	1.6859	0.1144
 48	1.6714	0.1130
 49	1.6575	0.1115
 50	1.6456	0.1099
 51	1.6404	0.1079
 52	1.6441	0.1059
 53	1.6477	0.1039
 54	1.6529	0.1021
 55	1.6655	0.1011
 56	1.6728	0.0995
 57	1.6798	0.0980
 58	1.6932	0.0973
 59	1.7062	0.0965
 60	1.7188	0.0957
 61	1.7309	0.0949
 62	1.7427	0.0941
 63	1.7461	0.0926
 64	1.7572	0.0919
 65	1.7680	0.0911
 66	1.7811	0.0906
 67	1.7939	0.0902
 68	1.8065	0.0897
 69	1.8260	0.0905
 70	1.8450	0.0912
 71	1.8634	0.0918
 72	1.8745	0.0912
 73	1.8838	0.0904
 74	1.8814	0.0892
 75	1.8791	0.0880
 76	1.8768	0.0869
 77	1.8746	0.0858
 78	1.8808	0.0849
 79	1.8867	0.0841
 80	1.8790	0.0834
 81	1.8635	0.0838
 82	1.8484	0.0841
 83	1.8336	0.0844
 84	1.8192	0.0846
 85	1.8075	0.0844
 86	1.7960	0.0842
 87	1.7847	0.0840
 88	1.7700	0.0843
 89	1.7556	0.0846
 90	1.7416	0.0848
 91	1.7278	0.0850
 92	1.7145	0.0851
 93	1.7015	0.0852
 94	1.6970	0.0844
 95	1.6927	0.0836
 96	1.6885	0.0828
 97	1.6831	0.0821
 98	1.6783	0.0814
 99	1.6735	0.0808
100	1.6668	0.0802
  1	1.4967	0.0000
  2	1.7331	0.1671
  3	1.7549	0.1128
  4	1.5359	0.2077
  5	1.3379	0.2428
  6	1.2060	0.2355
  7	1.1382	0.2114
  8	1.1194	0.1858
  9	1.1866	0.1769
 10	1.2566	0.1725
 11	1.2981	0.1617
 12	1.3327	0.1519
 13	1.3620	0.1430
 14	1.3871	0.1350
 15	1.4689	0.1488
 16	1.4561	0.1400
 17	1.4447	0.1322
 18	1.4391	0.1250
 19	1.4341	0.1185
 20	1.4464	0.1132
 21	1.4561	0.1083
 22	1.5017	0.1125
 23	1.5434	0.1151
 24	1.5815	0.1165
 25	1.6167	0.1170
 26	1.6491	0.1169
 27	1.7083	0.1267
 28	1.7766	0.1394
 29	1.8366	0.1469
 30	1.8925	0.1523
 31	1.9104	0.1484
 32	1.9272	0.1447
 33	1.9192	0.1405
 34	1.9096	0.1367
 35	1.9122	0.1329
 36	1.9147	0.1292
 37	1.8966	0.1270
 38	1.8737	0.1257
 39	1.8519	0.1243
 40	1.8209	0.1250
 41	1.8005	0.1236
 42	1.7806	0.1223
 43	1.7617	0.1209
 44	1.7436	0.1195
 45	1.7305	0.1175
 46	1.7179	0.1157
 47	1.7059	0.1138
 48	1.6898	0.1126
 49	1.6742	0.1114
 50	1.6678	0.1093
 51	1.6712	0.1072
 52	1.6867	0.1063
 53	1.7016	0.1053
 54	1.7177	0.1046
 55	1.7445	0.1061
 56	1.7641	0.1060
 57	1.7829	0.1058
 58	1.8050	0.1062
 59	1.8263	0.1065
 60	1.8470	0.1067
 61	1.8669	0.1068
 62	1.8862	0.1069
 63	1.8940	0.1054
 64	1.9109	0.1051
 65	1.9274	0.1048
 66	1.9484	0.1053
 67	1.9688	0.1057
 68	1.9882	0.1059
 69	2.0119	0.1070
 70	2.0350	0.1079
 71	2.0574	0.1087
 72	2.0688	0.1078
 73	2.0795	0.1068
 74	2.0813	0.1054
 75	2.0830	0.1040
 76	2.0848	0.1027
 77	2.0864	0.1013
 78	2.0931	0.1003
 79	2.0996	0.0992
 80	2.0929	0.0982
 81	2.0734	0.0989
 82	2.0543	0.0995
 83	2.0357	0.1000
 84	2.0175	0.1005
 85	1.9998	0.1009
 86	1.9825	0.1012
 87	1.9655	0.1014
 88	1.9490	0.1016
 89	1.9328	0.1017
 90	1.9170	0.1018
 91	1.9016	0.1019
 92	1.8864	0.1019
 93	1.8716	0.1019
 94	1.8661	0.1009
 95	1.8607	0.1000
 96	1.8554	0.0991
 97	1.8425	0.0989
 98	1.8332	0.0983
 99	1.8285	0.0975
100	1.8234	0.0966
  1	1.8411	0.0000
  2	2.0733	0.1642
  3	2.1359	0.1208
  4	1.8000	0.3046
  5	1.6189	0.2926
  6	1.4982	0.2676
  7	1.4120	0.2429
  8	1.3473	0.2209
  9	1.3781	0.1985
 10	1.4374	0.1873
 11	1.4668	0.1726
 12	1.4913	0.1599
 13	1.5121	0.1490
 14	1.5298	0.1394
 15	1.6207	0.1570
 16	1.6123	0.1474
 17	1.6048	0.1389
 18	1.5920	0.1318
 19	1.5824	0.1252
 20	1.5975	0.1198
 21	1.5914	0.1143
 22	1.6399	0.1189
 23	1.6842	0.1217
 24	1.7248	0.1232
 25	1.7500	0.1209
 26	1.7733	0.1184
 27	1.8157	0.1214
 28	1.8649	0.1266
 29	1.9110	0.1304
 30	1.9539	0.1329
 31	1.9640	0.1290
 32	1.9735	0.1253
 33	1.9686	0.1216
 34	1.9548	0.1188
 35	1.9531	0.1155
 36	1.9516	0.1123
 37	1.9245	0.1125
 38	1.9102	0.1104
 39	1.8966	0.1084
 40	1.8646	0.1103
 41	1.8290	0.1132
 42	1.8044	0.1132
 43	1.7811	0.1129
 44	1.7587	0.1125
 45	1.7374	0.1120
 46	1.7170	0.1115
 47	1.6975	0.1108
 48	1.6788	0.1100
 49	1.6608	0.1093
 50	1.6393	0.1092
 51	1.6242	0.1081
 52	1.6255	0.1060
 53	1.6268	0.1040
 54	1.6296	0.1021
 55	1.6424	0.1011
 56	1.6534	0.0998
 57	1.6640	0.0987
 58	1.6841	0.0990
 59	1.7035	0.0992
 60	1.7222	0.0993
 61	1.7404	0.0993
 62	1.7566	0.0990
 63	1.7585	0.0975
 64	1.7698	0.0966
 65	1.7807	0.0957
 66	1.7999	0.0962
 67	1.8184	0.0965
 68	1.8345	0.0964
 69	1.8555	0.0973
 70	1.8758	0.0980
 71	1.8956	0.0986
 72	1.9047	0.0976
 73	1.9149	0.0968
 74	1.9188	0.0956
 75	1.9227	0.0944
 76	1.9265	0.0932
 77	1.9301	0.0921
 78	1.9377	0.0912
 79	1.9450	0.0904
 80	1.9435	0.0892
 81	1.9368	0.0884
 82	1.9303	0.0876
 83	1.9239	0.0867
 84	1.9177	0.0859
 85	1.9117	0.0851
 86	1.9057	0.0843
 87	1.8999	0.0836
 88	1.8917	0.0830
 89	1.8837	0.0825
 90	1.8772	0.0818
 91	1.8710	0.0812
 92	1.8654	0.0805
 93	1.8599	0.0798
 94	1.8637	0.0790
 95	1.8675	0.0783
 96	1.8712	0.0776
 97	1.8720	0.0768
 98	1.8746	0.0760
 99	1.8844	0.0759
100	1.8861	0.0752
