  1	345.7569	0.0000
  2	345.4599	0.2101
  3	345.1549	0.2857
  4	344.7793	0.3895
  5	344.3768	0.4762
  6	344.0247	0.5106
  7	343.7732	0.4958
  8	343.5845	0.4683
  9	343.4378	0.4387
 10	343.3043	0.4146
 11	343.2474	0.3808
 12	343.2166	0.3503
 13	343.1906	0.3243
 14	343.1145	0.3100
 15	343.0487	0.2962
 16	342.9936	0.2828
 17	342.9450	0.2703
 18	342.9160	0.2568
 19	342.8900	0.2446
 20	342.8671	0.2334
 21	342.8043	0.2306
 22	342.7471	0.2271
 23	342.6949	0.2232
 24	342.6061	0.2309
 25	342.4703	0.2585
 26	342.3454	0.2771
 27	342.2298	0.2900
 28	342.1224	0.2988
 29	342.0177	0.3063
 30	341.9228	0.3105
 31	341.8090	0.3206
 32	341.7184	0.3232
 33	341.6316	0.3248
 34	341.5556	0.3240
 35	341.4817	0.3231
 36	341.3927	0.3261
 37	341.2853	0.3346
 38	341.1736	0.3439
 39	341.0465	0.3578
 40	340.9251	0.3689
 41	340.7969	0.3815
 42	340.6604	0.3961
 43	340.5109	0.4141
 44	340.3683	0.4286
 45	340.2205	0.4438
 46	340.0792	0.4561
 47	339.9493	0.4645
 48	339.8248	0.4712
 49	339.6896	0.4806
 50	339.5598	0.4882
 51	339.4351	0.4943
 52	339.3151	0.4991
 53	339.1945	0.5041
 54	339.0749	0.5087
 55	338.9597	0.5124
 56	338.8277	0.5199
 57	338.7004	0.5262
 58	338.5906	0.5284
 59	338.4597	0.5355
 60	338.3261	0.5429
 61	338.1660	0.5572
 62	338.0080	0.5701
 63	337.8552	0.5812
 64	337.7001	0.5924
 65	337.5488	0.6023
 66	337.3963	0.6122
 67	337.2434	0.6219
 68	337.0822	0.6333
 69	336.9100	0.6471
 70	336.7301	0.6624
 71	336.5454	0.6783
 72	336.3669	0.6920
 73	336.1820	0.7068
 74	336.0020	0.7198
 75	335.8158	0.7339
 76	335.6338	0.7464
 77	335.4566	0.7575
 78	335.2839	0.7672
 79	335.1241	0.7740
 80	334.9682	0.7798
 81	334.8155	0.7850
 82	334.6622	0.7903
 83	334.5125	0.7948
 84	334.3617	0.7995
 85	334.2010	0.8061
 86	334.0367	0.8133
 87	333.8707	0.8207
 88	333.7137	0.8263
 89	333.5564	0.8318
 90	333.4014	0.8369
 91	333.2483	0.8416
 92	333.0986	0.8457
 93	332.9522	0.8491
 94	332.7933	0.8548
 95	332.6378	0.8599
 96	332.4855	0.8643
 97	332.3363	0.8682
 98	332.1902	0.8715
 99	332.0452	0.8747
100	331.8990	0.8781
  1	316.8043	0.0000
  2	316.5201	0.2010
  3	316.2209	0.2786
  4	315.8538	0.3805
  5	315.4614	0.4646
  6	315.1242	0.4946
  7	314.8833	0.4790
  8	314.7026	0.4519
  9	314.5621	0.4230
 10	314.4352	0.3993
 11	314.3848	0.3662
 12	314.3603	0.3365
 13	314.3395	0.3112
 14	314.2666	0.2974
 15	314.2035	0.2842
 16	314.1510	0.2712
 17	314.1047	0.2592
 18	314.0739	0.2466
 19	314.0464	0.2352
 20	314.0235	0.2245
 21	313.9617	0.2222
 22	313.9054	0.2191
 23	313.8541	0.2155
 24	313.7672	0.2233
 25	313.6345	0.2507
 26	313.5143	0.2684
 27	313.4029	0.2806
 28	313.2995	0.2890
 29	313.1995	0.2959
 30	313.1092	0.2994
 31	313.0010	0.3087
 32	312.9163	0.3105
 33	312.8356	0.3114
 34	312.7657	0.3100
 35	312.6983	0.3084
 36	312.6169	0.3104
 37	312.5163	0.3178
 38	312.4105	0.3266
 39	312.2888	0.3402
 40	312.1727	0.3509
 41	312.0509	0.3629
 42	311.9206	0.3769
 43	311.7762	0.3948
 44	311.6383	0.4092
 45	311.4947	0.4246
 46	311.3573	0.4370
 47	311.2311	0.4456
 48	311.1101	0.4524
 49	310.9792	0.4617
 50	310.8534	0.4693
 51	310.7326	0.4754
 52	310.6165	0.4803
 53	310.4991	0.4853
 54	310.3838	0.4898
 55	310.2726	0.4934
 56	310.1440	0.5011
 57	310.0198	0.5074
 58	309.9126	0.5099
 59	309.7842	0.5172
 60	309.6532	0.5249
 61	309.4973	0.5389
 62	309.3435	0.5517
 63	309.1945	0.5627
 64	309.0435	0.5738
 65	308.8955	0.5838
 66	308.7462	0.5937
 67	308.5959	0.6036
 68	308.4384	0.6149
 69	308.2702	0.6286
 70	308.0948	0.6436
 71	307.9145	0.6593
 72	307.7404	0.6728
 73	307.5604	0.6872
 74	307.3853	0.6999
 75	307.2042	0.7136
 76	307.0284	0.7255
 77	306.8571	0.7360
 78	306.6902	0.7453
 79	306.5357	0.7517
 80	306.3850	0.7573
 81	306.2372	0.7622
 82	306.0882	0.7673
 83	305.9428	0.7717
 84	305.7960	0.7764
 85	305.6390	0.7830
 86	305.4784	0.7902
 87	305.3162	0.7976
 88	305.1623	0.8032
 89	305.0085	0.8088
 90	304.8570	0.8138
 91	304.7065	0.8187
 92	304.5593	0.8229
 93	304.4149	0.8266
 94	304.2578	0.8326
 95	304.1041	0.8380
 96	303.9535	0.8427
 97	303.8060	0.8468
 98	303.6616	0.8504
 99	303.5185	0.8537
100	303.3747	0.8572
  1	288.5417	0.0000
  2	288.2735	0.1896
  3	287.9821	0.2694
  4	287.6260	0.3687
  5	287.2467	0.4495
  6	286.9282	0.4742
  7	286.7007	0.4578
  8	286.5300	0.4312
  9	286.3973	0.4032
 10	286.2786	0.3800
 11	286.2361	0.3478
 12	286.2191	0.3192
 13	286.2047	0.2950
 14	286.1359	0.2819
 15	286.0762	0.2693
 16	286.0269	0.2570
 17	285.9834	0.2455
 18	285.9507	0.2340
 19	285.9215	0.2235
 20	285.8985	0.2135
 21	285.8380	0.2118
 22	285.7830	0.2091
 23	285.7327	0.2060
 24	285.6485	0.2140
 25	285.5198	0.2410
 26	285.4055	0.2574
 27	285.2995	0.2688
 28	285.2012	0.2766
 29	285.1070	0.2826
 30	285.0227	0.2855
 31	284.9213	0.2938
 32	284.8440	0.2946
 33	284.7706	0.2947
 34	284.7083	0.2925
 35	284.6488	0.2901
 36	284.5767	0.2909
 37	284.4847	0.2972
 38	284.3863	0.3053
 39	284.2713	0.3184
 40	284.1619	0.3287
 41	284.0481	0.3398
 42	283.9256	0.3531
 43	283.7877	0.3708
 44	283.6560	0.3851
 45	283.5177	0.4006
 46	283.3854	0.4132
 47	283.2639	0.4218
 48	283.1476	0.4288
 49	283.0221	0.4380
 50	282.9016	0.4455
 51	282.7858	0.4516
 52	282.6745	0.4564
 53	282.5615	0.4616
 54	282.4515	0.4660
 55	282.3455	0.4694
 56	282.2212	0.4772
 57	282.1013	0.4836
 58	281.9975	0.4863
 59	281.8724	0.4939
 60	281.7448	0.5019
 61	281.5945	0.5157
 62	281.4462	0.5282
 63	281.3023	0.5391
 64	281.1565	0.5500
 65	281.0129	0.5600
 66	280.8680	0.5700
 67	280.7212	0.5800
 68	280.5686	0.5912
 69	280.4058	0.6047
 70	280.2362	0.6194
 71	280.0618	0.6347
 72	279.8934	0.6479
 73	279.7200	0.6618
 74	279.5513	0.6740
 75	279.3770	0.6872
 76	279.2090	0.6984
 77	279.0454	0.7082
 78	278.8860	0.7168
 79	278.7383	0.7228
 80	278.5943	0.7280
 81	278.4529	0.7326
 82	278.3095	0.7376
 83	278.1696	0.7418
 84	278.0282	0.7464
 85	277.8762	0.7529
 86	277.7206	0.7601
 87	277.5634	0.7674
 88	277.4138	0.7731
 89	277.2647	0.7787
 90	277.1177	0.7838
 91	276.9708	0.7888
 92	276.8272	0.7932
 93	276.6856	0.7972
 94	276.5312	0.8036
 95	276.3800	0.8092
 96	276.2320	0.8142
 97	276.0870	0.8186
 98	275.9450	0.8225
 99	275.8046	0.8260
100	275.6641	0.8297
  1	261.1932	0.0000
  2	260.9455	0.1752
  3	260.6645	0.2574
  4	260.3231	0.3531
  5	259.9611	0.4297
  6	259.6664	0.4479
  7	259.4559	0.4305
  8	259.2980	0.4046
  9	259.1752	0.3779
 10	259.0669	0.3553
 11	259.0342	0.3245
 12	259.0070	0.2986
 13	258.9840	0.2765
 14	258.9062	0.2675
 15	258.8387	0.2580
 16	258.7828	0.2479
 17	258.7335	0.2381
 18	258.6903	0.2288
 19	258.6516	0.2200
 20	258.6220	0.2110
 21	258.5573	0.2106
 22	258.4985	0.2091
 23	258.4448	0.2068
 24	258.3593	0.2151
 25	258.2318	0.2414
 26	258.1210	0.2563
 27	258.0183	0.2665
 28	257.9230	0.2735
 29	257.8332	0.2785
 30	257.7532	0.2804
 31	257.6577	0.2872
 32	257.5870	0.2868
 33	257.5203	0.2857
 34	257.4651	0.2826
 35	257.4131	0.2793
 36	257.3504	0.2785
 37	257.2670	0.2832
 38	257.1761	0.2899
 39	257.0679	0.3020
 40	256.9653	0.3114
 41	256.8599	0.3212
 42	256.7459	0.3331
 43	256.6149	0.3502
 44	256.4898	0.3639
 45	256.3570	0.3793
 46	256.2301	0.3917
 47	256.1137	0.4003
 48	256.0021	0.4072
 49	255.8826	0.4161
 50	255.7678	0.4233
 51	255.6576	0.4291
 52	255.5515	0.4337
 53	255.4432	0.4389
 54	255.3392	0.4429
 55	255.2391	0.4460
 56	255.1197	0.4537
 57	255.0045	0.4602
 58	254.9043	0.4630
 59	254.7831	0.4708
 60	254.6594	0.4789
 61	254.5157	0.4921
 62	254.3740	0.5042
 63	254.2360	0.5147
 64	254.0966	0.5252
 65	253.9583	0.5351
 66	253.8185	0.5449
 67	253.6762	0.5550
 68	253.5296	0.5659
 69	253.3733	0.5789
 70	253.2111	0.5929
 71	253.0438	0.6077
 72	252.8827	0.6202
 73	252.7174	0.6334
 74	252.5566	0.6449
 75	252.3908	0.6573
 76	252.2326	0.6674
 77	252.0786	0.6763
 78	251.9285	0.6841
 79	251.7893	0.6894
 80	251.6536	0.6940
 81	251.5200	0.6982
 82	251.3837	0.7029
 83	251.2507	0.7069
 84	251.1160	0.7112
 85	250.9703	0.7176
 86	250.8212	0.7246
 87	250.6704	0.7317
 88	250.5262	0.7375
 89	250.3832	0.7429
 90	250.2420	0.7480
 91	250.0999	0.7531
 92	249.9609	0.7577
 93	249.8230	0.7620
 94	249.6722	0.7686
 95	249.5246	0.7746
 96	249.3800	0.7799
 97	249.2385	0.7846
 98	249.0998	0.7888
 99	248.9632	0.7925
100	248.8270	0.7962
  1	234.8355	0.0000
  2	234.6141	0.1565
  3	234.3474	0.2415
  4	234.0255	0.3324
  5	233.6864	0.4034
  6	233.4223	0.4137
  7	233.2336	0.3953
  8	233.0920	0.3704
  9	232.9820	0.3452
 10	232.8868	0.3235
 11	232.8662	0.2947
 12	232.8491	0.2707
 13	232.8345	0.2503
 14	232.7623	0.2426
 15	232.6997	0.2344
 16	232.6483	0.2253
 17	232.6029	0.2165
 18	232.5567	0.2094
 19	232.5153	0.2024
 20	232.4854	0.1945
 21	232.4229	0.1950
 22	232.3662	0.1942
 23	232.3143	0.1926
 24	232.2332	0.2009
 25	232.1127	0.2262
 26	232.0014	0.2433
 27	231.8984	0.2551
 28	231.8028	0.2633
 29	231.7142	0.2687
 30	231.6358	0.2710
 31	231.5441	0.2773
 32	231.4780	0.2764
 33	231.4161	0.2749
 34	231.3663	0.2713
 35	231.3194	0.2676
 36	231.2642	0.2658
 37	231.1876	0.2694
 38	231.1026	0.2754
 39	230.9998	0.2869
 40	230.9026	0.2957
 41	230.8047	0.3043
 42	230.6983	0.3151
 43	230.5735	0.3316
 44	230.4543	0.3448
 45	230.3265	0.3600
 46	230.2042	0.3724
 47	230.0919	0.3810
 48	229.9843	0.3880
 49	229.8702	0.3965
 50	229.7607	0.4034
 51	229.6555	0.4090
 52	229.5544	0.4134
 53	229.4504	0.4185
 54	229.3523	0.4221
 55	229.2579	0.4248
 56	229.1433	0.4324
 57	229.0327	0.4387
 58	228.9360	0.4417
 59	228.8185	0.4496
 60	228.6990	0.4577
 61	228.5623	0.4702
 62	228.4275	0.4815
 63	228.2959	0.4915
 64	228.1634	0.5014
 65	228.0308	0.5109
 66	227.8971	0.5204
 67	227.7597	0.5304
 68	227.6200	0.5407
 69	227.4714	0.5529
 70	227.3176	0.5660
 71	227.1586	0.5799
 72	227.0059	0.5917
 73	226.8501	0.6037
 74	226.6986	0.6143
 75	226.5426	0.6256
 76	226.3957	0.6343
 77	226.2527	0.6420
 78	226.1134	0.6487
 79	225.9840	0.6533
 80	225.8579	0.6572
 81	225.7336	0.6607
 82	225.6057	0.6649
 83	225.4809	0.6685
 84	225.3542	0.6725
 85	225.2161	0.6786
 86	225.0749	0.6852
 87	224.9321	0.6921
 88	224.7947	0.6977
 89	224.6594	0.7029
 90	224.5255	0.7077
 91	224.3895	0.7129
 92	224.2563	0.7175
 93	224.1233	0.7220
 94	223.9774	0.7289
 95	223.8346	0.7351
 96	223.6947	0.7406
 97	223.5577	0.7455
 98	223.4236	0.7499
 99	223.2919	0.7538
100	223.1614	0.7575
  1	209.7899	0.0000
  2	209.6043	0.1313
  3	209.3582	0.2192
  4	209.0604	0.3058
  5	208.7489	0.3708
  6	208.5217	0.3722
  7	208.3594	0.3526
  8	208.2377	0.3289
  9	208.1430	0.3057
 10	208.0632	0.2853
 11	208.0554	0.2595
 12	208.0489	0.2379
 13	208.0434	0.2197
 14	207.9771	0.2138
 15	207.9196	0.2071
 16	207.8729	0.1994
 17	207.8415	0.1901
 18	207.8002	0.1840
 19	207.7632	0.1780
 20	207.7403	0.1705
 21	207.6870	0.1705
 22	207.6387	0.1695
 23	207.5945	0.1678
 24	207.5236	0.1751
 25	207.4162	0.1983
 26	207.3171	0.2140
 27	207.2254	0.2249
 28	207.1402	0.2325
 29	207.0632	0.2368
 30	206.9961	0.2382
 31	206.9177	0.2431
 32	206.8653	0.2411
 33	206.8170	0.2386
 34	206.7809	0.2343
 35	206.7468	0.2301
 36	206.7071	0.2271
 37	206.6452	0.2292
 38	206.5734	0.2342
 39	206.4831	0.2450
 40	206.3982	0.2531
 41	206.3147	0.2604
 42	206.2229	0.2699
 43	206.1108	0.2859
 44	206.0037	0.2988
 45	205.8867	0.3142
 46	205.7748	0.3267
 47	205.6719	0.3356
 48	205.5874	0.3391
 49	205.4977	0.3438
 50	205.4114	0.3476
 51	205.3285	0.3505
 52	205.2489	0.3527
 53	205.1650	0.3559
 54	205.0843	0.3583
 55	205.0064	0.3602
 56	204.9074	0.3671
 57	204.8118	0.3729
 58	204.7283	0.3757
 59	204.6243	0.3835
 60	204.5180	0.3915
 61	204.3979	0.4031
 62	204.2794	0.4137
 63	204.1632	0.4231
 64	204.0462	0.4324
 65	203.9277	0.4417
 66	203.8077	0.4510
 67	203.6829	0.4612
 68	203.5577	0.4711
 69	203.4242	0.4828
 70	203.2864	0.4952
 71	203.1432	0.5085
 72	203.0061	0.5196
 73	202.8670	0.5308
 74	202.7316	0.5406
 75	202.5925	0.5510
 76	202.4638	0.5586
 77	202.3385	0.5652
 78	202.2164	0.5710
 79	202.1031	0.5749
 80	201.9926	0.5782
 81	201.8833	0.5813
 82	201.7693	0.5853
 83	201.6581	0.5887
 84	201.5448	0.5925
 85	201.4195	0.5986
 86	201.2913	0.6052
 87	201.1615	0.6120
 88	201.0357	0.6179
 89	200.9127	0.6231
 90	200.7907	0.6280
 91	200.6651	0.6335
 92	200.5423	0.6384
 93	200.4183	0.6435
 94	200.2816	0.6510
 95	200.1477	0.6578
 96	200.0166	0.6639
 97	199.8881	0.6693
 98	199.7624	0.6742
 99	199.6395	0.6785
100	199.5184	0.6824
  1	187.1535	0.0000
  2	187.0020	0.1071
  3	186.7767	0.1974
  4	186.5080	0.2758
  5	186.2300	0.3324
  6	186.0442	0.3248
  7	185.9115	0.3043
  8	185.8119	0.2821
  9	185.7345	0.2612
 10	185.6725	0.2423
 11	185.6800	0.2204
 12	185.6862	0.2021
 13	185.6915	0.1866
 14	185.6335	0.1821
 15	185.5832	0.1767
 16	185.5431	0.1702
 17	185.5162	0.1623
 18	185.4709	0.1595
 19	185.4303	0.1561
 20	185.4064	0.1502
 21	185.3559	0.1513
 22	185.3101	0.1512
 23	185.2682	0.1503
 24	185.2032	0.1575
 25	185.1057	0.1788
 26	185.0158	0.1932
 27	184.9325	0.2032
 28	184.8552	0.2101
 29	184.7878	0.2134
 30	184.7301	0.2140
 31	184.6637	0.2171
 32	184.6235	0.2140
 33	184.5876	0.2106
 34	184.5640	0.2057
 35	184.5417	0.2010
 36	184.5169	0.1969
 37	184.4692	0.1973
 38	184.4101	0.2008
 39	184.3319	0.2103
 40	184.2591	0.2173
 41	184.1902	0.2226
 42	184.1133	0.2303
 43	184.0141	0.2453
 44	183.9194	0.2574
 45	183.8137	0.2725
 46	183.7125	0.2848
 47	183.6197	0.2934
 48	183.5428	0.2972
 49	183.4626	0.3018
 50	183.3840	0.3058
 51	183.3084	0.3090
 52	183.2358	0.3115
 53	183.1582	0.3151
 54	183.0835	0.3180
 55	183.0115	0.3203
 56	182.9176	0.3280
 57	182.8270	0.3346
 58	182.7468	0.3383
 59	182.6469	0.3470
 60	182.5450	0.3558
 61	182.4340	0.3669
 62	182.3247	0.3769
 63	182.2168	0.3861
 64	182.1089	0.3948
 65	181.9978	0.4041
 66	181.8853	0.4133
 67	181.7670	0.4238
 68	181.6508	0.4332
 69	181.5276	0.4441
 70	181.4014	0.4553
 71	181.2701	0.4674
 72	181.1446	0.4775
 73	181.0189	0.4872
 74	180.8965	0.4958
 75	180.7714	0.5047
 76	180.6495	0.5126
 77	180.5309	0.5195
 78	180.4152	0.5255
 79	180.3072	0.5298
 80	180.2018	0.5336
 81	180.0972	0.5372
 82	179.9872	0.5418
 83	179.8799	0.5458
 84	179.7704	0.5501
 85	179.6489	0.5569
 86	179.5249	0.5641
 87	179.3997	0.5713
 88	179.2769	0.5779
 89	179.1580	0.5835
 90	179.0399	0.5888
 91	178.9169	0.5951
 92	178.7967	0.6006
 93	178.6741	0.6065
 94	178.5391	0.6149
 95	178.4070	0.6225
 96	178.2776	0.6293
 97	178.1509	0.6355
 98	178.0267	0.6410
 99	177.9051	0.6459
100	177.7862	0.6503
  1	165.7222	0.0000
  2	165.6104	0.0791
  3	165.4105	0.1715
  4	165.1775	0.2393
  5	164.9405	0.2857
  6	164.8033	0.2690
  7	164.7436	0.2371
  8	164.6988	0.2116
  9	164.6639	0.1910
 10	164.6405	0.1733
 11	164.6802	0.1620
 12	164.7132	0.1518
 13	164.7411	0.1427
 14	164.7024	0.1377
 15	164.6689	0.1325
 16	164.6437	0.1266
 17	164.6286	0.1200
 18	164.5855	0.1209
 19	164.5469	0.1205
 20	164.5266	0.1162
 21	164.4837	0.1183
 22	164.4447	0.1192
 23	164.4091	0.1192
 24	164.3544	0.1262
 25	164.2717	0.1457
 26	164.1954	0.1588
 27	164.1248	0.1679
 28	164.0592	0.1743
 29	163.9981	0.1787
 30	163.9466	0.1799
 31	163.8896	0.1830
 32	163.8591	0.1798
 33	163.8331	0.1762
 34	163.8198	0.1715
 35	163.8072	0.1671
 36	163.7953	0.1629
 37	163.7604	0.1621
 38	163.7127	0.1647
 39	163.6456	0.1737
 40	163.5840	0.1799
 41	163.5290	0.1837
 42	163.4664	0.1897
 43	163.3799	0.2041
 44	163.2974	0.2155
 45	163.2028	0.2305
 46	163.1123	0.2426
 47	163.0294	0.2512
 48	162.9598	0.2555
 49	162.8890	0.2599
 50	162.8179	0.2642
 51	162.7495	0.2677
 52	162.6838	0.2705
 53	162.6123	0.2747
 54	162.5436	0.2781
 55	162.4773	0.2808
 56	162.3887	0.2894
 57	162.3033	0.2967
 58	162.2264	0.3014
 59	162.1308	0.3111
 60	162.0337	0.3207
 61	161.9326	0.3310
 62	161.8333	0.3402
 63	161.7347	0.3488
 64	161.6366	0.3569
 65	161.5338	0.3659
 66	161.4296	0.3749
 67	161.3186	0.3854
 68	161.2125	0.3941
 69	161.1009	0.4038
 70	160.9878	0.4136
 71	160.8698	0.4243
 72	160.7576	0.4330
 73	160.6468	0.4410
 74	160.5390	0.4480
 75	160.4297	0.4552
 76	160.3232	0.4615
 77	160.2195	0.4670
 78	160.1184	0.4718
 79	160.0233	0.4753
 80	159.9306	0.4783
 81	159.8380	0.4813
 82	159.7391	0.4855
 83	159.6425	0.4892
 84	159.5437	0.4932
 85	159.4329	0.4997
 86	159.3200	0.5065
 87	159.2061	0.5133
 88	159.0928	0.5198
 89	158.9844	0.5252
 90	158.8765	0.5303
 91	158.7622	0.5366
 92	158.6505	0.5423
 93	158.5350	0.5486
 94	158.4077	0.5574
 95	158.2831	0.5653
 96	158.1611	0.5724
 97	158.0415	0.5789
 98	157.9245	0.5847
 99	157.8097	0.5899
100	157.6988	0.5944
  1	146.5231	0.0000
  2	146.4601	0.0445
  3	146.2935	0.1392
  4	146.1065	0.1927
  5	145.9217	0.2260
  6	145.8446	0.2011
  7	145.8163	0.1743
  8	145.7951	0.1538
  9	145.7785	0.1376
 10	145.7751	0.1239
 11	145.8306	0.1244
 12	145.8769	0.1224
 13	145.9160	0.1191
 14	145.8875	0.1139
 15	145.8629	0.1090
 16	145.8457	0.1035
 17	145.8357	0.0979
 18	145.7873	0.1037
 19	145.7439	0.1069
 20	145.7218	0.1039
 21	145.6828	0.1060
 22	145.6474	0.1069
 23	145.6216	0.1053
 24	145.5813	0.1084
 25	145.5184	0.1209
 26	145.4604	0.1295
 27	145.4066	0.1354
 28	145.3567	0.1394
 29	145.3102	0.1422
 30	145.2728	0.1423
 31	145.2331	0.1431
 32	145.2198	0.1392
 33	145.2107	0.1353
 34	145.2143	0.1314
 35	145.2176	0.1277
 36	145.2208	0.1242
 37	145.2011	0.1224
 38	145.1669	0.1238
 39	145.1131	0.1318
 40	145.0651	0.1370
 41	145.0265	0.1390
 42	144.9807	0.1430
 43	144.9095	0.1564
 44	144.8416	0.1669
 45	144.7608	0.1817
 46	144.6835	0.1935
 47	144.6130	0.2018
 48	144.5528	0.2064
 49	144.4936	0.2105
 50	144.4323	0.2150
 51	144.3734	0.2187
 52	144.3168	0.2217
 53	144.2536	0.2264
 54	144.1927	0.2302
 55	144.1341	0.2334
 56	144.0530	0.2429
 57	143.9749	0.2509
 58	143.9032	0.2566
 59	143.8140	0.2673
 60	143.7236	0.2777
 61	143.6352	0.2869
 62	143.5488	0.2950
 63	143.4621	0.3028
 64	143.3765	0.3099
 65	143.2844	0.3185
 66	143.1909	0.3271
 67	143.0894	0.3376
 68	142.9959	0.3454
 69	142.8986	0.3538
 70	142.8017	0.3618
 71	142.7001	0.3707
 72	142.6041	0.3778
 73	142.5114	0.3838
 74	142.4282	0.3875
 75	142.3446	0.3913
 76	142.2632	0.3945
 77	142.1839	0.3973
 78	142.1066	0.3996
 79	142.0333	0.4012
 80	141.9618	0.4025
 81	141.8894	0.4040
 82	141.8096	0.4069
 83	141.7317	0.4094
 84	141.6512	0.4123
 85	141.5588	0.4177
 86	141.4647	0.4233
 87	141.3696	0.4290
 88	141.2731	0.4348
 89	141.1823	0.4393
 90	141.0913	0.4438
 91	140.9927	0.4497
 92	140.8962	0.4551
 93	140.7943	0.4614
 94	140.6813	0.4702
 95	140.5707	0.4781
 96	140.4629	0.4851
 97	140.3573	0.4914
 98	140.2538	0.4972
 99	140.1524	0.5024
100	140.0558	0.5066
  1	130.4045	0.0000
  2	130.3946	0.0070
  3	130.2660	0.1050
  4	130.1303	0.1415
  5	130.0034	0.1603
  6	129.9906	0.1341
  7	129.9955	0.1150
  8	129.9992	0.1007
  9	130.0021	0.0896
 10	130.0195	0.0823
 11	130.0905	0.1009
 12	130.1496	0.1084
 13	130.1996	0.1110
 14	130.1822	0.1045
 15	130.1670	0.0986
 16	130.1584	0.0928
 17	130.1537	0.0875
 18	130.1003	0.0975
 19	130.0526	0.1034
 20	130.0288	0.1010
 21	129.9945	0.1018
 22	129.9634	0.1018
 23	129.9329	0.1019
 24	129.8948	0.1045
 25	129.8414	0.1131
 26	129.7922	0.1190
 27	129.7466	0.1230
 28	129.7043	0.1257
 29	129.6649	0.1274
 30	129.6345	0.1267
 31	129.6062	0.1258
 32	129.6039	0.1218
 33	129.6062	0.1182
 34	129.6212	0.1156
 35	129.6354	0.1132
 36	129.6487	0.1108
 37	129.6401	0.1082
 38	129.6159	0.1080
 39	129.5727	0.1135
 40	129.5356	0.1166
 41	129.5114	0.1163
 42	129.4810	0.1174
 43	129.4242	0.1276
 44	129.3701	0.1357
 45	129.3023	0.1487
 46	129.2375	0.1589
 47	129.1785	0.1661
 48	129.1261	0.1708
 49	129.0776	0.1740
 50	129.0248	0.1784
 51	128.9740	0.1820
 52	128.9251	0.1849
 53	128.8690	0.1897
 54	128.8150	0.1938
 55	128.7629	0.1971
 56	128.6889	0.2070
 57	128.6175	0.2154
 58	128.5499	0.2220
 59	128.4671	0.2332
 60	128.3836	0.2438
 61	128.3090	0.2509
 62	128.2366	0.2571
 63	128.1630	0.2634
 64	128.0913	0.2688
 65	128.0114	0.2763
 66	127.9302	0.2838
 67	127.8401	0.2935
 68	127.7614	0.2996
 69	127.6811	0.3058
 70	127.6033	0.3112
 71	127.5214	0.3174
 72	127.4447	0.3221
 73	127.3737	0.3254
 74	127.3104	0.3271
 75	127.2483	0.3286
 76	127.1879	0.3298
 77	127.1290	0.3307
 78	127.0716	0.3314
 79	127.0160	0.3319
 80	126.9618	0.3321
 81	126.9059	0.3327
 82	126.8417	0.3348
 83	126.7790	0.3366
 84	126.7138	0.3388
 85	126.6371	0.3434
 86	126.5595	0.3481
 87	126.4813	0.3527
 88	126.3994	0.3581
 89	126.3243	0.3619
 90	126.2487	0.3657
 91	126.1638	0.3714
 92	126.0807	0.3765
 93	125.9907	0.3831
 94	125.8908	0.3918
 95	125.7930	0.3997
 96	125.6973	0.4068
 97	125.6123	0.4114
 98	125.5291	0.4155
 99	125.4476	0.4193
100	125.3677	0.4226
  1	117.5160	0.0000
  2	117.5624	0.0328
  3	117.4776	0.0726
  4	117.4058	0.0827
  5	117.3509	0.0824
  6	117.3143	0.0763
  7	117.2898	0.0692
  8	117.2715	0.0630
  9	117.2572	0.0576
 10	117.2673	0.0527
 11	117.3307	0.0771
 12	117.3836	0.0869
 13	117.4272	0.0905
 14	117.4080	0.0861
 15	117.3913	0.0819
 16	117.3818	0.0774
 17	117.3755	0.0731
 18	117.3116	0.0928
 19	117.2545	0.1040
 20	117.2219	0.1038
 21	117.1869	0.1046
 22	117.1551	0.1046
 23	117.1161	0.1070
 24	117.0775	0.1093
 25	117.0323	0.1139
 26	116.9905	0.1169
 27	116.9519	0.1188
 28	116.9160	0.1199
 29	116.8825	0.1203
 30	116.8579	0.1188
 31	116.8403	0.1163
 32	116.8480	0.1129
 33	116.8608	0.1102
 34	116.8863	0.1099
 35	116.9103	0.1093
 36	116.9329	0.1086
 37	116.9352	0.1057
 38	116.9207	0.1039
 39	116.8881	0.1062
 40	116.8620	0.1067
 41	116.8526	0.1045
 42	116.8380	0.1031
 43	116.7963	0.1088
 44	116.7566	0.1133
 45	116.7032	0.1227
 46	116.6521	0.1303
 47	116.6062	0.1353
 48	116.5630	0.1393
 49	116.5265	0.1411
 50	116.4842	0.1445
 51	116.4436	0.1473
 52	116.4045	0.1495
 53	116.3573	0.1540
 54	116.3118	0.1577
 55	116.2680	0.1608
 56	116.2032	0.1705
 57	116.1406	0.1786
 58	116.0794	0.1857
 59	116.0049	0.1969
 60	115.9303	0.2073
 61	115.8580	0.2161
 62	115.7886	0.2235
 63	115.7174	0.2310
 64	115.6490	0.2374
 65	115.5711	0.2461
 66	115.4922	0.2547
 67	115.4040	0.2658
 68	115.3302	0.2719
 69	115.2573	0.2776
 70	115.1890	0.2819
 71	115.1175	0.2868
 72	115.0510	0.2905
 73	114.9923	0.2924
 74	114.9399	0.2931
 75	114.8905	0.2933
 76	114.8424	0.2934
 77	114.7955	0.2933
 78	114.7542	0.2924
 79	114.7127	0.2916
 80	114.6722	0.2908
 81	114.6293	0.2903
 82	114.5775	0.2914
 83	114.5284	0.2920
 84	114.4768	0.2930
 85	114.4143	0.2962
 86	114.3513	0.2994
 87	114.2880	0.3025
 88	114.2193	0.3068
 89	114.1581	0.3094
 90	114.0959	0.3121
 91	114.0236	0.3170
 92	113.9528	0.3214
 93	113.8738	0.3274
 94	113.7862	0.3355
 95	113.7004	0.3427
 96	113.6159	0.3494
 97	113.5415	0.3537
 98	113.4686	0.3575
 99	113.3971	0.3610
100	113.3271	0.3641
  1	106.5624	0.0000
  2	106.6543	0.0650
  3	106.6067	0.0582
  4	106.5865	0.0470
  5	106.5893	0.0377
  6	106.5912	0.0315
  7	106.5830	0.0280
  8	106.5769	0.0252
  9	106.5722	0.0228
 10	106.5945	0.0295
 11	106.6653	0.0726
 12	106.7243	0.0873
 13	106.7674	0.0906
 14	106.7516	0.0855
 15	106.7379	0.0809
 16	106.7310	0.0761
 17	106.7256	0.0718
 18	106.6555	0.0961
 19	106.5928	0.1097
 20	106.5557	0.1102
 21	106.5229	0.1098
 22	106.4930	0.1088
 23	106.4486	0.1128
 24	106.4111	0.1141
 25	106.3746	0.1153
 26	106.3408	0.1157
 27	106.3115	0.1150
 28	106.2843	0.1141
 29	106.2589	0.1129
 30	106.2419	0.1105
 31	106.2354	0.1071
 32	106.2533	0.1052
 33	106.2763	0.1045
 34	106.3116	0.1072
 35	106.3449	0.1092
 36	106.3763	0.1106
 37	106.3888	0.1083
 38	106.3839	0.1056
 39	106.3619	0.1052
 40	106.3466	0.1036
 41	106.3504	0.1012
 42	106.3500	0.0988
 43	106.3225	0.1002
 44	106.2963	0.1013
 45	106.2564	0.1066
 46	106.2182	0.1109
 47	106.1843	0.1136
 48	106.1498	0.1164
 49	106.1243	0.1168
 50	106.0914	0.1190
 51	106.0598	0.1208
 52	106.0295	0.1222
 53	105.9906	0.1259
 54	105.9531	0.1291
 55	105.9169	0.1317
 56	105.8609	0.1407
 57	105.8069	0.1483
 58	105.7518	0.1556
 59	105.6858	0.1664
 60	105.6200	0.1762
 61	105.5563	0.1844
 62	105.4958	0.1911
 63	105.4329	0.1982
 64	105.3734	0.2038
 65	105.3035	0.2123
 66	105.2327	0.2206
 67	105.1521	0.2315
 68	105.0888	0.2366
 69	105.0283	0.2408
 70	104.9695	0.2445
 71	104.9083	0.2486
 72	104.8518	0.2514
 73	104.7968	0.2539
 74	104.7471	0.2553
 75	104.6987	0.2565
 76	104.6516	0.2574
 77	104.6057	0.2581
 78	104.5649	0.2580
 79	104.5228	0.2581
 80	104.4817	0.2582
 81	104.4382	0.2586
 82	104.3857	0.2607
 83	104.3337	0.2627
 84	104.2795	0.2651
 85	104.2154	0.2697
 86	104.1515	0.2740
 87	104.0880	0.2781
 88	104.0179	0.2836
 89	103.9494	0.2886
 90	103.8800	0.2936
 91	103.8002	0.3011
 92	103.7220	0.3078
 93	103.6354	0.3164
 94	103.5413	0.3267
 95	103.4492	0.3360
 96	103.3583	0.3446
 97	103.2771	0.3505
 98	103.1975	0.3558
 99	103.1195	0.3607
100	103.0431	0.3651
  1	95.4764	0.0000
  2	95.6035	0.0899
  3	95.5848	0.0618
  4	95.6003	0.0483
  5	95.6423	0.0539
  6	95.6703	0.0517
  7	95.6721	0.0443
  8	95.6734	0.0388
  9	95.6744	0.0345
 10	95.7040	0.0419
 11	95.7776	0.0798
 12	95.8389	0.0938
 13	95.8795	0.0949
 14	95.8643	0.0894
 15	95.8512	0.0844
 16	95.8448	0.0793
 17	95.8382	0.0749
 18	95.7626	0.1020
 19	95.6950	0.1169
 20	95.6546	0.1178
 21	95.6229	0.1164
 22	95.5941	0.1146
 23	95.5452	0.1196
 24	95.5080	0.1203
 25	95.4770	0.1194
 26	95.4484	0.1182
 27	95.4204	0.1171
 28	95.3945	0.1157
 29	95.3704	0.1142
 30	95.3545	0.1115
 31	95.3521	0.1079
 32	95.3733	0.1066
 33	95.3998	0.1066
 34	95.4384	0.1103
 35	95.4749	0.1130
 36	95.5094	0.1150
 37	95.5262	0.1131
 38	95.5258	0.1101
 39	95.5093	0.1085
 40	95.4996	0.1063
 41	95.5109	0.1043
 42	95.5188	0.1021
 43	95.5002	0.1014
 44	95.4824	0.1006
 45	95.4511	0.1032
 46	95.4211	0.1052
 47	95.3946	0.1062
 48	95.3650	0.1081
 49	95.3461	0.1075
 50	95.3188	0.1088
 51	95.2924	0.1098
 52	95.2671	0.1106
 53	95.2332	0.1136
 54	95.2005	0.1161
 55	95.1689	0.1182
 56	95.1186	0.1263
 57	95.0701	0.1331
 58	95.0188	0.1404
 59	94.9585	0.1504
 60	94.8988	0.1593
 61	94.8412	0.1668
 62	94.7868	0.1727
 63	94.7297	0.1792
 64	94.6744	0.1847
 65	94.6079	0.1934
 66	94.5408	0.2018
 67	94.4639	0.2130
 68	94.3892	0.2225
 69	94.3192	0.2300
 70	94.2512	0.2366
 71	94.1819	0.2432
 72	94.1174	0.2482
 73	94.0547	0.2526
 74	93.9968	0.2558
 75	93.9404	0.2585
 76	93.8855	0.2609
 77	93.8320	0.2629
 78	93.7833	0.2640
 79	93.7326	0.2655
 80	93.6832	0.2667
 81	93.6313	0.2684
 82	93.5706	0.2719
 83	93.5087	0.2756
 84	93.4451	0.2796
 85	93.3725	0.2856
 86	93.3010	0.2911
 87	93.2304	0.2962
 88	93.1525	0.3028
 89	93.0764	0.3089
 90	92.9996	0.3148
 91	92.9122	0.3233
 92	92.8266	0.3309
 93	92.7323	0.3405
 94	92.6318	0.3514
 95	92.5334	0.3612
 96	92.4360	0.3704
 97	92.3479	0.3769
 98	92.2616	0.3828
 99	92.1771	0.3881
100	92.0942	0.3930
  1	83.8915	0.0000
  2	84.0477	0.1104
  3	84.0547	0.0738
  4	84.1059	0.0709
  5	84.1877	0.0926
  6	84.2422	0.0918
  7	84.2554	0.0796
  8	84.2654	0.0703
  9	84.2731	0.0629
 10	84.3110	0.0671
 11	84.3888	0.0960
 12	84.4537	0.1077
 13	84.4938	0.1066
 14	84.4818	0.0997
 15	84.4714	0.0936
 16	84.4675	0.0878
 17	84.4623	0.0828
 18	84.3843	0.1089
 19	84.3146	0.1235
 20	84.2718	0.1245
 21	84.2423	0.1220
 22	84.2154	0.1194
 23	84.1639	0.1248
 24	84.1285	0.1245
 25	84.0960	0.1237
 26	84.0659	0.1226
 27	84.0340	0.1221
 28	84.0043	0.1213
 29	83.9767	0.1203
 30	83.9575	0.1178
 31	83.9543	0.1140
 32	83.9743	0.1122
 33	84.0000	0.1117
 34	84.0380	0.1147
 35	84.0738	0.1168
 36	84.1076	0.1184
 37	84.1252	0.1165
 38	84.1256	0.1134
 39	84.1109	0.1115
 40	84.1034	0.1089
 41	84.1184	0.1073
 42	84.1308	0.1055
 43	84.1172	0.1039
 44	84.1042	0.1023
 45	84.0780	0.1034
 46	84.0529	0.1041
 47	84.0311	0.1042
 48	84.0043	0.1054
 49	83.9896	0.1043
 50	83.9659	0.1048
 51	83.9432	0.1052
 52	83.9213	0.1054
 53	83.8906	0.1078
 54	83.8610	0.1098
 55	83.8325	0.1114
 56	83.7863	0.1186
 57	83.7418	0.1247
 58	83.6932	0.1316
 59	83.6371	0.1408
 60	83.5819	0.1489
 61	83.5286	0.1557
 62	83.4788	0.1610
 63	83.4261	0.1668
 64	83.3750	0.1719
 65	83.3122	0.1803
 66	83.2489	0.1884
 67	83.1758	0.1993
 68	83.1048	0.2086
 69	83.0399	0.2154
 70	82.9769	0.2214
 71	82.9132	0.2272
 72	82.8542	0.2316
 73	82.7968	0.2354
 74	82.7433	0.2383
 75	82.6912	0.2407
 76	82.6405	0.2428
 77	82.5975	0.2434
 78	82.5586	0.2434
 79	82.5166	0.2439
 80	82.4757	0.2443
 81	82.4321	0.2451
 82	82.3795	0.2477
 83	82.3238	0.2509
 84	82.2664	0.2544
 85	82.2008	0.2597
 86	82.1366	0.2645
 87	82.0736	0.2689
 88	82.0026	0.2751
 89	81.9332	0.2806
 90	81.8629	0.2861
 91	81.7816	0.2943
 92	81.7074	0.3003
 93	81.6239	0.3085
 94	81.5350	0.3177
 95	81.4480	0.3261
 96	81.3616	0.3340
 97	81.2837	0.3395
 98	81.2074	0.3445
 99	81.1326	0.3490
100	81.0594	0.3531
  1	73.8065	0.0000
  2	73.9900	0.1297
  3	74.0212	0.0902
  4	74.1022	0.0975
  5	74.2169	0.1288
  6	74.2933	0.1280
  7	74.3152	0.1116
  8	74.3316	0.0988
  9	74.3444	0.0887
 10	74.3882	0.0900
 11	74.4680	0.1117
 12	74.5344	0.1205
 13	74.5724	0.1171
 14	74.5618	0.1092
 15	74.5526	0.1023
 16	74.5496	0.0960
 17	74.5443	0.0905
 18	74.4633	0.1162
 19	74.3909	0.1307
 20	74.3459	0.1317
 21	74.3179	0.1283
 22	74.2925	0.1250
 23	74.2382	0.1308
 24	74.2039	0.1298
 25	74.1723	0.1284
 26	74.1431	0.1267
 27	74.1092	0.1265
 28	74.0777	0.1258
 29	74.0483	0.1249
 30	74.0275	0.1224
 31	74.0252	0.1185
 32	74.0452	0.1165
 33	74.0713	0.1159
 34	74.1096	0.1186
 35	74.1456	0.1206
 36	74.1797	0.1219
 37	74.1991	0.1202
 38	74.2013	0.1170
 39	74.1898	0.1146
 40	74.1855	0.1118
 41	74.2053	0.1108
 42	74.2233	0.1096
 43	74.2159	0.1073
 44	74.2089	0.1051
 45	74.1891	0.1046
 46	74.1702	0.1040
 47	74.1540	0.1031
 48	74.1307	0.1035
 49	74.1210	0.1019
 50	74.1016	0.1017
 51	74.0830	0.1013
 52	74.0651	0.1010
 53	74.0383	0.1026
 54	74.0125	0.1039
 55	74.0070	0.1021
 56	73.9841	0.1028
 57	73.9619	0.1034
 58	73.9342	0.1052
 59	73.8995	0.1090
 60	73.8652	0.1125
 61	73.8321	0.1154
 62	73.8024	0.1173
 63	73.7690	0.1201
 64	73.7366	0.1225
 65	73.6917	0.1286
 66	73.6458	0.1346
 67	73.5897	0.1438
 68	73.5353	0.1516
 69	73.4878	0.1567
 70	73.4416	0.1611
 71	73.3950	0.1654
 72	73.3526	0.1685
 73	73.3113	0.1712
 74	73.2728	0.1731
 75	73.2354	0.1748
 76	73.1990	0.1763
 77	73.1692	0.1765
 78	73.1428	0.1762
 79	73.1122	0.1766
 80	73.0825	0.1769
 81	73.0495	0.1777
 82	73.0075	0.1805
 83	72.9604	0.1843
 84	72.9117	0.1885
 85	72.8553	0.1945
 86	72.8003	0.1999
 87	72.7465	0.2047
 88	72.6838	0.2117
 89	72.6224	0.2181
 90	72.5601	0.2244
 91	72.4865	0.2337
 92	72.4196	0.2405
 93	72.3428	0.2499
 94	72.2614	0.2602
 95	72.1816	0.2694
 96	72.1019	0.2781
 97	72.0304	0.2843
 98	71.9603	0.2899
 99	71.8916	0.2950
100	71.8243	0.2996
  1	65.1615	0.0000
  2	65.3600	0.1404
  3	65.4071	0.1012
  4	65.5143	0.1199
  5	65.6583	0.1606
  6	65.7542	0.1599
  7	65.7860	0.1402
  8	65.8098	0.1247
  9	65.8283	0.1122
 10	65.8792	0.1119
 11	65.9633	0.1296
 12	66.0334	0.1364
 13	66.0729	0.1315
 14	66.0672	0.1222
 15	66.0622	0.1142
 16	66.0630	0.1071
 17	66.0615	0.1008
 18	65.9820	0.1226
 19	65.9109	0.1352
 20	65.8652	0.1359
 21	65.8399	0.1318
 22	65.8168	0.1278
 23	65.7625	0.1333
 24	65.7313	0.1313
 25	65.7026	0.1292
 26	65.6761	0.1269
 27	65.6421	0.1267
 28	65.6105	0.1260
 29	65.5812	0.1250
 30	65.5602	0.1226
 31	65.5598	0.1187
 32	65.5810	0.1168
 33	65.6085	0.1165
 34	65.6479	0.1196
 35	65.6851	0.1218
 36	65.7203	0.1234
 37	65.7422	0.1220
 38	65.7467	0.1188
 39	65.7384	0.1161
 40	65.7377	0.1132
 41	65.7621	0.1130
 42	65.7854	0.1127
 43	65.7838	0.1101
 44	65.7878	0.1077
 45	65.7794	0.1056
 46	65.7714	0.1036
 47	65.7661	0.1015
 48	65.7525	0.1003
 49	65.7525	0.0983
 50	65.7434	0.0967
 51	65.7346	0.0952
 52	65.7262	0.0938
 53	65.7083	0.0937
 54	65.6910	0.0936
 55	65.6927	0.0919
 56	65.6778	0.0914
 57	65.6633	0.0910
 58	65.6427	0.0917
 59	65.6153	0.0942
 60	65.5881	0.0964
 61	65.5619	0.0984
 62	65.5394	0.0993
 63	65.5131	0.1012
 64	65.4875	0.1028
 65	65.4487	0.1082
 66	65.4085	0.1138
 67	65.3582	0.1227
 68	65.3094	0.1303
 69	65.2685	0.1347
 70	65.2287	0.1385
 71	65.1890	0.1421
 72	65.1532	0.1446
 73	65.1183	0.1468
 74	65.0857	0.1484
 75	65.0539	0.1497
 76	65.0230	0.1509
 77	64.9977	0.1511
 78	64.9751	0.1508
 79	64.9476	0.1514
 80	64.9207	0.1519
 81	64.8901	0.1530
 82	64.8505	0.1562
 83	64.8043	0.1610
 84	64.7565	0.1661
 85	64.7018	0.1729
 86	64.6483	0.1789
 87	64.5963	0.1843
 88	64.5346	0.1923
 89	64.4742	0.1993
 90	64.4127	0.2064
 91	64.3402	0.2165
 92	64.2740	0.2240
 93	64.1976	0.2343
 94	64.1174	0.2452
 95	64.0388	0.2548
 96	63.9594	0.2643
 97	63.8883	0.2709
 98	63.8186	0.2770
 99	63.7503	0.2825
100	63.6834	0.2875
  1	57.0592	0.0000
  2	57.2639	0.1447
  3	57.3216	0.1074
  4	57.3504	0.0843
  5	57.4574	0.1171
  6	57.5288	0.1173
  7	57.5411	0.1012
  8	57.5503	0.0890
  9	57.5575	0.0794
 10	57.6014	0.0827
 11	57.6795	0.1058
 12	57.7446	0.1153
 13	57.7797	0.1116
 14	57.7732	0.1039
 15	57.7676	0.0971
 16	57.7680	0.0910
 17	57.7672	0.0857
 18	57.6876	0.1119
 19	57.6164	0.1267
 20	57.5679	0.1293
 21	57.5424	0.1256
 22	57.5192	0.1220
 23	57.4639	0.1287
 24	57.4342	0.1267
 25	57.4069	0.1245
 26	57.3817	0.1223
 27	57.3471	0.1225
 28	57.3150	0.1223
 29	57.2851	0.1217
 30	57.2636	0.1195
 31	57.2639	0.1157
 32	57.2854	0.1140
 33	57.3135	0.1140
 34	57.3534	0.1174
 35	57.3910	0.1199
 36	57.4265	0.1217
 37	57.4499	0.1207
 38	57.4557	0.1176
 39	57.4492	0.1148
 40	57.4506	0.1119
 41	57.4782	0.1125
 42	57.5047	0.1129
 43	57.5069	0.1103
 44	57.5138	0.1080
 45	57.5088	0.1057
 46	57.5040	0.1036
 47	57.5025	0.1014
 48	57.4917	0.0998
 49	57.4946	0.0978
 50	57.4894	0.0960
 51	57.4872	0.0942
 52	57.4850	0.0924
 53	57.4727	0.0914
 54	57.4609	0.0905
 55	57.4672	0.0891
 56	57.4576	0.0880
 57	57.4483	0.0870
 58	57.4325	0.0869
 59	57.4099	0.0883
 60	57.3873	0.0897
 61	57.3653	0.0909
 62	57.3478	0.0911
 63	57.3261	0.0922
 64	57.3051	0.0931
 65	57.2704	0.0979
 66	57.2337	0.1031
 67	57.1870	0.1116
 68	57.1417	0.1188
 69	57.1051	0.1226
 70	57.0696	0.1259
 71	57.0345	0.1289
 72	57.0031	0.1309
 73	56.9725	0.1326
 74	56.9437	0.1339
 75	56.9157	0.1350
 76	56.8885	0.1360
 77	56.8659	0.1361
 78	56.8456	0.1358
 79	56.8197	0.1366
 80	56.7944	0.1372
 81	56.7649	0.1386
 82	56.7264	0.1422
 83	56.6802	0.1478
 84	56.6324	0.1535
 85	56.5783	0.1610
 86	56.5254	0.1676
 87	56.4741	0.1733
 88	56.4125	0.1820
 89	56.3522	0.1897
 90	56.2907	0.1973
 91	56.2185	0.2079
 92	56.1523	0.2159
 93	56.0757	0.2268
 94	55.9959	0.2380
 95	55.9178	0.2480
 96	55.8381	0.2579
 97	55.7668	0.2649
 98	55.6970	0.2712
 99	55.6286	0.2770
100	55.5615	0.2822
  1	48.9235	0.0000
  2	49.1281	0.1446
  3	49.1910	0.1093
  4	49.2225	0.0864
  5	49.3416	0.1270
  6	49.4211	0.1283
  7	49.4385	0.1111
  8	49.4515	0.0980
  9	49.4617	0.0876
 10	49.5105	0.0915
 11	49.5931	0.1145
 12	49.6619	0.1239
 13	49.7009	0.1204
 14	49.7013	0.1118
 15	49.7017	0.1043
 16	49.7076	0.0980
 17	49.7138	0.0924
 18	49.6399	0.1130
 19	49.5739	0.1249
 20	49.5260	0.1274
 21	49.5035	0.1234
 22	49.4830	0.1194
 23	49.4302	0.1254
 24	49.4053	0.1226
 25	49.3823	0.1198
 26	49.3612	0.1171
 27	49.3285	0.1172
 28	49.2982	0.1169
 29	49.2699	0.1162
 30	49.2497	0.1141
 31	49.2528	0.1104
 32	49.2762	0.1095
 33	49.3065	0.1102
 34	49.3483	0.1146
 35	49.3876	0.1179
 36	49.4248	0.1204
 37	49.4510	0.1199
 38	49.4591	0.1171
 39	49.4554	0.1141
 40	49.4602	0.1114
 41	49.4647	0.1087
 42	49.4695	0.1063
 43	49.4514	0.1053
 44	49.4385	0.1037
 45	49.4155	0.1039
 46	49.3935	0.1040
 47	49.3763	0.1032
 48	49.3501	0.1043
 49	49.3383	0.1028
 50	49.3204	0.1023
 51	49.3057	0.1014
 52	49.2916	0.1004
 53	49.2673	0.1014
 54	49.2439	0.1022
 55	49.2386	0.1005
 56	49.2187	0.1006
 57	49.1996	0.1007
 58	49.1742	0.1021
 59	49.1424	0.1052
 60	49.1105	0.1082
 61	49.0796	0.1107
 62	49.0541	0.1118
 63	49.0248	0.1138
 64	48.9983	0.1151
 65	48.9580	0.1202
 66	48.9157	0.1256
 67	48.8639	0.1340
 68	48.8136	0.1411
 69	48.7731	0.1448
 70	48.7338	0.1479
 71	48.6958	0.1507
 72	48.6612	0.1525
 73	48.6277	0.1540
 74	48.5956	0.1553
 75	48.5644	0.1563
 76	48.5340	0.1572
 77	48.5075	0.1573
 78	48.4831	0.1572
 79	48.4525	0.1582
 80	48.4227	0.1590
 81	48.3883	0.1607
 82	48.3455	0.1643
 83	48.2936	0.1703
 84	48.2405	0.1764
 85	48.1818	0.1838
 86	48.1245	0.1904
 87	48.0691	0.1961
 88	48.0030	0.2047
 89	47.9383	0.2124
 90	47.8724	0.2200
 91	47.7961	0.2304
 92	47.7256	0.2385
 93	47.6446	0.2493
 94	47.5612	0.2602
 95	47.4796	0.2700
 96	47.3961	0.2798
 97	47.3208	0.2868
 98	47.2471	0.2932
 99	47.1749	0.2990
100	47.1041	0.3043
  1	40.0968	0.0000
  2	40.3110	0.1515
  3	40.3868	0.1184
  4	40.4247	0.0947
  5	40.5592	0.1422
  6	40.6489	0.1440
  7	40.6705	0.1251
  8	40.6866	0.1105
  9	40.6992	0.0989
 10	40.7520	0.1021
 11	40.8364	0.1229
 12	40.9068	0.1313
 13	40.9466	0.1271
 14	40.9515	0.1181
 15	40.9539	0.1102
 16	40.9616	0.1036
 17	40.9698	0.0979
 18	40.8978	0.1159
 19	40.8334	0.1265
 20	40.7859	0.1288
 21	40.7644	0.1244
 22	40.7449	0.1203
 23	40.6928	0.1258
 24	40.6694	0.1227
 25	40.6479	0.1197
 26	40.6280	0.1167
 27	40.5959	0.1167
 28	40.5661	0.1163
 29	40.5383	0.1156
 30	40.5186	0.1134
 31	40.5224	0.1098
 32	40.5465	0.1090
 33	40.5773	0.1100
 34	40.6196	0.1146
 35	40.6595	0.1180
 36	40.6972	0.1206
 37	40.7243	0.1204
 38	40.7331	0.1175
 39	40.7305	0.1145
 40	40.7365	0.1118
 41	40.7422	0.1092
 42	40.7483	0.1068
 43	40.7319	0.1056
 44	40.7201	0.1038
 45	40.6986	0.1037
 46	40.6781	0.1035
 47	40.6626	0.1024
 48	40.6378	0.1033
 49	40.6273	0.1017
 50	40.6115	0.1009
 51	40.5986	0.0997
 52	40.5862	0.0986
 53	40.5633	0.0993
 54	40.5412	0.0999
 55	40.5370	0.0982
 56	40.5186	0.0981
 57	40.5009	0.0980
 58	40.4770	0.0992
 59	40.4466	0.1021
 60	40.4159	0.1049
 61	40.3861	0.1073
 62	40.3622	0.1082
 63	40.3343	0.1100
 64	40.3090	0.1112
 65	40.2697	0.1162
 66	40.2282	0.1216
 67	40.1773	0.1300
 68	40.1279	0.1372
 69	40.0890	0.1406
 70	40.0511	0.1436
 71	40.0150	0.1461
 72	39.9822	0.1477
 73	39.9503	0.1490
 74	39.9196	0.1502
 75	39.8897	0.1511
 76	39.8606	0.1519
 77	39.8348	0.1521
 78	39.8108	0.1520
 79	39.7802	0.1531
 80	39.7505	0.1541
 81	39.7160	0.1560
 82	39.6731	0.1599
 83	39.6207	0.1663
 84	39.5670	0.1728
 85	39.5082	0.1805
 86	39.4507	0.1873
 87	39.3953	0.1932
 88	39.3288	0.2021
 89	39.2639	0.2100
 90	39.1978	0.2178
 91	39.1214	0.2284
 92	39.0504	0.2367
 93	38.9690	0.2478
 94	38.8857	0.2588
 95	38.8041	0.2686
 96	38.7205	0.2785
 97	38.6449	0.2857
 98	38.5709	0.2922
 99	38.4983	0.2982
100	38.4272	0.3035
  1	31.3888	0.0000
  2	31.6118	0.1577
  3	31.6976	0.1264
  4	31.7406	0.1018
  5	31.8848	0.1525
  6	31.9809	0.1545
  7	32.0039	0.1341
  8	32.0212	0.1184
  9	32.0347	0.1060
 10	32.0889	0.1085
 11	32.1734	0.1273
 12	32.2438	0.1347
 13	32.2830	0.1300
 14	32.2899	0.1209
 15	32.2898	0.1128
 16	32.2955	0.1059
 17	32.3027	0.0999
 18	32.2298	0.1180
 19	32.1646	0.1286
 20	32.1146	0.1315
 21	32.0921	0.1272
 22	32.0716	0.1230
 23	32.0184	0.1287
 24	31.9953	0.1253
 25	31.9741	0.1221
 26	31.9545	0.1190
 27	31.9216	0.1190
 28	31.8911	0.1186
 29	31.8627	0.1179
 30	31.8422	0.1157
 31	31.8461	0.1121
 32	31.8698	0.1110
 33	31.9005	0.1118
 34	31.9426	0.1162
 35	31.9822	0.1194
 36	32.0197	0.1219
 37	32.0473	0.1217
 38	32.0565	0.1188
 39	32.0548	0.1158
 40	32.0619	0.1131
 41	32.0687	0.1105
 42	32.0762	0.1082
 43	32.0617	0.1066
 44	32.0511	0.1047
 45	32.0314	0.1042
 46	32.0126	0.1036
 47	31.9992	0.1023
 48	31.9761	0.1028
 49	31.9672	0.1010
 50	31.9541	0.0999
 51	31.9435	0.0985
 52	31.9334	0.0971
 53	31.9123	0.0975
 54	31.8920	0.0978
 55	31.8889	0.0961
 56	31.8725	0.0958
 57	31.8567	0.0954
 58	31.8348	0.0962
 59	31.8063	0.0987
 60	31.7771	0.1013
 61	31.7489	0.1035
 62	31.7271	0.1041
 63	31.7014	0.1056
 64	31.6776	0.1066
 65	31.6397	0.1115
 66	31.5992	0.1169
 67	31.5496	0.1252
 68	31.5015	0.1323
 69	31.4647	0.1354
 70	31.4290	0.1381
 71	31.3957	0.1401
 72	31.3655	0.1414
 73	31.3361	0.1425
 74	31.3073	0.1434
 75	31.2794	0.1442
 76	31.2521	0.1449
 77	31.2272	0.1451
 78	31.2037	0.1451
 79	31.1731	0.1465
 80	31.1433	0.1477
 81	31.1085	0.1499
 82	31.0655	0.1541
 83	31.0120	0.1613
 84	30.9573	0.1684
 85	30.8981	0.1765
 86	30.8403	0.1837
 87	30.7848	0.1897
 88	30.7179	0.1990
 89	30.6525	0.2073
 90	30.5860	0.2154
 91	30.5093	0.2262
 92	30.4377	0.2348
 93	30.3555	0.2463
 94	30.2723	0.2573
 95	30.1908	0.2672
 96	30.1071	0.2772
 97	30.0310	0.2846
 98	29.9564	0.2913
 99	29.8833	0.2974
100	29.8117	0.3029
  1	22.7216	0.0000
  2	22.9595	0.1683
  3	23.0628	0.1404
  4	23.1145	0.1144
  5	23.2750	0.1702
  6	23.3820	0.1722
  7	23.4076	0.1495
  8	23.4268	0.1321
  9	23.4417	0.1182
 10	23.4985	0.1193
 11	23.5826	0.1349
 12	23.6527	0.1407
 13	23.6911	0.1350
 14	23.7014	0.1257
 15	23.6971	0.1174
 16	23.6992	0.1101
 17	23.7047	0.1038
 18	23.6304	0.1217
 19	23.5640	0.1322
 20	23.5097	0.1363
 21	23.4854	0.1319
 22	23.4634	0.1278
 23	23.4084	0.1335
 24	23.3859	0.1298
 25	23.3652	0.1263
 26	23.3461	0.1229
 27	23.3120	0.1230
 28	23.2803	0.1226
 29	23.2508	0.1218
 30	23.2292	0.1197
 31	23.2331	0.1159
 32	23.2563	0.1146
 33	23.2866	0.1150
 34	23.3282	0.1189
 35	23.3673	0.1218
 36	23.4043	0.1239
 37	23.4328	0.1238
 38	23.4426	0.1209
 39	23.4424	0.1178
 40	23.4515	0.1152
 41	23.4602	0.1127
 42	23.4699	0.1105
 43	23.4590	0.1084
 44	23.4504	0.1063
 45	23.4339	0.1052
 46	23.4182	0.1041
 47	23.4086	0.1023
 48	23.3884	0.1022
 49	23.3823	0.1003
 50	23.3741	0.0986
 51	23.3676	0.0969
 52	23.3614	0.0952
 53	23.3436	0.0951
 54	23.3264	0.0949
 55	23.3255	0.0931
 56	23.3126	0.0924
 57	23.3002	0.0916
 58	23.2819	0.0918
 59	23.2569	0.0936
 60	23.2306	0.0956
 61	23.2052	0.0974
 62	23.1872	0.0975
 63	23.1654	0.0983
 64	23.1446	0.0990
 65	23.1093	0.1036
 66	23.0708	0.1089
 67	23.0239	0.1170
 68	22.9783	0.1238
 69	22.9458	0.1262
 70	22.9142	0.1283
 71	22.8835	0.1301
 72	22.8555	0.1313
 73	22.8283	0.1323
 74	22.8012	0.1332
 75	22.7748	0.1340
 76	22.7491	0.1347
 77	22.7245	0.1352
 78	22.7008	0.1355
 79	22.6694	0.1374
 80	22.6387	0.1391
 81	22.6029	0.1419
 82	22.5591	0.1468
 83	22.5038	0.1550
 84	22.4476	0.1631
 85	22.3874	0.1719
 86	22.3287	0.1797
 87	22.2725	0.1862
 88	22.2047	0.1960
 89	22.1384	0.2047
 90	22.0711	0.2132
 91	21.9937	0.2245
 92	21.9209	0.2336
 93	21.8375	0.2455
 94	21.7541	0.2566
 95	21.6725	0.2666
 96	21.5889	0.2766
 97	21.5119	0.2843
 98	21.4364	0.2912
 99	21.3624	0.2976
100	21.2899	0.3033
  1	14.1125	0.0000
  2	14.3749	0.1856
  3	14.5052	0.1632
  4	14.5703	0.1347
  5	14.7523	0.1952
  6	14.8736	0.1968
  7	14.9008	0.1705
  8	14.9211	0.1504
  9	14.9370	0.1345
 10	14.9955	0.1332
 11	15.0772	0.1440
 12	15.1452	0.1472
 13	15.1811	0.1402
 14	15.1953	0.1309
 15	15.1850	0.1225
 16	15.1821	0.1149
 17	15.1857	0.1082
 18	15.1112	0.1253
 19	15.0445	0.1353
 20	14.9846	0.1411
 21	14.9575	0.1370
 22	14.9329	0.1329
 23	14.8765	0.1386
 24	14.8550	0.1345
 25	14.8353	0.1306
 26	14.8171	0.1268
 27	14.7820	0.1269
 28	14.7494	0.1265
 29	14.7191	0.1257
 30	14.6964	0.1235
 31	14.7004	0.1196
 32	14.7228	0.1180
 33	14.7527	0.1181
 34	14.7936	0.1215
 35	14.8321	0.1240
 36	14.8685	0.1258
 37	14.8980	0.1258
 38	14.9083	0.1229
 39	14.9098	0.1198
 40	14.9213	0.1173
 41	14.9323	0.1150
 42	14.9448	0.1129
 43	14.9388	0.1104
 44	14.9330	0.1081
 45	14.9212	0.1063
 46	14.9100	0.1046
 47	14.9064	0.1024
 48	14.8914	0.1014
 49	14.8896	0.0993
 50	14.8880	0.0974
 51	14.8864	0.0955
 52	14.8849	0.0936
 53	14.8720	0.0928
 54	14.8596	0.0919
 55	14.8610	0.0902
 56	14.8521	0.0890
 57	14.8434	0.0879
 58	14.8283	0.0877
 59	14.8078	0.0886
 60	14.7865	0.0896
 61	14.7659	0.0905
 62	14.7530	0.0899
 63	14.7363	0.0900
 64	14.7210	0.0899
 65	14.6914	0.0933
 66	14.6597	0.0971
 67	14.6204	0.1033
 68	14.5822	0.1086
 69	14.5594	0.1094
 70	14.5371	0.1101
 71	14.5155	0.1106
 72	14.4962	0.1108
 73	14.4774	0.1108
 74	14.4566	0.1113
 75	14.4363	0.1116
 76	14.4166	0.1119
 77	14.3969	0.1122
 78	14.3771	0.1125
 79	14.3488	0.1145
 80	14.3213	0.1164
 81	14.2899	0.1191
 82	14.2509	0.1238
 83	14.1990	0.1328
 84	14.1472	0.1410
 85	14.0926	0.1495
 86	14.0393	0.1570
 87	13.9897	0.1628
 88	13.9296	0.1717
 89	13.8709	0.1795
 90	13.8122	0.1869
 91	13.7416	0.1977
 92	13.6733	0.2070
 93	13.5954	0.2190
 94	13.5191	0.2295
 95	13.4505	0.2372
 96	13.3838	0.2439
 97	13.3206	0.2494
 98	13.2588	0.2544
 99	13.1981	0.2590
100	13.1387	0.2631
  1	7.2559	0.0000
  2	7.5590	0.2144
  3	7.7117	0.1897
  4	7.7881	0.1569
  5	7.9582	0.1972
  6	8.0716	0.1942
  7	8.0785	0.1666
  8	8.0836	0.1459
  9	8.0876	0.1297
 10	8.1300	0.1235
 11	8.1933	0.1274
 12	8.2460	0.1272
 13	8.2670	0.1192
 14	8.2650	0.1107
 15	8.2501	0.1043
 16	8.2430	0.0980
 17	8.2441	0.0923
 18	8.1721	0.1118
 19	8.1077	0.1230
 20	8.0508	0.1294
 21	8.0192	0.1270
 22	7.9906	0.1244
 23	7.9367	0.1302
 24	7.9111	0.1272
 25	7.8875	0.1243
 26	7.8658	0.1214
 27	7.8326	0.1214
 28	7.8018	0.1209
 29	7.7731	0.1201
 30	7.7523	0.1179
 31	7.7537	0.1141
 32	7.7756	0.1126
 33	7.8048	0.1129
 34	7.8455	0.1167
 35	7.8838	0.1195
 36	7.9200	0.1215
 37	7.9468	0.1211
 38	7.9536	0.1181
 39	7.9504	0.1152
 40	7.9575	0.1125
 41	7.9643	0.1100
 42	7.9726	0.1077
 43	7.9631	0.1056
 44	7.9537	0.1036
 45	7.9391	0.1023
 46	7.9252	0.1010
 47	7.9213	0.0990
 48	7.9085	0.0977
 49	7.9055	0.0958
 50	7.9026	0.0939
 51	7.9008	0.0921
 52	7.8993	0.0903
 53	7.8855	0.0897
 54	7.8723	0.0890
 55	7.8785	0.0876
 56	7.8704	0.0864
 57	7.8626	0.0852
 58	7.8517	0.0844
 59	7.8299	0.0858
 60	7.8065	0.0875
 61	7.7839	0.0889
 62	7.7689	0.0887
 63	7.7502	0.0893
 64	7.7324	0.0896
 65	7.7005	0.0938
 66	7.6682	0.0977
 67	7.6281	0.1042
 68	7.5891	0.1097
 69	7.5660	0.1105
 70	7.5435	0.1112
 71	7.5217	0.1118
 72	7.5023	0.1119
 73	7.4835	0.1119
 74	7.4614	0.1126
 75	7.4399	0.1131
 76	7.4190	0.1135
 77	7.3999	0.1136
 78	7.3817	0.1136
 79	7.3576	0.1147
 80	7.3340	0.1157
 81	7.3113	0.1165
 82	7.2809	0.1190
 83	7.2481	0.1220
 84	7.2169	0.1244
 85	7.1784	0.1288
 86	7.1409	0.1326
 87	7.1071	0.1353
 88	7.0750	0.1376
 89	7.0436	0.1396
 90	7.0129	0.1413
 91	6.9694	0.1463
 92	6.9262	0.1510
 93	6.8839	0.1552
 94	6.8430	0.1588
 95	6.7968	0.1637
 96	6.7515	0.1682
 97	6.7043	0.1729
 98	6.6581	0.1772
 99	6.6128	0.1811
100	6.5684	0.1847
  1	2.1736	0.0000
  2	2.4907	0.2242
  3	2.6765	0.2130
  4	2.7694	0.1789
  5	2.9466	0.2135
  6	3.0647	0.2081
  7	3.0526	0.1787
  8	3.0435	0.1566
  9	3.0364	0.1394
 10	3.0694	0.1293
 11	3.1248	0.1289
 12	3.1710	0.1261
 13	3.2019	0.1202
 14	3.2253	0.1138
 15	3.2212	0.1063
 16	3.2259	0.0998
 17	3.2301	0.0940
 18	3.1847	0.0991
 19	3.1441	0.1019
 20	3.0964	0.1074
 21	3.0579	0.1089
 22	3.0229	0.1095
 23	2.9859	0.1108
 24	2.9613	0.1089
 25	2.9388	0.1068
 26	2.9179	0.1047
 27	2.8959	0.1031
 28	2.8755	0.1015
 29	2.8564	0.0997
 30	2.8436	0.0972
 31	2.8425	0.0941
 32	2.8630	0.0934
 33	2.8905	0.0945
 34	2.9295	0.0994
 35	2.9662	0.1032
 36	3.0009	0.1060
 37	3.0254	0.1059
 38	3.0276	0.1031
 39	3.0214	0.1007
 40	3.0273	0.0983
 41	3.0329	0.0961
 42	3.0414	0.0942
 43	3.0419	0.0920
 44	3.0347	0.0902
 45	3.0310	0.0883
 46	3.0274	0.0864
 47	3.0394	0.0854
 48	3.0479	0.0841
 49	3.0547	0.0826
 50	3.0613	0.0812
 51	3.0681	0.0799
 52	3.0679	0.0784
 53	3.0526	0.0784
 54	3.0379	0.0783
 55	3.0238	0.0781
 56	3.0094	0.0781
 57	2.9955	0.0779
 58	2.9819	0.0777
 59	2.9676	0.0777
 60	2.9556	0.0774
 61	2.9440	0.0770
 62	2.9408	0.0758
 63	2.9372	0.0747
 64	2.9336	0.0736
 65	2.9282	0.0727
 66	2.9229	0.0717
 67	2.9263	0.0707
 68	2.9371	0.0705
 69	2.9652	0.0749
 70	2.9925	0.0786
 71	3.0190	0.0819
 72	3.0439	0.0845
 73	3.0682	0.0867
 74	3.0832	0.0868
 75	3.0978	0.0869
 76	3.1120	0.0869
 77	3.1171	0.0859
 78	3.1168	0.0848
 79	3.1066	0.0844
 80	3.0926	0.0845
 81	3.0789	0.0845
 82	3.0635	0.0849
 83	3.0387	0.0874
 84	3.0197	0.0884
 85	3.0010	0.0893
 86	2.9828	0.0901
 87	2.9683	0.0902
 88	2.9542	0.0903
 89	2.9467	0.0896
 90	2.9394	0.0889
 91	2.9254	0.0890
 92	2.9043	0.0905
 93	2.8836	0.0919
 94	2.8633	0.0931
 95	2.8405	0.0949
 96	2.8182	0.0965
 97	2.7964	0.0979
 98	2.7750	0.0992
 99	2.7540	0.1004
100	2.7335	0.1015
  1	0.7000	0.0000
  2	1.0122	0.2208
  3	1.2564	0.2478
  4	1.3784	0.2138
  5	1.6017	0.2629
  6	1.7505	0.2578
  7	1.7498	0.2210
  8	1.7493	0.1934
  9	1.7489	0.1719
 10	1.7941	0.1605
 11	1.8599	0.1589
 12	1.9322	0.1612
 13	1.9933	0.1600
 14	2.0457	0.1569
 15	2.0825	0.1507
 16	2.1216	0.1462
 17	2.1560	0.1416
 18	2.1380	0.1349
 19	2.1219	0.1288
 20	2.1278	0.1225
 21	2.1255	0.1167
 22	2.1234	0.1114
 23	2.1085	0.1075
 24	2.0906	0.1045
 25	2.0741	0.1016
 26	2.0588	0.0989
 27	2.0447	0.0962
 28	2.0316	0.0937
 29	2.0194	0.0912
 30	2.0139	0.0884
 31	2.0300	0.0870
 32	2.0644	0.0908
 33	2.1055	0.0969
 34	2.1572	0.1069
 35	2.2060	0.1145
 36	2.2520	0.1202
 37	2.2904	0.1229
 38	2.3102	0.1213
 39	2.3276	0.1194
 40	2.3532	0.1191
 41	2.3775	0.1187
 42	2.4006	0.1181
 43	2.4171	0.1165
 44	2.4224	0.1140
 45	2.4313	0.1118
 46	2.4399	0.1097
 47	2.4624	0.1096
 48	2.4798	0.1087
 49	2.4962	0.1077
 50	2.5120	0.1067
 51	2.5266	0.1056
 52	2.5331	0.1038
 53	2.5248	0.1022
 54	2.5167	0.1006
 55	2.5089	0.0991
 56	2.5028	0.0975
 57	2.4969	0.0960
 58	2.4897	0.0946
 59	2.4848	0.0931
 60	2.4832	0.0916
 61	2.4816	0.0901
 62	2.4872	0.0888
 63	2.4921	0.0875
 64	2.4968	0.0863
 65	2.5005	0.0850
 66	2.5041	0.0838
 67	2.5162	0.0834
 68	2.5354	0.0844
 69	2.5713	0.0905
 70	2.6062	0.0957
 71	2.6401	0.1002
 72	2.6722	0.1038
 73	2.7034	0.1070
 74	2.7249	0.1077
 75	2.7459	0.1082
 76	2.7663	0.1087
 77	2.7777	0.1079
 78	2.7834	0.1067
 79	2.7797	0.1054
 80	2.7709	0.1044
 81	2.7624	0.1035
 82	2.7528	0.1027
 83	2.7338	0.1032
 84	2.7208	0.1028
 85	2.7082	0.1023
 86	2.6958	0.1019
 87	2.6873	0.1011
 88	2.6790	0.1003
 89	2.6768	0.0992
 90	2.6747	0.0981
 91	2.6665	0.0973
 92	2.6508	0.0976
 93	2.6354	0.0977
 94	2.6204	0.0978
 95	2.5984	0.0992
 96	2.5769	0.1005
 97	2.5558	0.1017
 98	2.5351	0.1027
 99	2.5149	0.1036
100	2.4951	0.1045
  1	0.5327	0.0000
  2	0.9572	0.3001
  3	1.2626	0.3197
  4	1.4153	0.2738
  5	1.6539	0.3058
  6	1.8129	0.2933
  7	1.8130	0.2514
  8	1.8131	0.2200
  9	1.8044	0.1957
 10	1.8484	0.1810
 11	1.8845	0.1681
 12	1.9145	0.1568
 13	1.9399	0.1468
 14	1.9591	0.1375
 15	1.9660	0.1285
 16	1.9802	0.1213
 17	1.9927	0.1148
 18	1.9864	0.1086
 19	1.9809	0.1030
 20	1.9735	0.0981
 21	1.9419	0.0984
 22	1.9133	0.0980
 23	1.8870	0.0972
 24	1.8781	0.0936
 25	1.8698	0.0902
 26	1.8621	0.0870
 27	1.8448	0.0855
 28	1.8286	0.0840
 29	1.8136	0.0824
 30	1.8063	0.0800
 31	1.8175	0.0782
 32	1.8474	0.0813
 33	1.8829	0.0862
 34	1.9296	0.0955
 35	1.9737	0.1024
 36	2.0153	0.1077
 37	2.0472	0.1094
 38	2.0659	0.1081
 39	2.0856	0.1071
 40	2.1086	0.1069
 41	2.1305	0.1065
 42	2.1513	0.1060
 43	2.1691	0.1050
 44	2.1671	0.1026
 45	2.1673	0.1003
 46	2.1674	0.0982
 47	2.1767	0.0965
 48	2.1785	0.0945
 49	2.1834	0.0927
 50	2.1882	0.0910
 51	2.1903	0.0892
 52	2.1877	0.0876
 53	2.1728	0.0872
 54	2.1584	0.0867
 55	2.1446	0.0862
 56	2.1324	0.0856
 57	2.1206	0.0849
 58	2.1028	0.0853
 59	2.0855	0.0855
 60	2.0661	0.0863
 61	2.0473	0.0869
 62	2.0393	0.0859
 63	2.0314	0.0849
 64	2.0233	0.0839
 65	2.0180	0.0828
 66	2.0129	0.0817
 67	2.0168	0.0806
 68	2.0284	0.0802
 69	2.0562	0.0837
 70	2.0831	0.0868
 71	2.1093	0.0894
 72	2.1348	0.0917
 73	2.1595	0.0937
 74	2.1739	0.0936
 75	2.1879	0.0934
 76	2.2016	0.0931
 77	2.2114	0.0924
 78	2.2180	0.0915
 79	2.2201	0.0903
 80	2.2198	0.0892
 81	2.2196	0.0881
 82	2.2150	0.0872
 83	2.2106	0.0862
 84	2.2117	0.0852
 85	2.2127	0.0842
 86	2.2137	0.0832
 87	2.2195	0.0825
 88	2.2300	0.0822
 89	2.2461	0.0828
 90	2.2618	0.0834
 91	2.2692	0.0828
 92	2.2704	0.0819
 93	2.2716	0.0811
 94	2.2728	0.0802
 95	2.2642	0.0798
 96	2.2557	0.0794
 97	2.2465	0.0791
 98	2.2375	0.0788
 99	2.2287	0.0785
100	2.2200	0.0782
  1	1.3644	0.0000
  2	1.5280	0.1157
  3	1.6479	0.1246
  4	1.7078	0.1069
  5	1.8785	0.1750
  6	1.9923	0.1791
  7	1.9838	0.1537
  8	1.9774	0.1346
  9	1.9724	0.1198
 10	2.0177	0.1160
 11	2.0984	0.1306
 12	2.1656	0.1359
 13	2.2225	0.1368
 14	2.2767	0.1374
 15	2.2859	0.1285
 16	2.3023	0.1215
 17	2.3167	0.1152
 18	2.2842	0.1133
 19	2.2551	0.1111
 20	2.2216	0.1104
 21	2.1953	0.1083
 22	2.1714	0.1059
 23	2.1409	0.1056
 24	2.1227	0.1028
 25	2.1059	0.1000
 26	2.0904	0.0974
 27	2.0722	0.0955
 28	2.0553	0.0935
 29	2.0397	0.0916
 30	2.0295	0.0891
 31	2.0311	0.0863
 32	2.0534	0.0864
 33	2.0828	0.0887
 34	2.1235	0.0949
 35	2.1619	0.0997
 36	2.1982	0.1033
 37	2.2256	0.1041
 38	2.2315	0.1015
 39	2.2330	0.0989
 40	2.2456	0.0972
 41	2.2575	0.0956
 42	2.2689	0.0940
 43	2.2739	0.0919
 44	2.2731	0.0899
 45	2.2788	0.0880
 46	2.2837	0.0863
 47	2.3048	0.0870
 48	2.3247	0.0874
 49	2.3410	0.0871
 50	2.3567	0.0868
 51	2.3717	0.0864
 52	2.3813	0.0852
 53	2.3765	0.0838
 54	2.3719	0.0823
 55	2.3675	0.0810
 56	2.3608	0.0798
 57	2.3544	0.0787
 58	2.3446	0.0779
 59	2.3383	0.0768
 60	2.3370	0.0756
 61	2.3357	0.0743
 62	2.3404	0.0733
 63	2.3439	0.0722
 64	2.3473	0.0712
 65	2.3494	0.0701
 66	2.3513	0.0691
 67	2.3612	0.0687
 68	2.3803	0.0703
 69	2.4163	0.0780
 70	2.4513	0.0844
 71	2.4854	0.0898
 72	2.5179	0.0943
 73	2.5496	0.0981
 74	2.5713	0.0992
 75	2.5925	0.1001
 76	2.6131	0.1009
 77	2.6261	0.1004
 78	2.6342	0.0995
 79	2.6335	0.0982
 80	2.6288	0.0971
 81	2.6242	0.0960
 82	2.6171	0.0951
 83	2.6032	0.0950
 84	2.5946	0.0942
 85	2.5861	0.0935
 86	2.5779	0.0928
 87	2.5731	0.0918
 88	2.5684	0.0909
 89	2.5639	0.0900
 90	2.5594	0.0891
 91	2.5518	0.0884
 92	2.5385	0.0885
 93	2.5255	0.0885
 94	2.5128	0.0884
 95	2.4949	0.0893
 96	2.4773	0.0901
 97	2.4601	0.0908
 98	2.4433	0.0914
 99	2.4264	0.0920
100	2.4100	0.0926
  1	0.7783	0.0000
  2	1.1074	0.2327
  3	1.3489	0.2509
  4	1.4697	0.2153
  5	1.6638	0.2446
  6	1.7932	0.2356
  7	1.7683	0.2032
  8	1.7496	0.1787
  9	1.7351	0.1594
 10	1.7616	0.1457
 11	1.8069	0.1393
 12	1.8628	0.1384
 13	1.9101	0.1356
 14	1.9506	0.1319
 15	1.9890	0.1285
 16	2.0284	0.1264
 17	2.0633	0.1237
 18	2.0481	0.1177
 19	2.0346	0.1123
 20	2.0543	0.1084
 21	2.0594	0.1034
 22	2.0641	0.0988
 23	2.0543	0.0950
 24	2.0333	0.0933
 25	2.0139	0.0916
 26	1.9960	0.0898
 27	1.9794	0.0880
 28	1.9640	0.0862
 29	1.9497	0.0844
 30	1.9426	0.0819
 31	1.9550	0.0802
 32	1.9869	0.0838
 33	2.0252	0.0896
 34	2.0747	0.0996
 35	2.1213	0.1071
 36	2.1653	0.1128
 37	2.2003	0.1151
 38	2.2176	0.1134
 39	2.2328	0.1115
 40	2.2551	0.1109
 41	2.2763	0.1102
 42	2.2965	0.1094
 43	2.3104	0.1077
 44	2.3116	0.1053
 45	2.3160	0.1031
 46	2.3201	0.1009
 47	2.3379	0.1003
 48	2.3510	0.0991
 49	2.3632	0.0978
 50	2.3749	0.0965
 51	2.3857	0.0952
 52	2.3898	0.0935
 53	2.3790	0.0924
 54	2.3687	0.0912
 55	2.3587	0.0901
 56	2.3493	0.0890
 57	2.3403	0.0879
 58	2.3301	0.0870
 59	2.3202	0.0860
 60	2.3033	0.0862
 61	2.2870	0.0864
 62	2.2839	0.0850
 63	2.2806	0.0837
 64	2.2711	0.0830
 65	2.2592	0.0825
 66	2.2477	0.0821
 67	2.2457	0.0809
 68	2.2520	0.0799
 69	2.2759	0.0823
 70	2.2992	0.0843
 71	2.3218	0.0861
 72	2.3434	0.0876
 73	2.3644	0.0889
 74	2.3762	0.0885
 75	2.3876	0.0880
 76	2.3987	0.0875
 77	2.4035	0.0865
 78	2.4045	0.0854
 79	2.3982	0.0846
 80	2.3918	0.0838
 81	2.3855	0.0830
 82	2.3733	0.0829
 83	2.3613	0.0827
 84	2.3541	0.0821
 85	2.3470	0.0814
 86	2.3401	0.0807
 87	2.3387	0.0798
 88	2.3397	0.0789
 89	2.3473	0.0784
 90	2.3547	0.0779
 91	2.3540	0.0770
 92	2.3466	0.0765
 93	2.3393	0.0761
 94	2.3322	0.0756
 95	2.3174	0.0762
 96	2.3028	0.0768
 97	2.2972	0.0762
 98	2.2917	0.0756
 99	2.2863	0.0751
100	2.2810	0.0745
  1	1.7573	0.0000
  2	1.7405	0.0119
  3	1.7485	0.0103
  4	1.7525	0.0084
  5	1.9154	0.1458
  6	2.0239	0.1568
  7	2.0451	0.1358
  8	2.0610	0.1198
  9	2.0734	0.1071
 10	2.1422	0.1164
 11	2.2560	0.1516
 12	2.3508	0.1659
 13	2.4310	0.1715
 14	2.4998	0.1725
 15	2.5523	0.1688
 16	2.6064	0.1667
 17	2.6541	0.1636
 18	2.6537	0.1545
 19	2.6534	0.1463
 20	2.6459	0.1392
 21	2.6337	0.1331
 22	2.6226	0.1275
 23	2.6163	0.1221
 24	2.6100	0.1172
 25	2.6041	0.1127
 26	2.5987	0.1085
 27	2.5937	0.1046
 28	2.5890	0.1009
 29	2.5847	0.0976
 30	2.5857	0.0943
 31	2.6040	0.0930
 32	2.6412	0.0972
 33	2.6848	0.1036
 34	2.7387	0.1138
 35	2.7896	0.1213
 36	2.8376	0.1271
 37	2.8772	0.1297
 38	2.8948	0.1275
 39	2.9055	0.1247
 40	2.9273	0.1234
 41	2.9480	0.1221
 42	2.9719	0.1216
 43	2.9879	0.1198
 44	2.9942	0.1172
 45	3.0033	0.1150
 46	3.0120	0.1128
 47	3.0341	0.1125
 48	3.0492	0.1112
 49	3.0657	0.1101
 50	3.0815	0.1091
 51	3.0957	0.1079
 52	3.1020	0.1060
 53	3.0940	0.1043
 54	3.0862	0.1026
 55	3.0990	0.1016
 56	3.1002	0.0998
 57	3.1013	0.0980
 58	3.1057	0.0964
 59	3.0938	0.0955
 60	3.0773	0.0953
 61	3.0614	0.0951
 62	3.0574	0.0936
 63	3.0511	0.0924
 64	3.0419	0.0914
 65	3.0227	0.0920
 66	3.0041	0.0924
 67	2.9885	0.0924
 68	2.9734	0.0922
 69	2.9765	0.0909
 70	2.9795	0.0897
 71	2.9824	0.0885
 72	2.9843	0.0873
 73	2.9861	0.0861
 74	2.9803	0.0851
 75	2.9745	0.0842
 76	2.9690	0.0833
 77	2.9552	0.0833
 78	2.9382	0.0840
 79	2.9143	0.0862
 80	2.8910	0.0883
 81	2.8683	0.0900
 82	2.8445	0.0920
 83	2.8213	0.0938
 84	2.8052	0.0940
 85	2.7896	0.0942
 86	2.7743	0.0944
 87	2.7647	0.0938
 88	2.7552	0.0932
 89	2.7460	0.0926
 90	2.7370	0.0920
 91	2.7292	0.0913
 92	2.7129	0.0918
 93	2.6970	0.0922
 94	2.6813	0.0925
 95	2.6608	0.0938
 96	2.6406	0.0949
 97	2.6209	0.0960
 98	2.6016	0.0969
 99	2.5825	0.0978
100	2.5638	0.0986
  1	0.7134	0.0000
  2	0.9879	0.1941
  3	1.2634	0.2595
  4	1.4011	0.2283
  5	1.6797	0.3089
  6	1.8654	0.3082
  7	1.9082	0.2671
  8	1.9403	0.2357
  9	1.9470	0.2096
 10	2.0135	0.1989
 11	2.0679	0.1881
 12	2.1133	0.1778
 13	2.1516	0.1682
 14	2.1845	0.1594
 15	2.2151	0.1517
 16	2.2499	0.1461
 17	2.2805	0.1407
 18	2.2816	0.1329
 19	2.2826	0.1259
 20	2.2795	0.1196
 21	2.2566	0.1161
 22	2.2358	0.1127
 23	2.2168	0.1094
 24	2.2112	0.1050
 25	2.2060	0.1009
 26	2.2012	0.0971
 27	2.1903	0.0941
 28	2.1802	0.0913
 29	2.1708	0.0886
 30	2.1688	0.0857
 31	2.1827	0.0841
 32	2.2167	0.0881
 33	2.2561	0.0938
 34	2.3068	0.1038
 35	2.3546	0.1113
 36	2.3997	0.1170
 37	2.4331	0.1185
 38	2.4511	0.1168
 39	2.4661	0.1147
 40	2.4857	0.1135
 41	2.5044	0.1123
 42	2.5222	0.1110
 43	2.5318	0.1088
 44	2.5276	0.1064
 45	2.5223	0.1042
 46	2.5172	0.1021
 47	2.5230	0.1001
 48	2.5230	0.0980
 49	2.5259	0.0960
 50	2.5286	0.0941
 51	2.5314	0.0923
 52	2.5321	0.0906
 53	2.5200	0.0897
 54	2.5083	0.0888
 55	2.4970	0.0879
 56	2.4798	0.0880
 57	2.4632	0.0880
 58	2.4421	0.0889
 59	2.4218	0.0897
 60	2.3963	0.0918
 61	2.3716	0.0935
 62	2.3594	0.0928
 63	2.3460	0.0923
 64	2.3311	0.0921
 65	2.3139	0.0922
 66	2.2972	0.0923
 67	2.2887	0.0913
 68	2.2923	0.0901
 69	2.3132	0.0912
 70	2.3335	0.0921
 71	2.3532	0.0929
 72	2.3726	0.0936
 73	2.3916	0.0942
 74	2.4010	0.0934
 75	2.4101	0.0926
 76	2.4190	0.0918
 77	2.4251	0.0908
 78	2.4289	0.0897
 79	2.4278	0.0886
 80	2.4274	0.0875
 81	2.4270	0.0864
 82	2.4201	0.0857
 83	2.4133	0.0849
 84	2.4107	0.0839
 85	2.4081	0.0830
 86	2.4055	0.0820
 87	2.4075	0.0811
 88	2.4127	0.0804
 89	2.4178	0.0796
 90	2.4228	0.0789
 91	2.4211	0.0781
 92	2.4145	0.0775
 93	2.4080	0.0769
 94	2.4017	0.0764
 95	2.3883	0.0767
 96	2.3752	0.0770
 97	2.3700	0.0764
 98	2.3649	0.0758
 99	2.3603	0.0752
100	2.3558	0.0746
