0.287936   0.336295   -0.131936
0.147824   -0.0842323   -0.345617
0.396895   0.124021   -0.0819583
0.367362   0.351603   -0.00922838
0.406009   0.0544358   -0.122997
-0.20743   0.364038   -0.100156
0.389407   0.466234   -0.40193
0.419071   0.234965   -0.189447
-0.211772   -0.334219   -0.178991
0.152884   -0.44609   -0.343718
0.324998   -0.368131   -0.0557255
0.464509   0.440953   -0.279855
0.2312   -0.108454   0.255632
-0.260748   -0.429542   0.101962
0.387543   0.238789   0.316485
0.00309723   -0.08091   -0.0708882
0.292429   -0.0775822   0.449728
-0.275308   0.046798   -0.313079
0.448569   -0.286858   0.236847
0.136145   0.097098   -0.380349
-0.496434   0.164527   0.330722
-0.196357   0.485144   0.215633
0.18442   -0.0662987   0.311176
0.498324   -0.315471   -0.388745
-0.280944   -0.114904   0.0581316
-0.281695   0.389081   -0.216487
0.308996   0.216596   -0.472717
-0.409574   0.333403   -0.312699
0.167707   0.150476   -0.0442271
0.240333   -0.0972117   0.0432531
-0.0704315   -0.18227   -0.0638
-0.14472   -0.210544   0.00584061
-0.206824   -0.240701   -0.424184
0.421231   -0.0342618   0.169601
0.0467182   -0.400979   0.157418
-0.0365203   -0.00145666   -0.109371
-0.441346   -0.275709   0.211809
0.423032   -0.497172   -0.334674
0.472465   0.49497   -0.431467
0.0868278   -0.0309237   0.249274
0.198961   -0.298457   0.237156
0.0842251   -0.466114   -0.300876
0.342198   0.218248   -0.149499
0.486905   -0.339951   0.349367
0.428715   0.475954   -0.173697
-0.0234369   0.303854   0.393673
-0.257321   0.398388   -0.472044
0.483442   0.482241   -0.114215
-0.46527   -0.366973   -0.346557
0.497069   0.450235   -0.206051
-0.226953   0.0675631   -0.159182
0.339065   0.135994   0.0603229
0.0934608   0.475907   -0.438553
0.0655158   0.23528   -0.283054
-0.0987359   0.136309   -0.20781
0.353414   0.446874   -0.269048
-0.104043   0.0684815   0.0716774
0.376762   -0.0621888   -0.375081
0.480795   0.203178   -0.300863
0.191964   -0.369227   -0.455468
0.23299   -0.389931   -0.0247856
-0.413995   -0.435671   -0.292465
0.221309   -0.140722   -0.213955
-0.450514   0.223431   -0.418458
0.0614544   -0.108994   0.272659
0.144877   -0.115867   -0.00154757
0.10647   0.114935   -0.286101
0.484965   0.337276   -0.330516
-0.238158   -0.075828   0.246618
-0.0916081   0.23368   -0.0278702
0.17537   -0.163729   -0.160627
-0.28286   -0.379933   -0.397848
0.471636   0.203417   0.0750969
0.111723   -0.0581628   0.3994
-0.069439   -0.352899   -0.368993
0.197506   -0.143024   -0.403796
-0.368126   -0.202406   0.462464
0.062819   0.0103389   -0.334864
-0.19533   0.486828   -0.360705
0.354231   0.34287   -0.390046
0.456244   -0.281589   -0.469457
-0.100918   -0.227004   -0.172886
0.387855   0.0364094   -0.480522
0.141346   -0.178319   -0.279963
-0.370516   -0.335834   -0.295091
-0.198082   0.0979322   -0.409201
-0.251617   0.365004   -0.312028
-0.37449   0.288937   -0.402019
-0.399277   -0.0597802   0.115335
0.411813   -0.0851823   -0.232742
0.446849   0.287199   0.110885
-0.293901   -0.212249   -0.495958
0.0634278   -0.125568   -0.308814
0.029538   0.00587422   0.181683
-0.405851   -0.309239   0.13181
-0.384235   0.452161   0.460655
0.294053   0.495051   0.134793
-0.141429   0.232703   0.18527
-0.266184   0.0880198   -0.0113263
0.425396   0.271047   0.0210769
0.494333   0.23158   -0.00914154
-0.309103   -0.287195   0.132706
-0.23171   -0.266788   0.0439913
-0.460659   0.40872   -0.267482
-0.339273   -0.130412   0.128394
-0.163716   -0.387183   -0.367658
-0.306295   0.316722   0.346668
-0.101475   0.421961   -0.0921089
