1           96.60608000 96.60608000 0.00000000  
2           72.95392000 84.78000000 11.82608000 
3           76.88896000 82.14965333 7.31692875  
4           68.75312000 78.80052000 6.16323107  
5           49.16112000 72.87264000 7.61124245  
6           58.10976000 70.41216000 6.68390876  
7           76.76032000 71.31904000 5.72126610  
8           89.94080000 73.64676000 5.47429856  
9           31.63056000 68.97829333 6.71587541  
10          84.19440000 70.49990400 6.19658656  
11          92.51760000 72.50151273 5.95169936  
12          88.86992000 73.86554667 5.60174315  
13          93.92704000 75.40873846 5.37897274  
14          97.52928000 76.98877714 5.22460856  
15          73.43440000 76.75181867 4.86961456  
16          90.47440000 77.60948000 4.63514678  
17          83.23120000 77.94016941 4.36650236  
18          71.11456000 77.56096889 4.13420529  
19          78.76832000 77.62451368 3.91108296  
20          92.80176000 78.38337600 3.78718694  
21          75.96800000 78.26835810 3.60416905  
22          93.96624000 78.98189818 3.50973813  
23          75.78560000 78.84292870 3.35654898  
24          94.52480000 79.49634000 3.27940528  
25          59.46512000 78.69509120 3.24594188  
26          86.58848000 78.99868308 3.13334239  
27          99.32512000 79.75151407 3.10762643  
28          94.04144000 80.26186857 3.03776128  
29          71.19360000 79.94916966 2.94777219  
30          65.83472000 79.47868800 2.88642047  
31          85.52640000 79.67377548 2.79856590  
32          72.79008000 79.45866000 2.71822508  
33          75.35904000 79.33442909 2.63749464  
34          85.21648000 79.50743059 2.56458745  
35          52.60928000 78.73891200 2.60612641  
36          67.52400000 78.42738667 2.55178670  
37          67.37584000 78.12869622 2.49977042  
38          87.30944000 78.37029474 2.44506340  
39          83.66224000 78.50598564 2.38540684  
40          90.28400000 78.80043600 2.34357814  
41          74.95104000 78.70654829 2.28763054  
42          78.80512000 78.70889524 2.23250004  
43          60.88160000 78.29430698 2.21903657  
44          95.46208000 78.68448364 2.20284755  
45          97.84816000 79.11034311 2.19504563  
46          80.48368000 79.14019826 2.14700456  
47          79.46448000 79.14709787 2.10083835  
48          52.31216000 78.58803667 2.13123778  
49          52.23840000 78.05028898 2.15544709  
50          80.41232000 78.09752960 2.11242651  
51          89.65152000 78.32407843 2.08294891  
52          73.77664000 78.23662769 2.04437072  
53          47.11312000 77.64939170 2.08963695  
54          46.07760000 77.06472889 2.13229640  
55          93.66432000 77.36653964 2.11481525  
56          83.32720000 77.47298000 2.07943333  
57          83.44224000 77.57770386 2.04530908  
58          64.65888000 77.35496552 2.02204111  
59          86.68192000 77.51304949 1.99375086  
60          81.64032000 77.58183733 1.96144662  
61          55.22640000 77.21535475 1.96352801  
62          82.71744000 77.30409806 1.93363608  
63          36.10784000 76.65018921 2.01192657  
64          63.04480000 76.43760500 1.99161876  
65          72.57568000 76.37819077 1.96163906  
66          83.88800000 76.49197576 1.93503693  
67          67.46976000 76.35731582 1.91068811  
68          85.42336000 76.49064000 1.88709565  
69          95.66656000 76.76855188 1.88019782  
70          78.25920000 76.78984686 1.85326555  
71          79.34112000 76.82578028 1.82733011  
72          78.39440000 76.84756667 1.80190350  
73          67.08688000 76.71385863 1.78207157  
74          90.26080000 76.89692541 1.76733151  
75          63.16192000 76.71379200 1.75319885  
76          91.94144000 76.91415579 1.74154095  
77          78.18768000 76.93069506 1.71885430  
78          68.69904000 76.82516103 1.69995357  
79          86.23008000 76.94421063 1.68251431  
80          93.10320000 77.14619800 1.67358356  
81          94.97392000 77.36629333 1.66738307  
82          89.21040000 77.51073366 1.65324541  
83          70.84496000 77.43042313 1.63517872  
84          70.33296000 77.34592952 1.61780298  
85          66.33168000 77.21635012 1.60389965  
86          91.78480000 77.38575070 1.59416599  
87          75.78864000 77.36739310 1.57584263  
88          86.97008000 77.47651455 1.56164955  
89          89.93344000 77.61648000 1.55033425  
90          92.08352000 77.77722489 1.54141600  
91          82.49584000 77.82907780 1.52526491  
92          89.03712000 77.95090435 1.51350590  
93          40.64512000 77.54976688 1.54995130  
94          84.32656000 77.62186043 1.53506765  
95          91.30992000 77.76594526 1.52564217  
96          93.24016000 77.92713500 1.51824728  
97          47.21216000 77.61048577 1.53551758  
98          96.00224000 77.79815673 1.53131184  
99          72.30336000 77.74265374 1.51678097  
100         77.60128000 77.74124000 1.50153722  
101         37.63168000 77.34411564 1.53872543  
102         38.03248000 76.95870745 1.57155668  
103         97.87200000 77.16174913 1.56941366  
104         99.03680000 77.37208615 1.56841779  
105         72.67904000 77.32739048 1.55405154  
106         78.61984000 77.33958340 1.53936915  
107         83.55712000 77.39769121 1.52602137  
108         92.48624000 77.53740000 1.51826708  
109         74.41088000 77.50871633 1.50454699  
110         89.45120000 77.61728436 1.49475455  
111         91.65392000 77.74374054 1.48661523  
112         96.56000000 77.91174286 1.48283003  
113         96.43968000 78.07570690 1.47876724  
114         51.75024000 77.84478175 1.48381768  
115         69.42384000 77.77155617 1.47267993  
116         51.49968000 77.54507448 1.47739205  
117         67.61472000 77.46019966 1.46716738  
118         83.64704000 77.51263051 1.45562519  
119         84.06432000 77.56768672 1.44439089  
120         84.42304000 77.62481467 1.43344256  
121         89.34128000 77.72164496 1.42484060  
122         77.78896000 77.72219672 1.41311343  
123         86.73200000 77.79544715 1.40349045  
124         79.68816000 77.81071097 1.39220964  
125         86.93952000 77.88374144 1.38295668  
126         89.44112000 77.97546667 1.37499980  
127         92.98880000 78.09368189 1.36924274  
128         73.75936000 78.05982000 1.35892537  
129         50.24320000 77.84418729 1.36548341  
130         47.67232000 77.61209600 1.37467306  
131         79.88752000 77.62946565 1.36424959  
132         68.51776000 77.56043758 1.35563349  
133         82.67616000 77.59890165 1.34595187  
134         75.89184000 77.58616239 1.33593043  
135         81.91328000 77.61821511 1.32638506  
136         52.19344000 77.43126824 1.32980241  
137         66.65792000 77.35263066 1.32240033  
138         57.44672000 77.20838493 1.32068368  
139         75.19136000 77.19387396 1.31122823  
140         50.13440000 77.00059200 1.31609865  
141         97.19056000 77.14378326 1.31455330  
142         57.10256000 77.00264789 1.31287122  
143         91.89040000 77.10675804 1.30780849  
144         84.42192000 77.15755778 1.29968789  
145         89.09712000 77.23989959 1.29331730  
146         95.14672000 77.36254904 1.29027100  
147         91.16864000 77.45646803 1.28490065  
148         74.59296000 77.43712000 1.27633602  
149         62.42720000 77.33638228 1.27173720  
150         74.50096000 77.31747947 1.26337192  
151         85.90096000 77.37432371 1.25626405  
152         60.79984000 77.26528105 1.25272658  
153         91.38416000 77.35756131 1.24792848  
154         84.30176000 77.40265351 1.24061831  
155         95.78128000 77.52122529 1.23827835  
156         58.11568000 77.39683077 1.23658770  
157         81.67168000 77.42405911 1.22898776  
158         78.44400000 77.43051443 1.22120165  
159         88.41616000 77.49960654 1.21546217  
160         79.02480000 77.50913900 1.20787925  
161         70.65488000 77.46656596 1.20110819  
162         79.01984000 77.47615407 1.19370942  
163         53.09776000 77.32659337 1.19575358  
164         79.28016000 77.33850537 1.18849973  
165         78.35568000 77.34467006 1.18129083  
166         76.91536000 77.34208386 1.17415590  
167         73.76144000 77.32064287 1.16730078  
168         70.79792000 77.28181714 1.16098115  
169         98.37744000 77.40664331 1.16082195  
170         87.95920000 77.46871718 1.15564169  
171         98.62832000 77.59245754 1.15550830  
172         70.35072000 77.55035442 1.14954188  
173         85.34848000 77.59543029 1.14376638  
174         83.05712000 77.62681931 1.13760714  
175         58.85056000 77.51952640 1.13616525  
176         93.00272000 77.60749909 1.13311150  
177         96.66240000 77.71515390 1.13182305  
178         92.74368000 77.79958382 1.12860902  
179         93.99440000 77.89005765 1.12592712  
180         77.64736000 77.88870933 1.11965531  
181         52.78816000 77.75003227 1.12205486  
182         84.96144000 77.78965538 1.11657595  
183         99.70080000 77.90938842 1.11689402  
184         99.21840000 78.02519826 1.11682806  
185         85.65600000 78.06644584 1.11154033  
186         76.04640000 78.05558538 1.10560150  
187         95.96016000 78.15133176 1.10383365  
188         57.36656000 78.04077447 1.10349872  
189         81.35776000 78.05832466 1.09778487  
190         80.22000000 78.06970189 1.09205104  
191         98.06400000 78.17438408 1.09135060  
192         97.97408000 78.27750750 1.09053832  
193         93.60432000 78.35692104 1.08777583  
194         81.30016000 78.37209237 1.08226056  
195         50.75904000 78.23048697 1.08596814  
196         93.55712000 78.30868408 1.08323942  
197         80.11424000 78.31784934 1.07776568  
198         99.64704000 78.42557253 1.07770591  
199         76.88736000 78.41784281 1.07230449  
200         79.07968000 78.42115200 1.06693463  
201         96.57712000 78.51148020 1.06544912  
202         81.49344000 78.52624238 1.06026427  
203         74.08608000 78.50436966 1.05525507  
204         88.73584000 78.55452392 1.05126658  
205         98.14160000 78.65007063 1.05048015  
206         86.52016000 78.68827495 1.04606617  
207         87.82816000 78.73242899 1.04193642  
208         89.29232000 78.78319769 1.03815712  
209         76.66032000 78.77304038 1.03322785  
210         63.45168000 78.70008152 1.03088095  
211         76.38960000 78.68913137 1.02604206  
212         84.73216000 78.71763623 1.02158853  
213         98.97648000 78.81274817 1.02121983  
214         96.89824000 78.89725981 1.01994388  
215         74.34272000 78.87607591 1.01540987  
216         47.51728000 78.73089630 1.02107174  
217         83.27440000 78.75183410 1.01657109  
218         78.52928000 78.75081321 1.01189769  
219         97.04896000 78.83436639 1.01072600  
220         95.35840000 78.90947564 1.00892095  
221         88.44064000 78.95260308 1.00527086  
222         90.13776000 79.00298667 1.00199989  
223         94.64640000 79.07313650 0.99996013  
224         96.55168000 79.15116571 0.99853941  
225         73.69312000 79.12690773 0.99438748  
226         86.10592000 79.15778832 0.99045927  
227         64.11952000 79.09154044 0.98830921  
228         92.35680000 79.14972140 0.98568357  
229         83.12544000 79.16708262 0.98152339  
230         79.54064000 79.16870678 0.97724793  
231         66.81984000 79.11524848 0.97447564  
232         82.24848000 79.12875379 0.97036021  
233         35.36384000 78.94092155 0.98427512  
234         55.81968000 78.84211282 0.98502809  
235         52.31488000 78.72923098 0.98730185  
236         71.00832000 78.69651525 0.98365367  
237         86.69344000 78.73025755 0.98007546  
238         86.37200000 78.76236571 0.97647684  
239         98.50160000 78.84495665 0.97588377  
240         95.81328000 78.91565800 0.97437753  
241         72.32704000 78.88831934 0.97071110  
242         72.31744000 78.86116694 0.96707283  
243         98.91696000 78.94370107 0.96661490  
244         82.60160000 78.95869246 0.96276194  
245         59.76704000 78.88035918 0.96201873  
246         74.50416000 78.86256976 0.95826524  
247         92.87472000 78.91929911 0.95606228  
248         98.56128000 78.99850065 0.95548760  
249         52.93440000 78.89382554 0.95738208  
250         61.19936000 78.82304768 0.95616804  
251         74.86752000 78.80728861 0.95248136  
252         90.02560000 78.85180571 0.94973805  
253         85.71488000 78.87893249 0.94636556  
254         83.85584000 78.89852661 0.94283597  
255         97.15408000 78.97011702 0.94185603  
256         83.40304000 78.98743313 0.93832948  
257         51.54720000 78.88066179 0.94074996  
258         90.64128000 78.92624558 0.93820457  
259         58.52160000 78.84746317 0.93788984  
260         68.29440000 78.80687446 0.93515686  
261         89.08000000 78.84623510 0.93239816  
262         64.19664000 78.79032061 0.93051404  
263         98.47136000 78.86515346 0.92998488  
264         78.55248000 78.86396909 0.92645627  
265         97.58672000 78.93462098 0.92565383  
266         87.92016000 78.96840120 0.92278586  
267         81.16992000 78.97664659 0.91936021  
268         61.62128000 78.91188776 0.91820982  
269         92.58784000 78.96272773 0.91620167  
270         60.52496000 78.89443970 0.91535282  
271         69.88128000 78.86118081 0.91257515  
272         61.01280000 78.79556176 0.91157873  
273         44.79248000 78.67100835 0.91673420  
274         71.45888000 78.64468672 0.91376151  
275         78.36480000 78.64366895 0.91043325  
276         84.56864000 78.66513623 0.90738256  
277         55.75056000 78.58241213 0.90787756  
278         78.38928000 78.58171741 0.90460619  
279         52.03856000 78.48658065 0.90636489  
280         92.91632000 78.53811543 0.90459124  
281         79.89328000 78.54293808 0.90137921  
282         76.93664000 78.53724199 0.89819520  
283         69.10912000 78.50392707 0.89563556  
284         84.30976000 78.52437014 0.89271045  
285         83.78624000 78.54283284 0.88976419  
286         47.66480000 78.43486769 0.89319682  
287         83.44960000 78.45234063 0.89025068  
288         71.29776000 78.42749833 0.88750190  
289         93.36960000 78.47920111 0.88593559  
290         98.80544000 78.54929159 0.88565319  
291         91.23072000 78.59287038 0.88367966  
292         84.04864000 78.61155452 0.88084634  
293         89.93904000 78.65021488 0.87868579  
294         99.61232000 78.72151456 0.87858981  
295         96.50880000 78.78181044 0.87768006  
296         96.97040000 78.84325838 0.87686559  
297         97.33328000 78.90551434 0.87612290  
298         78.93216000 78.90560376 0.87317795  
299         67.21648000 78.86650970 0.87113038  
300         88.47168000 78.89852693 0.86881190  
301         80.77888000 78.90477395 0.86594321  
302         87.93280000 78.93466808 0.86358865  
303         77.23200000 78.92904871 0.86075214  
304         72.26784000 78.90713684 0.85819583  
305         75.47824000 78.89589456 0.85545132  
306         87.81024000 78.92502641 0.85314866  
307         97.88800000 78.98679505 0.85260555  
308         69.15648000 78.95487844 0.85043197  
309         85.83616000 78.97714796 0.84796777  
310         66.68816000 78.93750606 0.84615707  
311         89.28896000 78.97079048 0.84408842  
312         96.80912000 79.02796462 0.84331899  
313         89.61008000 79.06177329 0.84129996  
314         73.06864000 79.04268688 0.83883355  
315         94.17152000 79.09071492 0.83754454  
316         91.05920000 79.12858987 0.83574853  
317         66.71504000 79.08943041 0.83402775  
318         83.94576000 79.10470189 0.83154113  
319         87.80576000 79.13197793 0.82937896  
320         97.51088000 79.18941200 0.82877557  
321         86.10960000 79.21097022 0.82647090  
322         76.54496000 79.20269068 0.82394182  
323         95.94704000 79.25453077 0.82302122  
324         96.56544000 79.30795951 0.82221487  
325         63.59984000 79.25962683 0.82110481  
326         96.40128000 79.31220859 0.82026927  
327         97.68400000 79.36839144 0.81968467  
328         94.84288000 79.41556976 0.81854254  
329         72.72304000 79.39522772 0.81630428  
330         93.66784000 79.43847806 0.81497532  
331         90.64528000 79.47233547 0.81321454  
332         94.74048000 79.51832386 0.81206464  
333         85.11904000 79.53514282 0.80979701  
334         57.29424000 79.46855329 0.81011024  
335         52.56848000 79.38825457 0.81167013  
336         98.00576000 79.44366381 0.81114555  
337         94.45440000 79.48820605 0.80996069  
338         71.63696000 79.46497751 0.80789481  
339         80.08640000 79.46681062 0.80551020  
340         97.49504000 79.51983482 0.80488602  
341         70.23504000 79.49260669 0.80298394  
342         86.86736000 79.51417029 0.80092293  
343         45.64512000 79.41542671 0.80466604  
344         68.22640000 79.38290047 0.80298252  
345         70.47472000 79.35707965 0.80106791  
346         45.37728000 79.25887214 0.80476406  
347         82.42864000 79.26800692 0.80249350  
348         83.79616000 79.28101885 0.80028995  
349         80.24784000 79.28378911 0.79799837  
350         53.14800000 79.20911543 0.79921129  
351         69.13936000 79.18042667 0.79744730  
352         74.35632000 79.16672182 0.79529669  
353         52.78368000 79.09198232 0.79655462  
354         89.97936000 79.12273763 0.79489648  
355         83.28400000 79.13445949 0.79274084  
356         51.76400000 79.05757618 0.79424085  
357         72.46624000 79.03911305 0.79222814  
358         77.85568000 79.03580737 0.79001903  
359         78.47072000 79.03423331 0.78781692  
360         99.32160000 79.09058711 0.78764406  
361         92.26288000 79.12707546 0.78630626  
362         93.18336000 79.16590497 0.78509195  
363         97.14992000 79.21544771 0.78449211  
364         68.06944000 79.18482681 0.78293297  
365         68.09264000 79.15443726 0.78137619  
366         95.94064000 79.20030120 0.78058691  
367         90.15440000 79.23014888 0.77902906  
368         94.88224000 79.27268174 0.77807264  
369         69.45392000 79.24607263 0.77641728  
370         66.75200000 79.21230486 0.77505196  
371         77.79184000 79.20847612 0.77296953  
372         61.05744000 79.15968301 0.77243148  
373         75.21376000 79.14910413 0.77043047  
374         99.14400000 79.20256642 0.77022542  
375         87.80720000 79.22551211 0.76851136  
376         96.50688000 79.27147319 0.76784152  
377         84.65216000 79.28574557 0.76593508  
378         33.60320000 79.16489228 0.77340679  
379         79.32624000 79.16531799 0.77136356  
380         75.59568000 79.15592421 0.76938832  
381         94.85696000 79.19713428 0.76847204  
382         81.89504000 79.20419686 0.76649023  
383         36.84848000 79.09360752 0.77244375  
384         77.42736000 79.08926833 0.77044177  
385         76.18576000 79.08172675 0.76847502  
386         44.90336000 78.99318176 0.77157904  
387         82.51904000 79.00229251 0.76963664  
388         86.58880000 79.02184536 0.76789945  
389         82.34704000 79.03039342 0.76597057  
390         98.60976000 79.08059692 0.76565171  
391         87.59072000 79.10236194 0.76400109  
392         85.51296000 79.11871551 0.76222507  
393         99.71136000 79.17111410 0.76208661  
394         75.96128000 79.16296731 0.76019357  
395         59.28080000 79.11263271 0.75993539  
396         53.71824000 79.04850545 0.76072164  
397         86.34160000 79.06687597 0.75902539  
398         57.23456000 79.01202090 0.75910049  
399         75.39296000 79.00295058 0.75724991  
400         85.83856000 79.02003960 0.75554770  
401         98.64592000 79.06898195 0.75524866  
402         98.27712000 79.11676338 0.75488131  
403         70.21520000 79.09467514 0.75332972  
404         99.65456000 79.14556594 0.75318398  
405         66.04688000 79.11322351 0.75201777  
406         32.76992000 78.99907744 0.75879785  
407         87.40896000 79.01974054 0.75721317  
408         97.46832000 79.06495765 0.75670716  
409         84.80320000 79.07898758 0.75498512  
410         74.76512000 79.06846595 0.75321494  
411         85.85776000 79.08498491 0.75156162  
412         84.44320000 79.09799029 0.74984802  
413         95.98464000 79.13887806 0.74914684  
414         88.93008000 79.16252831 0.74770924  
415         77.91808000 79.15952964 0.74591139  
416         55.18992000 79.10191038 0.74634366  
417         63.48800000 79.06446695 0.74549263  
418         75.63440000 79.05626105 0.74375229  
419         88.32016000 79.07837060 0.74230444  
420         73.56816000 79.06525105 0.74065114  
421         98.64896000 79.11176817 0.74035259  
422         73.75504000 79.09907450 0.73870518  
423         85.93392000 79.11523253 0.73713388  
424         95.66448000 79.15426377 0.73642837  
425         74.36672000 79.14299896 0.73477991  
426         46.13008000 79.06550385 0.73713788  
427         71.80912000 79.04850998 0.73560586  
428         98.45920000 79.09386206 0.73528513  
429         74.65984000 79.08352634 0.73364198  
430         68.62672000 79.05920819 0.73233772  
431         82.98272000 79.06831146 0.73069329  
432         87.89680000 79.08874778 0.72928630  
433         46.22240000 79.01284397 0.73154855  
434         93.88048000 79.04710120 0.73066452  
435         98.44880000 79.09170280 0.73034606  
436         84.71328000 79.10459633 0.72878309  
437         89.72448000 79.12889812 0.72751948  
438         70.18272000 79.10847306 0.72614390  
439         56.76688000 79.05758105 0.72627319  
440         68.32064000 79.03317891 0.72503145  
441         78.01776000 79.03087637 0.72338918  
442         75.32896000 79.02250100 0.72179930  
443         75.22576000 79.01393047 0.72021910  
444         84.31712000 79.02587459 0.71869442  
445         93.35264000 79.05806957 0.71779993  
446         72.29840000 79.04291336 0.71634905  
447         97.48896000 79.08417969 0.71593497  
448         92.72640000 79.11463107 0.71498387  
449         74.32672000 79.10396757 0.71346940  
450         98.68192000 79.14747413 0.71321035  
451         62.50560000 79.11057419 0.71258324  
452         84.39328000 79.12226159 0.71110103  
453         60.52128000 79.08119982 0.71071670  
454         89.22704000 79.10354749 0.70950156  
455         64.49280000 79.07143596 0.70866839  
456         93.44048000 79.10294702 0.70781436  
457         93.42800000 79.13429287 0.70695909  
458         56.67904000 79.08526393 0.70711562  
459         53.46944000 79.02945603 0.70777703  
460         75.64800000 79.02210504 0.70627496  
461         92.56688000 79.05148633 0.70535345  
462         91.61456000 79.07867913 0.70435016  
463         69.28176000 79.05751948 0.70314569  
464         86.90304000 79.07442793 0.70183236  
465         89.14304000 79.09608086 0.70065608  
466         84.66336000 79.10802781 0.69925297  
467         93.82416000 79.13953987 0.69846525  
468         79.69152000 79.14071932 0.69697220  
469         83.98848000 79.15105569 0.69556134  
470         70.54928000 79.13275404 0.69432109  
471         92.61168000 79.16137172 0.69343615  
472         92.33632000 79.18928475 0.69252821  
473         96.14432000 79.22513049 0.69199158  
474         67.38064000 79.20014211 0.69098212  
475         62.07296000 79.16408488 0.69046801  
476         84.69936000 79.17571361 0.68911404  
477         93.58704000 79.20592604 0.68833121  
478         94.73184000 79.23840703 0.68765721  
479         55.40272000 79.18864568 0.68802196  
480         83.09488000 79.19678367 0.68663531  
481         96.85680000 79.23349888 0.68618925  
482         44.35968000 79.16114656 0.68857592  
483         74.22768000 79.15093234 0.68722473  
484         98.80640000 79.19154281 0.68700471  
485         79.11232000 79.19137946 0.68558676  
486         70.91936000 79.17435885 0.68438632  
487         90.93632000 79.19851072 0.68340646  
488         96.88496000 79.23475344 0.68296692  
489         77.79328000 79.23180564 0.68157520  
490         64.69424000 79.20213714 0.68082955  
491         23.87136000 79.08944717 0.68872332  
492         15.05024000 78.95928618 0.69953805  
493         73.71168000 78.94864195 0.69819880  
494         71.64352000 78.93385425 0.69694091  
495         86.17632000 78.94848549 0.69568540  
496         84.84352000 78.96037065 0.69438311  
497         97.55808000 78.99779058 0.69399413  
498         84.19632000 79.00822940 0.69267782  
499         98.26896000 79.04682806 0.69236505  
500         47.89488000 78.98452416 0.69378215  
501         85.66880000 78.99786603 0.69252450  
502         95.89168000 79.03151904 0.69196242  
503         63.42256000 79.00048732 0.69128224  
504         59.04960000 78.96090222 0.69104399  
505         92.04272000 78.98680681 0.69016055  
506         79.85168000 78.98851605 0.68879737  
507         85.84096000 79.00203172 0.68757031  
508         63.43184000 78.97138173 0.68689964  
509         79.72688000 78.97286601 0.68555041  
510         85.84528000 78.98634133 0.68433756  
511         93.67552000 79.01508728 0.68360169  
512         94.63936000 79.04560344 0.68294735  
513         63.30448000 79.01491899 0.68230508  
514         80.24640000 79.01731486 0.68098056  
515         91.50112000 79.04155526 0.68008912  
516         50.87616000 78.98697116 0.68096102  
517         78.52784000 78.98608309 0.67964319  
518         99.61712000 79.02591135 0.67949812  
519         83.87440000 79.03525333 0.67825195  
520         78.41984000 79.03406985 0.67694740  
521         90.14064000 79.05538764 0.67598305  
522         89.93136000 79.07622284 0.67500845  
523         74.63856000 79.06773782 0.67377000  
524         81.02064000 79.07146473 0.67249328  
525         51.69472000 79.01931855 0.67323368  
526         74.78576000 79.01126996 0.67200075  
527         77.96608000 79.00928668 0.67072732  
528         88.69984000 79.02764000 0.66970733  
529         98.43072000 79.06431879 0.66944571  
530         76.69168000 79.05984211 0.66819641  
531         65.22704000 79.03379164 0.66744542  
532         56.38944000 78.99122707 0.66754804  
533         74.86368000 78.98348308 0.66633943  
534         84.01568000 78.99290667 0.66515719  
535         74.06368000 78.98369316 0.66397667  
536         91.32944000 79.00672627 0.66313688  
537         91.82208000 79.03059099 0.66233091  
538         78.46704000 79.02954349 0.66109950  
539         88.69776000 79.04748082 0.66011558  
540         80.83296000 79.05078726 0.65890031  
541         99.18816000 79.08800976 0.65873374  
542         81.15088000 79.09181579 0.65752825  
543         68.08768000 79.07155035 0.65662902  
544         90.30560000 79.09220118 0.65574612  
545         73.04352000 79.08110268 0.65463590  
546         93.37184000 79.10727619 0.65395981  
547         74.10624000 79.09813353 0.65282720  
548         96.20912000 79.12935796 0.65238248  
549         55.75328000 79.08677858 0.65258367  
550         70.14528000 79.07052131 0.65159891  
551         65.64160000 79.04614940 0.65087172  
552         76.62560000 79.04176435 0.64970634  
553         73.06176000 79.03095060 0.64862055  
554         82.60512000 79.03740217 0.64748083  
555         95.08384000 79.06631467 0.64695952  
556         77.86864000 79.06416058 0.64579847  
557         69.44720000 79.04689494 0.64486918  
558         51.31088000 78.99718882 0.64562871  
559         75.63312000 78.99117081 0.64450080  
560         68.30144000 78.97208200 0.64363201  
561         87.13616000 78.98663472 0.64264848  
562         45.06416000 78.92627445 0.64433741  
563         71.30432000 78.91273634 0.64333438  
564         74.76144000 78.90537589 0.64223488  
565         90.67328000 78.92620404 0.64143542  
566         89.73792000 78.94530601 0.64058601  
567         75.42976000 78.93910575 0.63948529  
568         83.85440000 78.94775944 0.63841709  
569         64.26736000 78.92195909 0.63781615  
570         96.33136000 78.95250189 0.63742835  
571         81.57808000 78.95710011 0.63632765  
572         44.66352000 78.89714629 0.63803727  
573         83.67360000 78.90548216 0.63697734  
574         84.49568000 78.91522118 0.63594123  
575         81.68896000 78.92004508 0.63485261  
576         57.12016000 78.88219806 0.63487857  
577         61.66976000 78.85236714 0.63447896  
578         92.47328000 78.87593273 0.63381854  
579         89.44928000 78.89419413 0.63298638  
580         89.73008000 78.91287669 0.63217021  
581         61.08640000 78.88219429 0.63182663  
582         88.66192000 78.89899794 0.63096388  
583         96.00160000 78.92833345 0.63056343  
584         76.53696000 78.92423863 0.62949609  
585         87.28080000 78.93852335 0.62858144  
586         97.14992000 78.96960082 0.62827695  
587         78.91696000 78.96951114 0.62720572  
588         54.68512000 78.92821116 0.62749873  
589         82.29472000 78.93392679 0.62645853  
590         88.88064000 78.95078563 0.62562303  
591         52.56016000 78.90613144 0.62615783  
592         87.95744000 78.92142081 0.62528619  
593         79.47536000 78.92235494 0.62423155  
594         70.17760000 78.90763313 0.62335363  
595         50.49904000 78.85988760 0.62413402  
596         95.86912000 78.88842658 0.62373917  
597         79.26688000 78.88906050 0.62269383  
598         67.10144000 78.86934876 0.62196410  
599         91.39328000 78.89025683 0.62127681  
600         81.88816000 78.89525333 0.62026061  
601         98.41760000 78.92773644 0.62007911  
602         82.46816000 78.93361754 0.61907615  
603         63.77552000 78.90847973 0.61855964  
604         60.49456000 78.87799311 0.61828676  
605         81.68768000 78.88263722 0.61728143  
606         74.58384000 78.87554350 0.61630279  
607         66.71328000 78.85550682 0.61561279  
608         74.05344000 78.84760868 0.61465018  
609         62.89360000 78.82141163 0.61419901  
610         84.64832000 78.83096393 0.61326570  
611         73.57408000 78.82236020 0.61232162  
612         55.04704000 78.78351163 0.61255342  
613         99.37952000 78.81711034 0.61247559  
614         69.36304000 78.80171283 0.61167109  
615         63.33904000 78.77657028 0.61119305  
616         53.82016000 78.73605662 0.61154350  
617         81.63088000 78.74074840 0.61056957  
618         41.52272000 78.68052505 0.61254844  
619         99.74736000 78.71455871 0.61250433  
620         60.46928000 78.68513084 0.61222329  
621         68.71504000 78.66907594 0.61144744  
622         84.40688000 78.67830071 0.61053331  
623         72.82624000 78.66890735 0.60962491  
624         94.87120000 78.69487256 0.60920075  
625         51.99888000 78.65215898 0.60972322  
626         91.58768000 78.67282275 0.60909905  
627         78.35840000 78.67232128 0.60812703  
628         38.73248000 78.60872280 0.61047972  
629         86.51680000 78.62129526 0.60963805  
630         91.80720000 78.64222527 0.60902935  
631         95.59392000 78.66909008 0.60865657  
632         63.32688000 78.64481443 0.60817742  
633         97.31552000 78.67431002 0.60793183  
634         71.14784000 78.66243861 0.60708827  
635         94.93808000 78.68806954 0.60667314  
636         97.55632000 78.71773660 0.60644459  
637         70.87632000 78.70542669 0.60561693  
638         90.25424000 78.72352828 0.60493783  
639         71.93776000 78.71290892 0.60408374  
640         84.01904000 78.72119975 0.60319610  
641         69.58640000 78.70694889 0.60242292  
642         97.25872000 78.73584573 0.60217758  
643         85.48992000 78.74634974 0.60133208  
644         98.97712000 78.77776398 0.60121888  
645         86.73104000 78.79009464 0.60041267  
646         33.74736000 78.72036904 0.60352378  
647         66.00112000 78.70071023 0.60291084  
648         43.95200000 78.64708568 0.60436343  
649         78.60864000 78.64702644 0.60343149  
650         97.99440000 78.67679163 0.60323721  
651         87.44368000 78.69025843 0.60246040  
652         61.36048000 78.66367902 0.60212260  
653         99.05504000 78.69490622 0.60201025  
654         98.59792000 78.72533896 0.60185894  
655         90.07920000 78.74267310 0.60118932  
656         80.42448000 78.74523683 0.60027765  
657         65.04736000 78.72438770 0.59972580  
658         81.32272000 78.72833653 0.59882669  
659         70.31248000 78.71556589 0.59805368  
660         55.84512000 78.68091370 0.59815143  
661         63.13504000 78.65739498 0.59770871  
662         93.16912000 78.67931601 0.59720760  
663         90.52336000 78.69718033 0.59657368  
664         75.01680000 78.69163759 0.59570034  
665         89.87616000 78.70845642 0.59504161  
666         81.42016000 78.71252805 0.59416144  
667         82.33984000 78.71796630 0.59329490  
668         97.13216000 78.74553246 0.59304708  
669         93.35920000 78.76737650 0.59256271  
670         79.64352000 78.76868418 0.59167907  
671         85.58752000 78.77884638 0.59088402  
672         77.25168000 78.77657381 0.59000845  
673         97.02080000 78.80368262 0.58975449  
674         57.06016000 78.77142220 0.58976183  
675         92.74096000 78.79211781 0.58925100  
676         93.94544000 78.81453396 0.58880554  
677         90.43888000 78.83170434 0.58818584  
678         63.13520000 78.80855316 0.58777379  
679         78.93024000 78.80873237 0.58690753  
680         70.35488000 78.79630024 0.58617564  
681         97.27184000 78.82343025 0.58594267  
682         90.21536000 78.84013396 0.58532128  
683         91.57568000 78.85878044 0.58476103  
684         90.74144000 78.87615275 0.58416387  
685         81.77552000 78.88038540 0.58332580  
686         86.03744000 78.89081843 0.58256828  
687         74.16208000 78.88393525 0.58176040  
688         98.55440000 78.91252605 0.58161735  
689         82.01552000 78.91702967 0.58079005  
690         96.98928000 78.94322133 0.58053885  
691         68.30160000 78.92782101 0.57990262  
692         92.35808000 78.94722890 0.57938915  
693         72.15232000 78.93742384 0.57863557  
694         85.90496000 78.94746352 0.57788842  
695         87.53792000 78.95982388 0.57718869  
696         48.23008000 78.91567195 0.57804745  
697         89.07488000 78.93024758 0.57740152  
698         80.23296000 78.93211393 0.57657672  
699         58.93280000 78.90350260 0.57646174  
700         93.87328000 78.92488800 0.57603474  
701         99.08688000 78.95364976 0.57593104  
702         74.98208000 78.94799225 0.57513787  
703         60.97664000 78.92242845 0.57488782  
704         40.06720000 78.86723636 0.57671767  
705         96.81424000 78.89269311 0.57646141  
706         91.70896000 78.91084646 0.57593048  
707         88.99200000 78.92510552 0.57529203  
708         61.45152000 78.90042531 0.57500880  
709         84.89424000 78.90887921 0.57425944  
710         88.45808000 78.92232879 0.57360775  
711         77.93904000 78.92094582 0.57280209  
712         84.09920000 78.92821865 0.57204326  
713         75.54208000 78.92346951 0.57126014  
714         86.85664000 78.93458039 0.57056769  
715         95.14752000 78.95725583 0.57022017  
716         97.76688000 78.98352626 0.57002888  
717         41.94032000 78.93186209 0.57157305  
718         83.89104000 78.93876903 0.57081822  
719         33.45744000 78.87551266 0.57352284  
720         68.44880000 78.86103111 0.57290879  
721         67.79216000 78.84567900 0.57231957  
722         82.81008000 78.85116986 0.57155271  
723         84.11296000 78.85844758 0.57080803  
724         89.69616000 78.87341680 0.57021560  
725         77.67312000 78.87176121 0.56943096  
726         73.79408000 78.86476716 0.56868909  
727         86.69856000 78.87554267 0.56800853  
728         98.02512000 78.90184703 0.56783734  
729         48.63280000 78.86032571 0.56857600  
730         98.64432000 78.88742707 0.56844301  
731         82.94400000 78.89297642 0.56769197  
732         82.50304000 78.89790820 0.56693736  
733         66.65408000 78.88120447 0.56640974  
734         88.95552000 78.89492970 0.56580403  
735         73.78912000 78.88798302 0.56507641  
736         84.64992000 78.89581174 0.56436242  
737         84.37424000 78.90324516 0.56364516  
738         70.51776000 78.89188271 0.56299557  
739         88.11664000 78.90436547 0.56237177  
740         85.34688000 78.91307157 0.56167877  
741         68.83280000 78.89946796 0.56108519  
742         97.00400000 78.92386760 0.56085950  
743         84.08736000 78.93081712 0.56014724  
744         79.53824000 78.93163355 0.55939444  
745         87.81328000 78.94355522 0.55877027  
746         93.73360000 78.96338102 0.55837283  
747         85.03072000 78.97150329 0.55768399  
748         86.22768000 78.98120406 0.55702240  
749         79.89552000 78.98242478 0.55627955  
750         95.67408000 79.00468032 0.55598297  
751         71.23216000 78.99433076 0.55533860  
752         89.50528000 79.00830809 0.55477573  
753         57.20752000 78.97935618 0.55479443  
754         77.98720000 78.97804032 0.55405970  
755         87.86240000 78.98980768 0.55345047  
756         49.78224000 78.95117333 0.55406651  
757         97.76640000 78.97602832 0.55389205  
758         82.40176000 78.98054776 0.55317930  
759         68.22624000 78.96637871 0.55263166  
760         88.53520000 78.97896926 0.55204763  
761         56.27360000 78.94913304 0.55212847  
762         84.12096000 78.95592021 0.55144519  
763         91.13536000 78.97188278 0.55095327  
764         74.77904000 78.96639476 0.55025902  
765         79.00272000 78.96644225 0.54953926  
766         89.71824000 78.98047854 0.54900084  
767         84.64624000 78.98786545 0.54833435  
768         75.77072000 78.98367646 0.54763593  
769         56.14784000 78.95398096 0.54772890  
770         65.25664000 78.93619221 0.54730627  
771         47.21008000 78.89504291 0.54814267  
772         69.58752000 78.88298653 0.54756493  
773         59.20704000 78.85753252 0.54744818  
774         70.76304000 78.84707452 0.54684043  
775         85.31440000 78.85541946 0.54619813  
776         93.52624000 78.87432515 0.54582133  
777         96.10240000 78.89649771 0.54556915  
778         67.29280000 78.88158293 0.54507155  
779         80.90880000 78.88418526 0.54437761  
780         85.52608000 78.89270051 0.54374592  
781         74.93504000 78.88763309 0.54307290  
782         99.39424000 78.91385637 0.54301155  
783         94.30624000 78.93351458 0.54267378  
784         63.04032000 78.91324265 0.54236014  
785         86.90208000 78.92341952 0.54176439  
786         69.03680000 78.91084112 0.54122086  
787         66.00640000 78.89444412 0.54078137  
788         91.47552000 78.91040995 0.54033060  
789         61.25808000 78.88803691 0.54010891  
790         71.28624000 78.87841438 0.53951062  
791         71.81264000 78.86948167 0.53890216  
792         90.97520000 78.88476667 0.53843829  
793         91.10384000 78.90017533 0.53797959  
794         67.60480000 78.88594942 0.53748990  
795         77.26496000 78.88391044 0.53681726  
796         79.57904000 78.88478372 0.53614315  
797         62.67936000 78.86445069 0.53585593  
798         73.38624000 78.85758576 0.53522804  
799         93.30656000 78.87566959 0.53486354  
800         80.38784000 78.87755980 0.53419789  
801         98.30320000 78.90181154 0.53408146  
802         94.82528000 78.92166623 0.53378449  
803         67.84400000 78.90787088 0.53329780  
804         92.45568000 78.92472139 0.53290056  
805         71.60032000 78.91562276 0.53231592  
806         67.20016000 78.90108744 0.53185373  
807         92.56208000 78.91801556 0.53146393  
808         97.93168000 78.94154733 0.53132713  
809         82.81456000 78.94633473 0.53069154  
810         76.48608000 78.94329738 0.53004467  
811         63.48352000 78.92423477 0.52973379  
812         94.82384000 78.94381557 0.52944322  
813         87.99616000 78.95495006 0.52890881  
814         77.14832000 78.95273061 0.52826331  
815         80.78000000 78.95497266 0.52761949  
816         66.65584000 78.93990020 0.52718801  
817         96.70896000 78.96164935 0.52699133  
818         76.95376000 78.95919472 0.52635242  
819         82.01296000 78.96292337 0.52572257  
820         79.01392000 78.96298556 0.52508106  
821         69.34608000 78.95127191 0.52457191  
822         84.87744000 78.95848136 0.52398295  
823         48.38544000 78.92133307 0.52466267  
824         65.87488000 78.90550000 0.52426469  
825         52.26032000 78.87320281 0.52462393  
826         87.00400000 78.88304639 0.52408086  
827         86.87456000 78.89270965 0.52353595  
828         62.55808000 78.87298184 0.52327528  
829         94.58976000 78.89194055 0.52298744  
830         89.47664000 78.90469320 0.52251260  
831         71.70544000 78.89602984 0.52195535  
832         62.50368000 78.87632750 0.52169979  
833         89.85040000 78.88950166 0.52123963  
834         69.02304000 78.87767137 0.52074867  
835         76.82144000 78.87520881 0.52013047  
836         73.89856000 78.86925589 0.51954204  
837         90.12288000 78.88270108 0.51909510  
838         96.73888000 78.90400916 0.51891296  
839         92.94496000 78.92074451 0.51856421  
840         52.13232000 78.88885352 0.51892737  
841         80.98160000 78.89134193 0.51831594  
842         74.80864000 78.88649311 0.51772271  
843         66.89728000 78.87227103 0.51730374  
844         89.71216000 78.88511450 0.51685006  
845         87.75472000 78.89561108 0.51634474  
846         50.45088000 78.86198846 0.51682887  
847         84.81488000 78.86901667 0.51626616  
848         83.01952000 78.87391113 0.51568023  
849         99.08464000 78.89771647 0.51562229  
850         93.84944000 78.91530673 0.51531563  
851         98.99712000 78.93890463 0.51525039  
852         79.21424000 78.93922779 0.51464538  
853         84.64064000 78.94591175 0.51408515  
854         87.91184000 78.95641049 0.51359014  
855         93.80960000 78.97378264 0.51328316  
856         91.53312000 78.98845477 0.51289309  
857         87.71056000 78.99863225 0.51239535  
858         94.45184000 79.01664298 0.51211461  
859         85.75360000 79.02448577 0.51157821  
860         99.44464000 79.04823014 0.51153438  
861         76.68608000 79.04548664 0.51094729  
862         91.96624000 79.06047592 0.51057427  
863         97.13088000 79.08141497 0.51041198  
864         60.87824000 79.06034648 0.51025603  
865         83.31344000 79.06526335 0.50968951  
866         81.49472000 79.06806873 0.50910835  
867         81.62112000 79.07101343 0.50852933  
868         99.69984000 79.09477935 0.50849881  
869         95.50704000 79.11366573 0.50826433  
870         47.88128000 79.07776644 0.50894747  
871         63.16240000 79.05949392 0.50869109  
872         67.40752000 79.04613156 0.50828307  
873         91.53104000 79.06043271 0.50790189  
874         88.07808000 79.07075039 0.50742534  
875         89.29760000 79.08243822 0.50697984  
876         95.30640000 79.10095872 0.50673932  
877         91.08864000 79.11462769 0.50634572  
878         76.98096000 79.11219754 0.50577452  
879         81.73856000 79.11518544 0.50520763  
880         63.50224000 79.09744345 0.50494500  
881         74.32560000 79.09202706 0.50440060  
882         89.69360000 79.10404698 0.50397176  
883         89.28784000 79.11558016 0.50353278  
884         56.33760000 79.08981321 0.50362244  
885         92.34640000 79.10479241 0.50327602  
886         68.37216000 79.09267883 0.50285360  
887         67.73920000 79.07987896 0.50244943  
888         79.09440000 79.07989532 0.50188329  
889         59.26976000 79.05761170 0.50181343  
890         80.55600000 79.05929528 0.50125210  
891         71.27744000 79.05056144 0.50076539  
892         85.02752000 79.05726206 0.50024855  
893         88.48880000 79.06782370 0.49979965  
894         88.39632000 79.07825826 0.49934932  
895         42.15008000 79.03699772 0.50049472  
896         72.67312000 79.02989518 0.49998627  
897         80.76912000 79.03183411 0.49943232  
898         96.86176000 79.05168927 0.49927081  
899         86.61952000 79.06010732 0.49878618  
900         40.02560000 79.01673564 0.50011588  
901         87.46304000 79.02611001 0.49964846  
902         78.32608000 79.02533392 0.49909482  
903         51.69136000 78.99506374 0.49945992  
904         84.58096000 79.00124283 0.49894538  
905         98.52640000 79.02281759 0.49886051  
906         97.16544000 79.04284256 0.49871178  
907         66.58096000 79.02910289 0.49835107  
908         95.96624000 79.04775612 0.49815128  
909         64.95184000 79.03224906 0.49784452  
910         67.55792000 79.01963991 0.49745697  
911         97.28816000 79.03969317 0.49731508  
912         61.05152000 79.01996930 0.49716089  
913         89.98176000 79.03197564 0.49676117  
914         90.44400000 79.04446144 0.49637443  
915         88.52496000 79.05482264 0.49593989  
916         71.15952000 79.04620332 0.49547315  
917         80.83712000 79.04815634 0.49493639  
918         49.07920000 79.01551041 0.49547361  
919         61.19488000 78.99611909 0.49531390  
920         71.03680000 78.98746765 0.49485086  
921         79.85984000 78.98841485 0.49431417  
922         77.85760000 78.98718837 0.49377927  
923         96.29040000 79.00593508 0.49360013  
924         91.32000000 79.01926199 0.49324572  
925         98.58096000 79.04040977 0.49316583  
926         90.66368000 79.05296190 0.49279285  
927         97.76320000 79.07314554 0.49267457  
928         96.55520000 79.09198397 0.49250380  
929         60.09840000 79.07153877 0.49239802  
930         81.71664000 79.07438297 0.49187650  
931         56.58352000 79.05022522 0.49194139  
932         73.94480000 79.04474730 0.49144381  
933         71.30016000 79.03644656 0.49098696  
934         86.26944000 79.04419066 0.49052213  
935         81.49808000 79.04681514 0.49000426  
936         62.15280000 79.02876598 0.48981313  
937         67.24848000 79.01619364 0.48945160  
938         79.72320000 79.01694738 0.48893010  
939         43.35632000 78.97897014 0.48988340  
940         97.91184000 78.99911149 0.48977629  
941         96.15728000 79.01734546 0.48959519  
942         75.23408000 79.01332926 0.48909166  
943         94.03536000 79.02925930 0.48883237  
944         96.98992000 79.04828542 0.48868478  
945         97.60320000 79.06792025 0.48856209  
946         70.11856000 79.05846004 0.48813704  
947         72.33024000 79.05135527 0.48767307  
948         66.77984000 79.03841063 0.48733033  
949         72.46640000 79.03148544 0.48686579  
950         93.50064000 79.04671613 0.48659146  
951         73.78416000 79.04118242 0.48611102  
952         77.54752000 79.03961345 0.48560267  
953         88.09248000 79.04911278 0.48518585  
954         81.68128000 79.05187187 0.48468485  
955         84.69280000 79.05777860 0.48421309  
956         94.04384000 79.07345439 0.48396027  
957         89.78560000 79.08464786 0.48358386  
958         97.57888000 79.10395290 0.48346440  
959         89.69984000 79.11500179 0.48308637  
960         97.94752000 79.13461900 0.48298145  
961         95.18944000 79.15132537 0.48276776  
962         88.68432000 79.16123493 0.48236746  
963         79.44288000 79.16152739 0.48186639  
964         83.14480000 79.16565942 0.48138400  
965         97.18880000 79.18433625 0.48124746  
966         99.47296000 79.20533896 0.48120757  
967         67.81328000 79.19355814 0.48085402  
968         36.59984000 79.14955636 0.48236813  
969         65.93744000 79.13592157 0.48206294  
970         82.97552000 79.13987992 0.48158198  
971         96.17888000 79.15742781 0.48140569  
972         84.87696000 79.16331210 0.48094616  
973         99.21184000 79.18391696 0.48089324  
974         79.55664000 79.18429963 0.48039941  
975         71.84544000 79.17677259 0.47996546  
976         54.02560000 79.15100295 0.48016545  
977         48.78832000 79.11992549 0.48067941  
978         74.34528000 79.11504344 0.48021248  
979         35.59952000 79.07059448 0.48177654  
980         61.19856000 79.05235771 0.48163007  
981         78.67792000 79.05197602 0.48113901  
982         88.59152000 79.06169043 0.48074696  
983         84.80896000 79.06753709 0.48029324  
984         76.87552000 79.06530943 0.47981006  
985         95.98208000 79.08248382 0.47963028  
986         79.37520000 79.08278069 0.47914369  
987         51.74560000 79.05508344 0.47945866  
988         90.34480000 79.06651028 0.47910942  
989         98.13840000 79.08579430 0.47901306  
990         99.63200000 79.10654804 0.47897879  
991         75.81600000 79.10322761 0.47850674  
992         85.84048000 79.11001919 0.47807237  
993         92.00048000 79.12300052 0.47776708  
994         69.64624000 79.11346656 0.47738140  
995         66.03456000 79.10032193 0.47708249  
996         75.45056000 79.09665751 0.47661734  
997         79.32000000 79.09688152 0.47613910  
998         99.75216000 79.11757820 0.47611183  
999         71.81984000 79.11027315 0.47569109  
1000        61.75024000 79.09291312 0.47553215  
1001        85.32912000 79.09914310 0.47509770  
1002        91.70544000 79.11172423 0.47479003  
1003        86.50688000 79.11909727 0.47437373  
1004        71.76976000 79.11177721 0.47395754  
1005        89.08512000 79.12170094 0.47358969  
1006        75.63488000 79.11823491 0.47313139  
1007        88.09184000 79.12714614 0.47274531  
1008        92.55936000 79.14047175 0.47246404  
1009        61.98768000 79.12347195 0.47230160  
1010        93.33696000 79.13754471 0.47204356  
1011        83.61344000 79.14197191 0.47159720  
1012        90.22256000 79.15292111 0.47125818  
1013        76.29872000 79.15010353 0.47080117  
1014        84.56880000 79.15544742 0.47036700  
1015        95.46384000 79.17151480 0.47017797  
1016        95.31712000 79.18740614 0.46998370  
1017        70.71328000 79.17907367 0.46959528  
1018        85.93712000 79.18571222 0.46918073  
1019        72.89616000 79.17953994 0.46876071  
1020        93.97936000 79.19404957 0.46852564  
1021        99.77968000 79.21421179 0.46850057  
1022        87.19376000 79.22201957 0.46810705  
1023        75.10608000 79.21799617 0.46766655  
1024        64.86176000 79.20397641 0.46741993  
1025        96.28208000 79.22063797 0.46726084  
1026        64.73744000 79.20652179 0.46701858  
1027        77.08096000 79.20445211 0.46656821  
1028        73.44848000 79.19885292 0.46614776  
1029        62.32224000 79.18245193 0.46598325  
1030        95.61312000 79.19840404 0.46580385  
1031        99.45424000 79.21805082 0.46576638  
1032        80.74640000 79.21953178 0.46531720  
1033        99.10352000 79.23878056 0.46526487  
1034        69.32608000 79.22919381 0.46491354  
1035        87.61648000 79.23729747 0.46453482  
1036        81.76128000 79.23973375 0.46409261  
1037        66.92528000 79.22785867 0.46379691  
1038        97.83008000 79.24577988 0.46369632  
1039        90.89312000 79.25699003 0.46338543  
1040        65.14560000 79.24342138 0.46313845  
1041        70.63984000 79.23515666 0.46276715  
1042        56.39280000 79.21323501 0.46284225  
1043        42.68000000 79.17820794 0.46372305  
1044        82.91712000 79.18178927 0.46329250  
1045        89.82896000 79.19197795 0.46296107  
1046        95.30832000 79.20738554 0.46277482  
1047        49.44352000 79.17895778 0.46320576  
1048        84.56736000 79.18409939 0.46279212  
1049        98.37280000 79.20239176 0.46271245  
1050        79.17312000 79.20236389 0.46227157  
1051        92.77040000 79.21527353 0.46201191  
1052        97.94416000 79.23307665 0.46191574  
1053        84.55168000 79.23812756 0.46150451  
1054        77.59696000 79.23657047 0.46106907  
1055        87.66336000 79.24455795 0.46070108  
1056        86.96544000 79.25186939 0.46032267  
1057        71.39648000 79.24443762 0.45994701  
1058        43.98608000 79.21111214 0.46071893  
1059        81.06960000 79.21286708 0.46028701  
1060        95.55344000 79.22828272 0.46011089  
1061        83.13888000 79.23196848 0.45969181  
1062        82.03600000 79.23460881 0.45926634  
1063        82.14928000 79.23735074 0.45884228  
1064        58.40032000 79.21776707 0.45882896  
1065        43.39456000 79.18413025 0.45963039  
1066        84.72832000 79.18933118 0.45922847  
1067        77.90208000 79.18812476 0.45879946  
1068        92.45264000 79.20054472 0.45853791  
1069        96.50928000 79.21673624 0.45839482  
1070        93.80416000 79.23036935 0.45816908  
1071        95.97328000 79.24600232 0.45800796  
1072        46.68608000 79.21562925 0.45858745  
1073        89.40672000 79.22512701 0.45825830  
1074        79.42928000 79.22531709 0.45783146  
1075        65.84064000 79.21286623 0.45757480  
1076        96.74928000 79.22916401 0.45743977  
1077        83.42400000 79.23305894 0.45703143  
1078        77.26128000 79.23122983 0.45661094  
1079        93.12800000 79.24410914 0.45636933  
1080        99.35216000 79.26272770 0.45632656  
1081        71.54560000 79.25558883 0.45596012  
1082        96.52944000 79.27155357 0.45581818  
1083        97.31520000 79.28821437 0.45570177  
1084        98.60320000 79.30603262 0.45562973  
1085        81.17936000 79.30775919 0.45521287  
1086        76.13344000 79.30483624 0.45480291  
1087        87.45472000 79.31233384 0.45444617  
1088        86.28752000 79.31874485 0.45407355  
1089        88.90848000 79.32755085 0.45374185  
1090        58.60816000 79.30854224 0.45372374  
1091        75.94304000 79.30545745 0.45331816  
1092        58.03440000 79.28597846 0.45332154  
1093        99.20048000 79.30419850 0.45327294  
1094        75.09184000 79.30034808 0.45287479  
1095        69.61168000 79.29149998 0.45254753  
1096        44.29552000 79.25956934 0.45326053  
1097        98.81600000 79.27739654 0.45319793  
1098        96.15808000 79.29277056 0.45304592  
1099        84.70400000 79.29769434 0.45266028  
1100        91.95424000 79.30920029 0.45239492  
1101        92.93536000 79.32157646 0.45215325  
1102        57.80672000 79.30205299 0.45216445  
1103        75.07248000 79.29821839 0.45177060  
1104        97.34688000 79.31456681 0.45165717  
1105        38.56880000 79.27769281 0.45275233  
1106        86.35728000 79.28409389 0.45238808  
1107        66.19440000 79.27226941 0.45213388  
1108        71.99504000 79.26570152 0.45177337  
1109        99.03104000 79.28352418 0.45171756  
1110        76.92992000 79.28140382 0.45131540  
1111        66.85744000 79.27022113 0.45104764  
1112        43.41872000 79.23798058 0.45179367  
1113        88.11568000 79.24595695 0.45145803  
1114        75.72416000 79.24279555 0.45106367  
1115        71.78880000 79.23611035 0.45070853  
1116        94.55008000 79.24983254 0.45051352  
1117        97.37376000 79.26605808 0.45040237  
1118        93.00560000 79.27834748 0.45016710  
1119        83.87040000 79.28245119 0.44978335  
1120        82.55840000 79.28537614 0.44939110  
1121        86.08944000 79.29144578 0.44903106  
1122        77.91712000 79.29022089 0.44863234  
1123        97.45232000 79.30639373 0.44852435  
1124        83.34848000 79.30998989 0.44813955  
1125        94.56304000 79.32354816 0.44794627  
1126        99.62464000 79.34157755 0.44791128  
1127        57.83664000 79.32249597 0.44792029  
1128        72.14576000 79.31613362 0.44756824  
1129        77.82080000 79.31480914 0.44717360  
1130        74.88752000 79.31089119 0.44679488  
1131        53.05040000 79.28767236 0.44700310  
1132        66.27744000 79.27617922 0.44675590  
1133        75.36832000 79.27273010 0.44637474  
1134        70.65632000 79.26513185 0.44604566  
1135        77.21376000 79.26332448 0.44565616  
1136        58.44896000 79.24500197 0.44564051  
1137        78.94688000 79.24473977 0.44524847  
1138        88.61536000 79.25297406 0.44493324  
1139        75.69696000 79.24985201 0.44455340  
1140        99.21648000 79.26736660 0.44450846  
1141        94.87472000 79.28104526 0.44432931  
1142        84.75632000 79.28583972 0.44396595  
1143        99.24304000 79.30330009 0.44392087  
1144        45.09200000 79.27339510 0.44453967  
1145        82.53264000 79.27624161 0.44416038  
1146        84.88720000 79.28113773 0.44379965  
1147        92.33600000 79.29251948 0.44355861  
1148        61.23312000 79.27678829 0.44345118  
1149        92.00592000 79.28786674 0.44320355  
1150        87.87936000 79.29533760 0.44288100  
1151        97.19456000 79.31088862 0.44276923  
1152        93.31200000 79.32304236 0.44255164  
1153        98.56512000 79.33973107 0.44248247  
1154        61.06896000 79.32389851 0.44238228  
1155        77.18608000 79.32204758 0.44200298  
1156        66.77248000 79.31119156 0.44175387  
1157        70.07040000 79.30320470 0.44144415  
1158        76.11232000 79.30044919 0.44107138  
1159        91.65024000 79.31110475 0.44081946  
1160        57.34352000 79.29216717 0.44084622  
1161        85.98304000 79.29793020 0.44050404  
1162        65.05280000 79.28567105 0.44029549  
1163        60.90368000 79.26986538 0.44020058  
1164        81.88688000 79.27211368 0.43982799  
1165        61.28416000 79.25667337 0.43972146  
1166        82.85264000 79.25975739 0.43935500  
1167        79.62432000 79.26006979 0.43897847  
1168        79.75440000 79.26049301 0.43860268  
1169        75.18304000 79.25700503 0.43824120  
1170        73.42032000 79.25201641 0.43789489  
1171        78.89200000 79.25170897 0.43752089  
1172        77.34416000 79.25008137 0.43715045  
1173        98.00128000 79.26606704 0.43707005  
1174        39.18576000 79.23192709 0.43803005  
1175        73.85200000 79.22734843 0.43768105  
1176        84.74544000 79.23204068 0.43733389  
1177        66.98080000 79.22163181 0.43708612  
1178        96.93856000 79.23667165 0.43697382  
1179        86.55792000 79.24288136 0.43664719  
1180        45.23984000 79.21406522 0.43722761  
1181        90.30400000 79.22345551 0.43695815  
1182        57.46400000 79.20504650 0.43697626  
1183        75.30224000 79.20174742 0.43661918  
1184        96.32976000 79.21621365 0.43649005  
1185        90.12096000 79.22541597 0.43621862  
1186        47.56304000 79.19871919 0.43666751  
1187        77.66016000 79.19742302 0.43630141  
1188        85.43920000 79.20267704 0.43596566  
1189        93.17056000 79.21442463 0.43575722  
1190        89.58592000 79.22314017 0.43547810  
1191        86.84432000 79.22953914 0.43515936  
1192        98.21216000 79.24546416 0.43508568  
1193        89.60592000 79.25414853 0.43480757  
1194        81.69088000 79.25618935 0.43444805  
1195        77.42256000 79.25465493 0.43408705  
1196        78.18224000 79.25375826 0.43372488  
1197        54.66864000 79.23321931 0.43384882  
1198        81.07072000 79.23475312 0.43348924  
1199        67.74400000 79.22516951 0.43323356  
1200        76.21344000 79.22265973 0.43287966  
1201        61.06784000 79.20754331 0.43278315  
1202        75.50224000 79.20446070 0.43243394  
1203        79.84768000 79.20499538 0.43207466  
1204        75.64752000 79.20204066 0.43172575  
1205        91.18880000 79.21198818 0.43148201  
1206        97.82608000 79.22742275 0.43140028  
1207        74.76480000 79.22372547 0.43105857  
1208        97.07008000 79.23849894 0.43095488  
1209        62.59584000 79.22473330 0.43081826  
1210        51.28464000 79.20164231 0.43108094  
1211        77.06752000 79.19988003 0.43072843  
1212        84.62128000 79.20435314 0.43039614  
1213        76.71888000 79.20230411 0.43004606  
1214        96.17296000 79.21628323 0.42991900  
1215        78.49200000 79.21568711 0.42956543  
1216        72.60560000 79.21025118 0.42924644  
1217        79.16592000 79.21021476 0.42889359  
1218        87.24304000 79.21680985 0.42859206  
1219        84.51792000 79.22115859 0.42826241  
1220        93.35600000 79.23274452 0.42806805  
1221        96.67904000 79.24703305 0.42795591  
1222        95.94448000 79.26069709 0.42782382  
1223        82.25632000 79.26314649 0.42748088  
1224        80.24224000 79.26394641 0.42713224  
1225        85.22224000 79.26881032 0.42681113  
1226        66.42288000 79.25833240 0.42659155  
1227        82.46400000 79.26094500 0.42625175  
1228        85.05360000 79.26566215 0.42593062  
1229        96.27440000 79.27950164 0.42580887  
1230        81.61904000 79.28140371 0.42546680  
1231        62.48224000 79.26775695 0.42534001  
1232        72.24720000 79.26205844 0.42503283  
1233        85.15136000 79.26683484 0.42471483  
1234        83.58112000 79.27033102 0.42438492  
1235        89.69568000 79.27877260 0.42412516  
1236        96.64000000 79.29281890 0.42401460  
1237        98.42064000 79.30828197 0.42395377  
1238        73.77504000 79.30381247 0.42363476  
1239        20.36560000 79.25624329 0.42595721  
1240        74.56032000 79.25245626 0.42563040  
1241        84.72464000 79.25686575 0.42531015  
1242        45.95168000 79.23004998 0.42581278  
1243        81.73248000 79.23206320 0.42547484  
1244        59.54128000 79.21623460 0.42542724  
1245        87.13248000 79.22259303 0.42513295  
1246        43.84512000 79.19420019 0.42573944  
1247        59.45856000 79.17837370 0.42569219  
1248        75.33696000 79.17529564 0.42536209  
1249        72.12624000 79.16965188 0.42505886  
1250        83.48592000 79.17310490 0.42473272  
1251        79.64432000 79.17348157 0.42439323  
1252        75.94976000 79.17090671 0.42406194  
1253        97.99616000 79.18593085 0.42398964  
1254        99.75840000 79.20233633 0.42396892  
1255        96.02544000 79.21574120 0.42384300  
1256        65.66832000 79.20495503 0.42364274  
1257        90.73792000 79.21413002 0.42340500  
1258        82.91008000 79.21706798 0.42307850  
1259        99.49680000 79.23317579 0.42304909  
1260        88.35792000 79.24041765 0.42277523  
1261        97.46480000 79.25486998 0.42268697  
1262        63.05984000 79.24203715 0.42254682  
1263        57.15312000 79.22454790 0.42257420  
1264        99.46464000 79.24056063 0.42254327  
1265        94.09408000 79.25230255 0.42237236  
1266        98.97728000 79.26788310 0.42232610  
1267        54.44496000 79.24829121 0.42244719  
1268        99.41920000 79.26419886 0.42241354  
1269        75.49120000 79.26122566 0.42209101  
1270        92.98464000 79.27203150 0.42189692  
1271        91.83264000 79.28191396 0.42168067  
1272        81.38752000 79.28356931 0.42135228  
1273        95.78304000 79.29653040 0.42122062  
1274        77.51152000 79.29512929 0.42089219  
1275        93.71136000 79.30643614 0.42071391  
1276        88.50880000 79.31364803 0.42044593  
1277        73.94576000 79.30944451 0.42013758  
1278        86.33200000 79.31493947 0.41984467  
1279        87.47536000 79.32131978 0.41956480  
1280        91.23104000 79.33062425 0.41934012  
1281        64.38624000 79.31895806 0.41917501  
1282        91.68608000 79.32860480 0.41895899  
1283        98.06656000 79.34320960 0.41888700  
1284        83.88928000 79.34675016 0.41857561  
1285        99.64752000 79.36254842 0.41854801  
1286        99.19088000 79.37796703 0.41850654  
1287        73.88672000 79.37370033 0.41820300  
1288        92.43200000 79.38383876 0.41800115  
1289        83.18656000 79.38678889 0.41768716  
1290        91.04208000 79.39582400 0.41746103  
1291        70.93600000 79.38927108 0.41718901  
1292        95.18176000 79.40149437 0.41704515  
1293        35.59920000 79.36761788 0.41809717  
1294        64.38608000 79.35604019 0.41793433  
1295        69.08960000 79.34811243 0.41768672  
1296        88.89760000 79.35548086 0.41742935  
1297        72.12320000 79.34990470 0.41714465  
1298        98.83952000 79.36491982 0.41709351  
1299        97.59296000 79.37895218 0.41700846  
1300        91.71744000 79.38844332 0.41679564  
1301        80.46400000 79.38927004 0.41647597  
1302        97.89152000 79.40348068 0.41639853  
1303        90.53872000 79.41202652 0.41616659  
1304        70.28576000 79.40502785 0.41590621  
1305        99.63648000 79.42053088 0.41587645  
1306        87.13776000 79.42643994 0.41559990  
1307        76.68528000 79.42434265 0.41528710  
1308        91.22352000 79.43336343 0.41506751  
1309        67.99552000 79.42462558 0.41484234  
1310        95.53776000 79.43692568 0.41470799  
1311        77.49168000 79.43544189 0.41439420  
1312        89.02992000 79.44275476 0.41414280  
1313        98.65600000 79.45738784 0.41408590  
1314        98.47760000 79.47186289 0.41402376  
1315        88.20480000 79.47850391 0.41376209  
1316        67.42096000 79.46934164 0.41354907  
1317        73.77392000 79.46501710 0.41325757  
1318        55.78832000 79.44705299 0.41333446  
1319        83.48256000 79.45011251 0.41303230  
1320        78.57536000 79.44944982 0.41271981  
1321        99.53280000 79.46465296 0.41268740  
1322        76.01520000 79.46204369 0.41238336  
1323        93.00560000 79.47228070 0.41219868  
1324        92.95984000 79.48246767 0.41201319  
1325        91.78544000 79.49175294 0.41180681  
1326        97.44112000 79.50528941 0.41171872  
1327        86.70464000 79.51071469 0.41144411  
1328        35.15296000 79.47731277 0.41248878  
1329        92.55440000 79.48715257 0.41229572  
1330        86.27376000 79.49225528 0.41201721  
1331        83.13216000 79.49498999 0.41171662  
1332        64.95328000 79.48407279 0.41155223  
1333        90.64688000 79.49244699 0.41132863  
1334        59.59792000 79.47753355 0.41129064  
1335        80.40384000 79.47822742 0.41098303  
1336        90.40528000 79.48640635 0.41075673  
1337        88.91968000 79.49346190 0.41051003  
1338        95.60528000 79.50550362 0.41037981  
1339        86.81840000 79.51096508 0.41010958  
1340        94.60944000 79.52223260 0.40995829  
1341        58.46256000 79.50652814 0.40995337  
1342        91.12480000 79.51518557 0.40973925  
1343        66.10944000 79.50520363 0.40955571  
1344        94.39360000 79.51628131 0.40940076  
1345        99.05104000 79.53080529 0.40935400  
1346        94.37280000 79.54183204 0.40919836  
1347        89.94864000 79.54955795 0.40896744  
1348        84.74512000 79.55341223 0.40868212  
1349        67.55600000 79.54451867 0.40847588  
1350        33.59952000 79.51048533 0.40958958  
1351        75.57248000 79.50757045 0.40929667  
1352        77.34784000 79.50597302 0.40899695  
1353        86.69456000 79.51128609 0.40872908  
1354        80.16304000 79.51176744 0.40842738  
1355        69.78272000 79.50458734 0.40818901  
1356        89.65136000 79.51207021 0.40795650  
1357        73.88016000 79.50791994 0.40767689  
1358        99.29136000 79.52248801 0.40763697  
1359        94.03472000 79.53316662 0.40747686  
1360        81.80448000 79.53483671 0.40718056  
1361        85.12944000 79.53894736 0.40690203  
1362        76.17296000 79.53647601 0.40661068  
1363        79.67888000 79.53658048 0.40631226  
1364        65.46912000 79.52626710 0.40614524  
1365        86.43568000 79.53132894 0.40587915  
1366        88.58464000 79.53795654 0.40563606  
1367        28.29024000 79.50046736 0.40706918  
1368        90.50144000 79.50850901 0.40685099  
1369        95.30464000 79.52004745 0.40671740  
1370        96.90304000 79.53273577 0.40661843  
1371        76.54704000 79.53055802 0.40632757  
1372        82.62448000 79.53281306 0.40603757  
1373        83.19744000 79.53548213 0.40575051  
1374        65.90896000 79.52556472 0.40557637  
1375        68.68432000 79.51768017 0.40535798  
1376        90.80416000 79.52588256 0.40514632  
1377        87.10528000 79.53138684 0.40488941  
1378        91.67488000 79.54019925 0.40469144  
1379        93.72096000 79.55048261 0.40452859  
1380        98.11584000 79.56393577 0.40445915  
1381        86.58832000 79.56902222 0.40419817  
1382        96.58368000 79.58133384 0.40409319  
1383        70.14224000 79.57450875 0.40385857  
1384        49.28176000 79.55262092 0.40415978  
1385        43.10640000 79.52630596 0.40472426  
1386        87.88608000 79.53233755 0.40447712  
1387        67.40448000 79.52359360 0.40427996  
1388        94.57600000 79.53443827 0.40413412  
1389        80.48112000 79.53511983 0.40384364  
1390        79.40320000 79.53502492 0.40355301  
1391        86.01024000 79.53968000 0.40328966  
1392        86.64464000 79.54478414 0.40303215  
1393        71.57152000 79.53906033 0.40278340  
1394        89.02192000 79.54586296 0.40255183  
1395        85.47792000 79.55011533 0.40228564  
1396        90.98560000 79.55830693 0.40208082  
1397        88.80320000 79.56492461 0.40184739  
1398        97.85376000 79.57800675 0.40177288  
1399        60.17552000 79.56413793 0.40172506  
1400        77.22720000 79.56246869 0.40144149  
1401        66.74320000 79.55331860 0.40125918  
1402        85.56960000 79.55760981 0.40099584  
1403        81.66736000 79.55911356 0.40071275  
1404        70.16160000 79.55242017 0.40048317  
1405        94.06800000 79.56275154 0.40033136  
1406        89.63216000 79.56991329 0.40011063  
1407        76.87904000 79.56800080 0.39983073  
1408        92.79568000 79.57739545 0.39965710  
1409        77.14448000 79.57566876 0.39937708  
1410        66.97280000 79.56673055 0.39919382  
1411        94.26448000 79.57714710 0.39904678  
1412        86.28128000 79.58189507 0.39879233  
1413        93.14080000 79.59149090 0.39862551  
1414        91.52608000 79.59993120 0.39843291  
1415        49.65056000 79.57876557 0.39871342  
1416        86.70240000 79.58379638 0.39846350  
1417        99.95296000 79.59817124 0.39844159  
1418        62.65824000 79.58622488 0.39833968  
1419        89.89168000 79.59348736 0.39812511  
1420        75.31104000 79.59047155 0.39785607  
1421        98.47712000 79.60376265 0.39779809  
1422        89.26384000 79.61055595 0.39757628  
1423        93.39072000 79.62023983 0.39741480  
1424        96.69040000 79.63222730 0.39731649  
1425        87.64832000 79.63785263 0.39707742  
1426        76.40928000 79.63558856 0.39680533  
1427        86.08384000 79.64010730 0.39655291  
1428        81.56704000 79.64145669 0.39627741  
1429        74.14432000 79.63760985 0.39601869  
1430        91.90176000 79.64618618 0.39583458  
1431        98.05072000 79.65904749 0.39576690  
1432        37.63360000 79.62970011 0.39657779  
1433        90.69424000 79.63742135 0.39637616  
1434        73.80800000 79.63335621 0.39612051  
1435        93.11504000 79.64275111 0.39595585  
1436        73.40800000 79.63840936 0.39570384  
1437        82.25744000 79.64023193 0.39543257  
1438        96.06000000 79.65165040 0.39532243  
1439        78.96144000 79.65117076 0.39504790  
1440        96.09200000 79.66258800 0.39493853  
1441        96.45536000 79.67424155 0.39483638  
1442        86.15776000 79.67873775 0.39458809  
1443        75.54672000 79.67587426 0.39432494  
1444        43.03968000 79.65050294 0.39486770  
1445        62.97856000 79.63896526 0.39476298  
1446        79.36528000 79.63877599 0.39448993  
1447        70.74416000 79.63262905 0.39426513  
1448        92.69840000 79.64165238 0.39409607  
1449        85.69520000 79.64583012 0.39384615  
1450        61.26800000 79.63315575 0.39377847  
1451        70.44208000 79.62682145 0.39355797  
1452        22.85760000 79.58772419 0.39522541  
1453        61.88000000 79.57553718 0.39514129  
1454        83.42752000 79.57818641 0.39487832  
1455        88.89072000 79.58458678 0.39465874  
1456        79.86912000 79.58478220 0.39438764  
1457        88.04112000 79.59058614 0.39415959  
1458        54.91856000 79.57366431 0.39425248  
1459        78.01600000 79.57259668 0.39398361  
1460        88.92272000 79.57900088 0.39376575  
1461        77.49056000 79.57757142 0.39349874  
1462        99.80128000 79.59140432 0.39347272  
1463        70.96704000 79.58550934 0.39324787  
1464        63.81568000 79.57473760 0.39312677  
1465        89.99888000 79.58185305 0.39292276  
1466        86.79920000 79.58677621 0.39268551  
1467        80.87488000 79.58765426 0.39241872  
1468        87.91232000 79.59332501 0.39219231  
1469        61.65520000 79.58111390 0.39211543  
1470        96.41392000 79.59256479 0.39201587  
1471        81.04048000 79.59354910 0.39175052  
1472        75.88400000 79.59102902 0.39149240  
1473        97.58560000 79.60324530 0.39141722  
1474        89.84416000 79.61019300 0.39121328  
1475        86.85312000 79.61510346 0.39097880  
1476        77.35744000 79.61357388 0.39071681  
1477        97.48256000 79.62567204 0.39063957  
1478        79.76960000 79.62576942 0.39037519  
1479        92.24624000 79.63430253 0.39020447  
1480        53.06400000 79.61634962 0.39035379  
1481        51.02768000 79.59704600 0.39056745  
1482        78.81392000 79.59651757 0.39030418  
1483        55.64656000 79.58036790 0.39037510  
1484        71.03776000 79.57461143 0.39015443  
1485        63.36832000 79.56369810 0.39004431  
1486        54.85264000 79.54706886 0.39013631  
1487        89.51824000 79.55377442 0.38993152  
1488        78.05584000 79.55276774 0.38967068  
1489        58.67296000 79.53874504 0.38966129  
1490        60.19328000 79.52576150 0.38961608  
1491        99.11184000 79.53889771 0.38957621  
1492        68.89552000 79.53176408 0.38938037  
1493        98.93712000 79.54476163 0.38933649  
1494        88.01040000 79.55042806 0.38911706  
1495        68.21856000 79.54284821 0.38893056  
1496        76.85008000 79.54104824 0.38867466  
1497        98.23952000 79.55353886 0.38861573  
1498        89.97440000 79.56049538 0.38841852  
1499        97.23824000 79.57228841 0.38833842  
1500        79.76192000 79.57241483 0.38807946  
1501        51.74640000 79.55387651 0.38826365  
1502        92.61248000 79.56257065 0.38810246  
1503        84.59568000 79.56591936 0.38785861  
1504        77.27504000 79.56439617 0.38760364  
1505        66.61472000 79.55579173 0.38744156  
1506        72.03408000 79.55079724 0.38721642  
1507        54.45904000 79.53414710 0.38731744  
1508        72.05408000 79.52918684 0.38709230  
1509        94.51824000 79.53911995 0.38696320  
1510        94.69040000 79.54915391 0.38683700  
1511        92.67600000 79.55784143 0.38667850  
1512        69.14736000 79.55095619 0.38648402  
1513        63.13952000 79.54010924 0.38638077  
1514        92.20400000 79.54847376 0.38621607  
1515        73.46176000 79.54445613 0.38598197  
1516        74.48128000 79.54111631 0.38574174  
1517        64.84224000 79.53142687 0.38560913  
1518        83.76720000 79.53421723 0.38536513  
1519        89.90752000 79.54104627 0.38517189  
1520        83.87808000 79.54389958 0.38492898  
1521        57.66768000 79.52951679 0.38494461  
1522        72.55856000 79.52493666 0.38471887  
1523        58.35536000 79.51103674 0.38471736  
1524        73.48640000 79.50708357 0.38448517  
1525        98.45616000 79.51950919 0.38443382  
1526        79.96960000 79.51980414 0.38418193  
1527        92.38976000 79.52823240 0.38402276  
1528        70.75408000 79.52249016 0.38381431  
1529        90.04112000 79.52936957 0.38362489  
1530        92.34480000 79.53774567 0.38346556  
1531        97.34688000 79.54937803 0.38339152  
1532        86.90144000 79.55417702 0.38317124  
1533        56.10256000 79.53887917 0.38322666  
1534        80.30096000 79.53937596 0.38297708  
1535        53.43776000 79.52237165 0.38310506  
1536        92.79280000 79.53101125 0.38295303  
1537        65.34880000 79.52178405 0.38281502  
1538        88.61424000 79.52769592 0.38261171  
1539        40.68144000 79.50245468 0.38319525  
1540        99.67728000 79.51555522 0.38317036  
1541        77.96176000 79.51454692 0.38292295  
1542        87.43968000 79.51968643 0.38270905  
1543        80.54288000 79.52034955 0.38246152  
1544        61.20192000 79.50848528 0.38239783  
1545        96.14976000 79.51925634 0.38230200  
1546        93.06592000 79.52801873 0.38215511  
1547        81.72000000 79.52943566 0.38191062  
1548        92.83936000 79.53803380 0.38176067  
1549        82.62128000 79.54002427 0.38151933  
1550        72.82560000 79.53569239 0.38129771  
1551        81.28400000 79.53681960 0.38105346  
1552        92.05728000 79.54488691 0.38089330  
1553        97.36960000 79.55636451 0.38082096  
1554        98.36544000 79.56846816 0.38076824  
1555        94.71984000 79.57821181 0.38064802  
1556        78.20256000 79.57732771 0.38040434  
1557        73.34784000 79.57332676 0.38018100  
1558        61.89248000 79.56197833 0.38010635  
1559        80.35552000 79.56248734 0.37986280  
1560        84.41712000 79.56559928 0.37963197  
1561        73.47680000 79.56169871 0.37940875  
1562        96.36880000 79.57245869 0.37931841  
1563        82.05008000 79.57404386 0.37907896  
1564        60.35152000 79.56175325 0.37903583  
1565        84.56960000 79.56495315 0.37880707  
1566        78.20912000 79.56408736 0.37856609  
1567        61.35248000 79.55246540 0.37850289  
1568        77.20768000 79.55097000 0.37826438  
1569        65.99024000 79.54232709 0.37812201  
1570        51.22896000 79.52429310 0.37831117  
1571        73.34464000 79.52035952 0.37809075  
1572        71.61152000 79.51532845 0.37788365  
1573        39.09808000 79.48963408 0.37851644  
1574        54.62272000 79.47383553 0.37860565  
1575        60.73472000 79.46193768 0.37855221  
1576        76.36304000 79.45997137 0.37831704  
1577        97.45328000 79.47138120 0.37824920  
1578        85.87088000 79.47543665 0.37803117  
1579        97.83264000 79.48706250 0.37797052  
1580        97.55568000 79.49849833 0.37790430  
1581        89.33808000 79.50472197 0.37771647  
1582        84.99408000 79.50819186 0.37749358  
1583        62.44112000 79.49741039 0.37740907  
1584        63.11328000 79.48706687 0.37731253  
1585        96.39200000 79.49773244 0.37722521  
1586        79.07184000 79.49746391 0.37698739  
1587        69.33568000 79.49106077 0.37680418  
1588        73.35600000 79.48719738 0.37658664  
1589        83.89696000 79.48997256 0.37635980  
1590        68.00752000 79.48275089 0.37619234  
1591        46.09872000 79.46176784 0.37654092  
1592        93.32048000 79.47047307 0.37640500  
1593        94.63232000 79.47999086 0.37628903  
1594        80.54384000 79.48065827 0.37605348  
1595        72.09312000 79.47602658 0.37584618  
1596        84.34752000 79.47907890 0.37562301  
1597        93.06416000 79.48758552 0.37548411  
1598        22.06704000 79.45165277 0.37696554  
1599        92.82960000 79.46001921 0.37682261  
1600        92.65952000 79.46826890 0.37667737  
1601        74.36832000 79.46508342 0.37645550  
1602        82.51216000 79.46698547 0.37622524  
1603        69.23520000 79.46060257 0.37604464  
1604        62.46640000 79.45000768 0.37595945  
1605        60.36176000 79.43811469 0.37591331  
1606        83.42368000 79.44059636 0.37568737  
1607        57.78672000 79.42712164 0.37569523  
1608        89.10944000 79.43314299 0.37550980  
1609        94.64928000 79.44259988 0.37539548  
1610        84.10048000 79.44549297 0.37517340  
1611        82.99840000 79.44769837 0.37494693  
1612        72.77264000 79.44355752 0.37473714  
1613        76.12720000 79.44150150 0.37451039  
1614        88.69440000 79.44723440 0.37432218  
1615        94.42992000 79.45651160 0.37420535  
1616        93.44816000 79.46516980 0.37407393  
1617        75.57296000 79.46276275 0.37385027  
1618        95.49984000 79.47267441 0.37375059  
1619        87.77408000 79.47780190 0.37355485  
1620        96.39216000 79.48824286 0.37347017  
1621        71.69184000 79.48343324 0.37327069  
1622        58.16864000 79.47029218 0.37327188  
1623        79.81376000 79.47050381 0.37304188  
1624        56.75824000 79.45651842 0.37307433  
1625        82.79888000 79.45857526 0.37285035  
1626        98.76896000 79.47045127 0.37281018  
1627        76.74560000 79.46877650 0.37258473  
1628        98.49504000 79.48046339 0.37253916  
1629        88.32432000 79.48589240 0.37234998  
1630        62.21296000 79.47529551 0.37227232  
1631        89.30768000 79.48132395 0.37209284  
1632        80.05616000 79.48167618 0.37186494  
1633        45.70304000 79.46099116 0.37221236  
1634        58.24224000 79.44800539 0.37221110  
1635        91.63008000 79.45545620 0.37205799  
1636        99.73920000 79.46785457 0.37203715  
1637        89.34432000 79.47388784 0.37185876  
1638        64.15392000 79.46453499 0.37174934  
1639        78.22928000 79.46378133 0.37152322  
1640        81.63728000 79.46510663 0.37129898  
1641        97.24736000 79.47594286 0.37123083  
1642        87.07696000 79.48057199 0.37103356  
1643        99.57408000 79.49280175 0.37100929  
1644        99.66256000 79.50507046 0.37098647  
1645        82.77456000 79.50705799 0.37076620  
1646        92.97296000 79.51523898 0.37063118  
1647        72.83616000 79.51118368 0.37042828  
1648        87.86896000 79.51625515 0.37023817  
1649        73.67600000 79.51271345 0.37003053  
1650        86.82832000 79.51714715 0.36983278  
1651        81.63744000 79.51843140 0.36961093  
1652        66.05488000 79.51028155 0.36947703  
1653        70.44192000 79.50479555 0.36929419  
1654        98.63888000 79.51636392 0.36925211  
1655        92.24880000 79.52405723 0.36910911  
1656        88.04128000 79.52920048 0.36892201  
1657        99.20480000 79.54107471 0.36889045  
1658        60.65232000 79.52968222 0.36884388  
1659        96.34704000 79.53981926 0.36876084  
1660        74.92288000 79.53703798 0.36854912  
1661        62.25472000 79.52663321 0.36847410  
1662        85.02608000 79.52994214 0.36826720  
1663        69.58480000 79.52396190 0.36809426  
1664        90.29152000 79.53043279 0.36792989  
1665        44.55440000 79.50942616 0.36830840  
1666        86.53888000 79.51364552 0.36811144  
1667        96.80032000 79.52401545 0.36803667  
1668        89.29008000 79.52987041 0.36786256  
1669        90.97344000 79.53672695 0.36770602  
1670        81.12992000 79.53768096 0.36748700  
1671        72.63968000 79.53355289 0.36729022  
1672        83.40960000 79.53587110 0.36707780  
1673        93.16592000 79.54401817 0.36694877  
1674        98.42448000 79.55529682 0.36690290  
1675        98.92400000 79.56686023 0.36686607  
1676        81.72000000 79.56814492 0.36664936  
1677        56.33920000 79.55429343 0.36669237  
1678        85.23360000 79.55767800 0.36648940  
1679        90.24480000 79.56404317 0.36632636  
1680        74.90912000 79.56127238 0.36611873  
1681        96.13632000 79.57113261 0.36603370  
1682        76.51280000 79.56931434 0.36582054  
1683        83.34784000 79.57155945 0.36561000  
1684        51.44032000 79.55485444 0.36577449  
1685        58.46224000 79.54233657 0.36577161  
1686        98.18880000 79.55339616 0.36572186  
1687        82.41248000 79.55509093 0.36550894  
1688        93.12272000 79.56312863 0.36538076  
1689        70.32976000 79.55766186 0.36520528  
1690        51.12592000 79.54083834 0.36537664  
1691        85.11520000 79.54413483 0.36517538  
1692        51.24672000 79.52741059 0.36534249  
1693        96.68128000 79.53754282 0.36526719  
1694        73.05296000 79.53371485 0.36507157  
1695        74.59712000 79.53080241 0.36486775  
1696        71.60752000 79.52613066 0.36468247  
1697        74.48448000 79.52315974 0.36447962  
1698        87.60656000 79.52792028 0.36429601  
1699        97.58784000 79.53855002 0.36423667  
1700        62.81440000 79.52871228 0.36415526  
1701        64.27152000 79.51974274 0.36405163  
1702        65.76256000 79.51165979 0.36392744  
1703        68.29776000 79.50507500 0.36377328  
1704        99.19984000 79.51663296 0.36374341  
1705        56.18672000 79.50294972 0.36378744  
1706        71.86352000 79.49847175 0.36360171  
1707        81.85632000 79.49985303 0.36339127  
1708        84.85040000 79.50298567 0.36319195  
1709        96.45232000 79.51290336 0.36311484  
1710        67.20304000 79.50570461 0.36297382  
1711        76.92496000 79.50419628 0.36276476  
1712        94.94224000 79.51321383 0.36266492  
1713        89.23648000 79.51888999 0.36249759  
1714        82.17040000 79.52043697 0.36228934  
1715        97.49120000 79.53091555 0.36222963  
1716        96.30704000 79.54069184 0.36215046  
1717        95.37232000 79.54991236 0.36205690  
1718        59.01376000 79.53795884 0.36204348  
1719        58.67120000 79.52581994 0.36203637  
1720        90.20496000 79.53202874 0.36187909  
1721        86.31264000 79.53596867 0.36169022  
1722        89.71440000 79.54187949 0.36152844  
1723        71.01648000 79.53693149 0.36135243  
1724        60.66544000 79.52598515 0.36130862  
1725        91.91824000 79.53316907 0.36117056  
1726        96.91024000 79.54323689 0.36110163  
1727        62.91328000 79.53360750 0.36102092  
1728        92.48128000 79.54110037 0.36088973  
1729        85.70448000 79.54466508 0.36069855  
1730        73.75568000 79.54131884 0.36050553  
1731        69.55776000 79.53555133 0.36034336  
1732        75.70128000 79.53333755 0.36014206  
1733        85.52560000 79.53679529 0.35995079  
1734        70.01296000 79.53130288 0.35978507  
1735        88.27248000 79.53634103 0.35961294  
1736        91.58560000 79.54328184 0.35947274  
1737        63.83520000 79.53423862 0.35937953  
1738        65.31216000 79.52605560 0.35926589  
1739        85.69248000 79.52960156 0.35907675  
1740        95.74048000 79.53891816 0.35899124  
1741        85.68768000 79.54244990 0.35880236  
1742        96.93040000 79.55243150 0.35873523  
1743        56.98576000 79.53948448 0.35876304  
1744        74.71296000 79.53671697 0.35856795  
1745        86.43744000 79.54067154 0.35838423  
1746        45.09392000 79.52094259 0.35872185  
1747        65.63504000 79.51299416 0.35860455  
1748        89.72000000 79.51883341 0.35844691  
1749        92.85616000 79.52645910 0.35832306  
1750        85.75600000 79.53001883 0.35813593  
1751        69.70528000 79.52440790 0.35797532  
1752        73.51136000 79.52097580 0.35778740  
1753        78.46096000 79.52037111 0.35758375  
1754        52.82016000 79.50514864 0.35770388  
1755        61.57264000 79.49493069 0.35764599  
1756        90.60928000 79.50126005 0.35749830  
1757        78.95152000 79.50094716 0.35729490  
1758        66.39248000 79.49349069 0.35716945  
1759        93.83248000 79.50164248 0.35705940  
1760        89.47296000 79.50730800 0.35690144  
1761        79.66192000 79.50739580 0.35669873  
1762        72.66336000 79.50351156 0.35651739  
1763        90.92960000 79.50999260 0.35637405  
1764        76.57232000 79.50832726 0.35617586  
1765        96.78096000 79.51811345 0.35610849  
1766        92.92480000 79.52570501 0.35598774  
1767        81.46640000 79.52680331 0.35578792  
1768        44.28256000 79.50686878 0.35614496  
1769        93.79408000 79.51494521 0.35603519  
1770        84.29376000 79.51764511 0.35584423  
1771        90.59280000 79.52389872 0.35569822  
1772        60.93728000 79.51340966 0.35565214  
1773        93.89216000 79.52151950 0.35554399  
1774        90.16576000 79.52751964 0.35539417  
1775        86.93408000 79.53169235 0.35521840  
1776        84.69024000 79.53459694 0.35503022  
1777        86.51312000 79.53852407 0.35485210  
1778        80.23872000 79.53891789 0.35465268  
1779        94.86112000 79.54753070 0.35455790  
1780        99.61088000 79.55880225 0.35453787  
1781        79.90192000 79.55899490 0.35433880  
1782        58.26976000 79.54704808 0.35434135  
1783        74.72016000 79.54434091 0.35415291  
1784        83.92016000 79.54679372 0.35396284  
1785        82.71376000 79.54856793 0.35376893  
1786        75.62416000 79.54637062 0.35357763  
1787        48.50128000 79.52899787 0.35380649  
1788        25.01312000 79.49850801 0.35492061  
1789        73.46960000 79.49513802 0.35473818  
1790        98.45232000 79.50572863 0.35469809  
1791        57.98832000 79.49371444 0.35470351  
1792        91.44000000 79.50038089 0.35456819  
1793        75.11952000 79.49793758 0.35437881  
1794        85.93168000 79.50152384 0.35419938  
1795        74.89728000 79.49895880 0.35401129  
1796        93.44192000 79.50672214 0.35389928  
1797        89.80528000 79.51245311 0.35374872  
1798        89.38928000 79.51794634 0.35359459  
1799        67.47584000 79.51125256 0.35346137  
1800        89.47728000 79.51678924 0.35330833  
1801        96.55408000 79.52624915 0.35323880  
1802        91.52992000 79.53291046 0.35310556  
1803        79.72976000 79.53301963 0.35290968  
1804        88.35536000 79.53791007 0.35274790  
1805        96.63584000 79.54738260 0.35267965  
1806        29.14624000 79.51947499 0.35358736  
1807        63.71264000 79.51072744 0.35349988  
1808        88.45712000 79.51567566 0.35333896  
1809        75.86096000 79.51365537 0.35314936  
1810        99.38544000 79.52463425 0.35312491  
1811        59.09920000 79.51335572 0.35311003  
1812        90.06224000 79.51917740 0.35296312  
1813        87.40480000 79.52352688 0.35279519  
1814        95.84016000 79.53252172 0.35271537  
1815        63.63952000 79.52376525 0.35262972  
1816        87.17968000 79.52798106 0.35246070  
1817        56.67920000 79.51540605 0.35249104  
1818        70.49584000 79.51044480 0.35233203  
1819        73.54752000 79.50716666 0.35215354  
1820        77.83712000 79.50624905 0.35196119  
1821        66.47104000 79.49909079 0.35184068  
1822        98.58640000 79.50956681 0.35180354  
1823        97.47600000 79.51942223 0.35174860  
1824        83.24000000 79.52146202 0.35156162  
1825        78.99664000 79.52117444 0.35136904  
1826        83.61424000 79.52341599 0.35118372  
1827        95.32384000 79.53206428 0.35109798  
1828        94.56096000 79.54028578 0.35100216  
1829        55.48592000 79.52713413 0.35105663  
1830        45.46800000 79.50852258 0.35135802  
1831        95.55152000 79.51728446 0.35127537  
1832        70.16240000 79.51217808 0.35112070  
1833        99.59584000 79.52313480 0.35110010  
1834        64.82640000 79.51512131 0.35100010  
1835        98.41584000 79.52542143 0.35095994  
1836        80.10704000 79.52573821 0.35076888  
1837        94.64864000 79.53397060 0.35067452  
1838        82.15456000 79.53539639 0.35048658  
1839        96.30432000 79.54451489 0.35041460  
1840        75.56864000 79.54235409 0.35023078  
1841        65.81328000 79.53489669 0.35011991  
1842        88.95408000 79.54001025 0.34996715  
1843        98.07136000 79.55006524 0.34992170  
1844        91.78752000 79.55670161 0.34979484  
1845        60.10368000 79.54615796 0.34976416  
1846        82.50144000 79.54775887 0.34957830  
1847        57.92368000 79.53605120 0.34958508  
1848        89.35664000 79.54136537 0.34943627  
1849        96.08752000 79.55031407 0.34936186  
1850        65.41712000 79.54267451 0.34925653  
1851        63.56416000 79.53404214 0.34917451  
1852        67.90464000 79.52776276 0.34904241  
1853        95.63552000 79.53645556 0.34896228  
1854        87.90320000 79.54096837 0.34880321  
1855        82.45376000 79.54253861 0.34861866  
1856        91.19088000 79.54881466 0.34848729  
1857        76.52672000 79.54718725 0.34830338  
1858        73.74384000 79.54406381 0.34812988  
1859        69.47920000 79.53864968 0.34798468  
1860        67.62064000 79.53224215 0.34785656  
1861        97.25120000 79.54176335 0.34779994  
1862        55.93680000 79.52908614 0.34784419  
1863        79.42816000 79.52903197 0.34765743  
1864        66.02160000 79.52178549 0.34754643  
1865        36.55792000 79.49874857 0.34812309  
1866        73.72064000 79.49565205 0.34795026  
1867        63.28944000 79.48697170 0.34787216  
1868        93.60736000 79.49453079 0.34776804  
1869        98.42288000 79.50465832 0.34772943  
1870        95.62272000 79.51327760 0.34765030  
1871        97.97920000 79.52314715 0.34760458  
1872        98.49792000 79.53328325 0.34756667  
1873        53.78576000 79.51953657 0.34765294  
1874        79.36848000 79.51945597 0.34746739  
1875        64.57296000 79.51148450 0.34737350  
1876        81.67008000 79.51263514 0.34719019  
1877        77.57008000 79.51160021 0.34700671  
1878        65.30448000 79.50403519 0.34690439  
1879        52.24752000 79.48952932 0.34702303  
1880        45.88368000 79.47165387 0.34729872  
1881        98.79376000 79.48192612 0.34726600  
1882        97.79680000 79.49165773 0.34721783  
1883        75.75104000 79.48967121 0.34703907  
1884        75.67312000 79.48764544 0.34686074  
1885        82.46000000 79.48922228 0.34668026  
1886        42.85120000 79.46979597 0.34704054  
1887        63.93024000 79.46156091 0.34695432  
1888        89.03088000 79.46662941 0.34680754  
1889        66.30304000 79.45966086 0.34669394  
1890        79.34016000 79.45959763 0.34651046  
1891        85.02992000 79.46254333 0.34633970  
1892        84.06256000 79.46497463 0.34616514  
1893        89.27536000 79.47015708 0.34602103  
1894        95.04416000 79.47837989 0.34593603  
1895        88.84512000 79.48332277 0.34578876  
1896        60.68560000 79.47340835 0.34574851  
1897        64.88656000 79.46571892 0.34565175  
1898        99.13888000 79.47608413 0.34562504  
1899        74.44288000 79.47343368 0.34545316  
1900        90.06064000 79.47900589 0.34531626  
1901        81.50784000 79.48007314 0.34513621  
1902        93.90928000 79.48765947 0.34503811  
1903        77.07344000 79.48639084 0.34485908  
1904        69.05296000 79.48091109 0.34472147  
1905        95.78752000 79.48947099 0.34464678  
1906        94.81664000 79.49751253 0.34455976  
1907        80.60992000 79.49809586 0.34437953  
1908        66.19728000 79.49112478 0.34426958  
1909        77.10736000 79.48987608 0.34409145  
1910        70.49952000 79.48516909 0.34394346  
1911        43.62432000 79.46640360 0.34427524  
1912        75.14432000 79.46414310 0.34410256  
1913        14.15328000 79.43000255 0.34561302  
1914        76.45008000 79.42844564 0.34543591  
1915        85.91216000 79.43183139 0.34527208  
1916        92.15168000 79.43847015 0.34515568  
1917        85.73728000 79.44175591 0.34499123  
1918        67.30560000 79.43542840 0.34486936  
1919        85.83568000 79.43876361 0.34470574  
1920        72.36720000 79.43508050 0.34454584  
1921        59.34480000 79.42462226 0.34452521  
1922        86.24272000 79.42816966 0.34436418  
1923        94.38800000 79.43594908 0.34427296  
1924        87.14400000 79.43995534 0.34411730  
1925        75.29552000 79.43780239 0.34394523  
1926        78.49312000 79.43731190 0.34376695  
1927        77.31872000 79.43621248 0.34359027  
1928        69.83280000 79.43123145 0.34344814  
1929        58.65424000 79.42046059 0.34343898  
1930        41.00480000 79.40055610 0.34383760  
1931        58.14640000 79.38954929 0.34383571  
1932        82.03760000 79.39091992 0.34366043  
1933        52.93888000 79.37723547 0.34375509  
1934        89.38768000 79.38241150 0.34361628  
1935        84.72832000 79.38517424 0.34344977  
1936        92.75664000 79.39208099 0.34334180  
1937        93.58240000 79.39940692 0.34324269  
1938        99.53936000 79.40979905 0.34322289  
1939        78.27744000 79.40921506 0.34304633  
1940        85.29312000 79.41224800 0.34288288  
1941        73.98800000 79.40945344 0.34271757  
1942        86.56928000 79.41314027 0.34256089  
1943        81.83696000 79.41438773 0.34238681  
1944        82.09008000 79.41576412 0.34221341  
1945        98.60496000 79.42563003 0.34217968  
1946        90.57392000 79.43135885 0.34205177  
1947        76.56608000 79.42988721 0.34187921  
1948        74.76048000 79.42749018 0.34171207  
1949        86.49456000 79.43111618 0.34155595  
1950        82.54560000 79.43271335 0.34138448  
1951        49.80816000 79.41752906 0.34154715  
1952        80.63664000 79.41815361 0.34137271  
1953        85.95728000 79.42150185 0.34121430  
1954        91.41584000 79.42764020 0.34109487  
1955        97.53760000 79.43690361 0.34104618  
1956        79.04672000 79.43670413 0.34087183  
1957        63.20800000 79.42841149 0.34079851  
1958        80.21888000 79.42881520 0.34062465  
1959        89.30864000 79.43385850 0.34048808  
1960        76.31760000 79.43226857 0.34031804  
1961        82.92560000 79.43404997 0.34014911  
1962        82.57888000 79.43565284 0.33997948  
1963        88.97552000 79.44051268 0.33984099  
1964        96.29344000 79.44909360 0.33977628  
1965        76.81184000 79.44775149 0.33960598  
1966        95.70160000 79.45601896 0.33953386  
1967        79.80208000 79.45619490 0.33936125  
1968        96.53472000 79.46487301 0.33929976  
1969        79.71424000 79.46499965 0.33912742  
1970        98.40400000 79.47461336 0.33909154  
1971        76.35264000 79.47302941 0.33892316  
1972        60.61440000 79.46346621 0.33888621  
1973        83.02864000 79.46527319 0.33871922  
1974        61.39216000 79.45611761 0.33867137  
1975        90.28832000 79.46160227 0.33854427  
1976        98.41664000 79.47119490 0.33850885  
1977        83.61168000 79.47328923 0.33834406  
1978        73.88880000 79.47046593 0.33818475  
1979        89.53904000 79.47555363 0.33805211  
1980        73.16176000 79.47236485 0.33789638  
1981        64.98176000 79.46505006 0.33780497  
1982        73.88416000 79.46223427 0.33764623  
1983        90.91136000 79.46800791 0.33752531  
1984        62.84960000 79.45963169 0.33745911  
1985        83.71072000 79.46177330 0.33729586  
1986        99.28880000 79.47175670 0.33727377  
1987        99.71072000 79.48194239 0.33725783  
1988        82.79280000 79.48360781 0.33709226  
1989        32.58768000 79.46003017 0.33774670  
1990        82.71152000 79.46166408 0.33758089  
1991        65.28784000 79.45454513 0.33748639  
1992        79.16672000 79.45440064 0.33731696  
1993        91.46000000 79.46042453 0.33720147  
1994        91.77136000 79.46659852 0.33708887  
1995        67.49584000 79.46059814 0.33697329  
1996        78.76400000 79.46024914 0.33680460  
1997        54.55648000 79.44777855 0.33686681  
1998        82.05168000 79.44908180 0.33670069  
1999        79.80896000 79.44926183 0.33653226  
2000        83.41504000 79.45124472 0.33636980  
