1           -0.99320000 -0.99320000 0.00000000  
2           -0.96808000 -0.98064000 0.01256000  
3           -0.97328000 -0.97818667 0.00765528  
4           -0.95640000 -0.97274000 0.00767905  
5           -0.95008000 -0.96820800 0.00747795  
6           -0.95816000 -0.96653333 0.00633122  
7           -0.96872000 -0.96684571 0.00535997  
8           -0.98664000 -0.96932000 0.00526014  
9           -0.92024000 -0.96386667 0.00715955  
10          -0.97824000 -0.96530400 0.00656302  
11          -0.98848000 -0.96741091 0.00629927  
12          -0.98200000 -0.96862667 0.00587754  
13          -0.99208000 -0.97043077 0.00569961  
14          -0.99280000 -0.97202857 0.00551341  
15          -0.96704000 -0.97169600 0.00514347  
16          -0.98600000 -0.97259000 0.00489363  
17          -0.97784000 -0.97289882 0.00460713  
18          -0.96736000 -0.97259111 0.00435453  
19          -0.96952000 -0.97242947 0.00412214  
20          -0.98832000 -0.97322400 0.00399050  
21          -0.97416000 -0.97326857 0.00379599  
22          -0.98648000 -0.97386909 0.00366881  
23          -0.97096000 -0.97374261 0.00350795  
24          -0.98808000 -0.97434000 0.00341132  
25          -0.95144000 -0.97342400 0.00339783  
26          -0.98400000 -0.97383077 0.00328977  
27          -0.99800000 -0.97472593 0.00328971  
28          -0.99016000 -0.97527714 0.00321761  
29          -0.96320000 -0.97486069 0.00313249  
30          -0.95904000 -0.97433333 0.00307187  
31          -0.97880000 -0.97447742 0.00297462  
32          -0.96832000 -0.97428500 0.00288659  
33          -0.96760000 -0.97408242 0.00280507  
34          -0.98104000 -0.97428706 0.00272900  
35          -0.95176000 -0.97364343 0.00272693  
36          -0.96336000 -0.97335778 0.00266545  
37          -0.96000000 -0.97299676 0.00261743  
38          -0.98504000 -0.97331368 0.00256725  
39          -0.97576000 -0.97337641 0.00250135  
40          -0.98640000 -0.97370200 0.00245966  
41          -0.96808000 -0.97356488 0.00240283  
42          -0.96792000 -0.97343048 0.00234877  
43          -0.95800000 -0.97307163 0.00232140  
44          -0.99128000 -0.97348545 0.00230547  
45          -0.99528000 -0.97396978 0.00230511  
46          -0.97392000 -0.97396870 0.00225444  
47          -0.97624000 -0.97401702 0.00220649  
48          -0.94832000 -0.97348167 0.00222538  
49          -0.94408000 -0.97288163 0.00226058  
50          -0.97312000 -0.97288640 0.00221491  
51          -0.98112000 -0.97304784 0.00217704  
52          -0.96728000 -0.97293692 0.00213765  
53          -0.94568000 -0.97242264 0.00215907  
54          -0.94536000 -0.97192148 0.00217718  
55          -0.98664000 -0.97218909 0.00215391  
56          -0.97392000 -0.97222000 0.00211533  
57          -0.97440000 -0.97225825 0.00207824  
58          -0.96224000 -0.97208552 0.00204938  
59          -0.97944000 -0.97221017 0.00201820  
60          -0.97192000 -0.97220533 0.00198428  
61          -0.95248000 -0.97188197 0.00197809  
62          -0.97448000 -0.97192387 0.00194638  
63          -0.92920000 -0.97124571 0.00203175  
64          -0.96032000 -0.97107500 0.00200703  
65          -0.96520000 -0.97098462 0.00197798  
66          -0.97800000 -0.97109091 0.00195067  
67          -0.96568000 -0.97101015 0.00192304  
68          -0.98112000 -0.97115882 0.00190037  
69          -0.98984000 -0.97142957 0.00189210  
70          -0.96928000 -0.97139886 0.00186512  
71          -0.97152000 -0.97140056 0.00183867  
72          -0.96960000 -0.97137556 0.00181312  
73          -0.96256000 -0.97125479 0.00179219  
74          -0.98600000 -0.97145405 0.00177900  
75          -0.96160000 -0.97132267 0.00176003  
76          -0.98816000 -0.97154421 0.00175079  
77          -0.97632000 -0.97160623 0.00172901  
78          -0.96320000 -0.97149846 0.00171010  
79          -0.97976000 -0.97160304 0.00169155  
80          -0.99232000 -0.97186200 0.00169023  
81          -0.99264000 -0.97211852 0.00168883  
82          -0.98336000 -0.97225561 0.00167373  
83          -0.96504000 -0.97216867 0.00165572  
84          -0.96784000 -0.97211714 0.00163671  
85          -0.95960000 -0.97196988 0.00162403  
86          -0.98560000 -0.97212837 0.00161284  
87          -0.97104000 -0.97211586 0.00159424  
88          -0.98336000 -0.97224364 0.00158119  
89          -0.98616000 -0.97240000 0.00157112  
90          -0.98864000 -0.97258044 0.00156401  
91          -0.98096000 -0.97267253 0.00154947  
92          -0.98392000 -0.97279478 0.00153740  
93          -0.93736000 -0.97241376 0.00156779  
94          -0.97880000 -0.97248170 0.00155250  
95          -0.98368000 -0.97259958 0.00154059  
96          -0.98600000 -0.97273917 0.00153084  
97          -0.94240000 -0.97242639 0.00154692  
98          -0.99208000 -0.97262694 0.00154414  
99          -0.96600000 -0.97256000 0.00152992  
100         -0.96776000 -0.97251200 0.00151531  
101         -0.93400000 -0.97213069 0.00154793  
102         -0.93896000 -0.97180549 0.00156680  
103         -0.99440000 -0.97202485 0.00156694  
104         -0.99632000 -0.97225846 0.00156929  
105         -0.97456000 -0.97228038 0.00155443  
106         -0.97160000 -0.97227396 0.00153970  
107         -0.97936000 -0.97234019 0.00152668  
108         -0.98936000 -0.97249778 0.00152067  
109         -0.97216000 -0.97249468 0.00150666  
110         -0.98552000 -0.97261309 0.00149759  
111         -0.98888000 -0.97275964 0.00149125  
112         -0.99280000 -0.97293857 0.00148867  
113         -0.99368000 -0.97312212 0.00148681  
114         -0.94480000 -0.97287368 0.00149450  
115         -0.96224000 -0.97278122 0.00148433  
116         -0.94840000 -0.97257103 0.00148642  
117         -0.96616000 -0.97251624 0.00147468  
118         -0.97592000 -0.97254508 0.00146241  
119         -0.97224000 -0.97254252 0.00145007  
120         -0.98048000 -0.97260867 0.00143946  
121         -0.97928000 -0.97266380 0.00142858  
122         -0.97248000 -0.97266230 0.00141682  
123         -0.98160000 -0.97273496 0.00140713  
124         -0.97240000 -0.97273226 0.00139574  
125         -0.98528000 -0.97283264 0.00138816  
126         -0.98352000 -0.97291746 0.00137971  
127         -0.99016000 -0.97305323 0.00137552  
128         -0.97024000 -0.97303125 0.00136491  
129         -0.94888000 -0.97284403 0.00136717  
130         -0.94728000 -0.97264738 0.00137079  
131         -0.96504000 -0.97258931 0.00136152  
132         -0.96424000 -0.97252606 0.00135265  
133         -0.97832000 -0.97256962 0.00134315  
134         -0.97424000 -0.97258209 0.00133314  
135         -0.97752000 -0.97261867 0.00132374  
136         -0.95328000 -0.97247647 0.00132164  
137         -0.96376000 -0.97241285 0.00131350  
138         -0.94616000 -0.97222261 0.00131775  
139         -0.96776000 -0.97219050 0.00130863  
140         -0.95016000 -0.97203314 0.00130874  
141         -0.99232000 -0.97217702 0.00130737  
142         -0.95576000 -0.97206141 0.00130327  
143         -0.98384000 -0.97214378 0.00129674  
144         -0.97832000 -0.97218667 0.00128842  
145         -0.98336000 -0.97226372 0.00128182  
146         -0.98968000 -0.97238301 0.00127859  
147         -0.98360000 -0.97245932 0.00127215  
148         -0.96552000 -0.97241243 0.00126439  
149         -0.95696000 -0.97230872 0.00126015  
150         -0.97112000 -0.97230080 0.00125175  
151         -0.97768000 -0.97233642 0.00124394  
152         -0.95920000 -0.97225000 0.00123875  
153         -0.98464000 -0.97233098 0.00123329  
154         -0.97864000 -0.97237195 0.00122594  
155         -0.99064000 -0.97248981 0.00122369  
156         -0.95672000 -0.97238872 0.00122002  
157         -0.97728000 -0.97241987 0.00121262  
158         -0.97760000 -0.97245266 0.00120537  
159         -0.98240000 -0.97251522 0.00119940  
160         -0.96992000 -0.97249900 0.00119199  
161         -0.96904000 -0.97247752 0.00118476  
162         -0.97784000 -0.97251062 0.00117789  
163         -0.94784000 -0.97235926 0.00118038  
164         -0.96792000 -0.97233220 0.00117347  
165         -0.97560000 -0.97235200 0.00116651  
166         -0.96472000 -0.97230602 0.00116037  
167         -0.97488000 -0.97232144 0.00115350  
168         -0.96240000 -0.97226238 0.00114814  
169         -0.99680000 -0.97240757 0.00115052  
170         -0.98128000 -0.97245976 0.00114492  
171         -0.99648000 -0.97260023 0.00114684  
172         -0.96472000 -0.97255442 0.00114108  
173         -0.98000000 -0.97259746 0.00113528  
174         -0.97688000 -0.97262207 0.00112900  
175         -0.95080000 -0.97249737 0.00112944  
176         -0.98912000 -0.97259182 0.00112697  
177         -0.99256000 -0.97270463 0.00112625  
178         -0.98672000 -0.97278337 0.00112267  
179         -0.98920000 -0.97287508 0.00112014  
180         -0.97312000 -0.97287644 0.00111390  
181         -0.94704000 -0.97273370 0.00111689  
182         -0.98168000 -0.97278286 0.00111182  
183         -0.99864000 -0.97292415 0.00111472  
184         -0.99816000 -0.97306130 0.00111709  
185         -0.98232000 -0.97311135 0.00111217  
186         -0.97344000 -0.97311312 0.00110617  
187         -0.99272000 -0.97321797 0.00110523  
188         -0.94840000 -0.97308596 0.00110723  
189         -0.97776000 -0.97311069 0.00110163  
190         -0.97176000 -0.97310358 0.00109584  
191         -0.99488000 -0.97321759 0.00109604  
192         -0.99488000 -0.97333042 0.00109613  
193         -0.98840000 -0.97340850 0.00109323  
194         -0.97184000 -0.97340041 0.00108761  
195         -0.94992000 -0.97328000 0.00108870  
196         -0.99176000 -0.97337429 0.00108723  
197         -0.97216000 -0.97336812 0.00108171  
198         -0.99856000 -0.97349535 0.00108373  
199         -0.97240000 -0.97348985 0.00107828  
200         -0.97120000 -0.97347840 0.00107294  
201         -0.99400000 -0.97358050 0.00107246  
202         -0.97520000 -0.97358851 0.00106717  
203         -0.96488000 -0.97354562 0.00106276  
204         -0.98368000 -0.97359529 0.00105871  
205         -0.99544000 -0.97370185 0.00105891  
206         -0.98392000 -0.97375146 0.00105492  
207         -0.97744000 -0.97376928 0.00104996  
208         -0.98600000 -0.97382808 0.00104655  
209         -0.97240000 -0.97382124 0.00104156  
210         -0.95328000 -0.97372343 0.00104119  
211         -0.97152000 -0.97371299 0.00103630  
212         -0.98080000 -0.97374642 0.00103194  
213         -0.99584000 -0.97385014 0.00103231  
214         -0.99240000 -0.97393682 0.00103112  
215         -0.96760000 -0.97390735 0.00102674  
216         -0.94336000 -0.97376593 0.00103171  
217         -0.97608000 -0.97377659 0.00102700  
218         -0.97080000 -0.97376294 0.00102237  
219         -0.99312000 -0.97385132 0.00102152  
220         -0.99104000 -0.97392945 0.00101987  
221         -0.98184000 -0.97396525 0.00101587  
222         -0.98400000 -0.97401045 0.00101230  
223         -0.99056000 -0.97408466 0.00101048  
224         -0.99168000 -0.97416321 0.00100902  
225         -0.96592000 -0.97412658 0.00100519  
226         -0.98160000 -0.97415965 0.00100128  
227         -0.95776000 -0.97408740 0.00099947  
228         -0.98480000 -0.97413439 0.00099619  
229         -0.97784000 -0.97415057 0.00099196  
230         -0.97584000 -0.97415791 0.00098766  
231         -0.96448000 -0.97411602 0.00098427  
232         -0.97776000 -0.97413172 0.00098015  
233         -0.93472000 -0.97396258 0.00099048  
234         -0.95304000 -0.97387316 0.00099028  
235         -0.94232000 -0.97373889 0.00099516  
236         -0.97192000 -0.97373119 0.00099096  
237         -0.98128000 -0.97376304 0.00098729  
238         -0.98384000 -0.97380538 0.00098404  
239         -0.99544000 -0.97389590 0.00098409  
240         -0.99176000 -0.97397033 0.00098280  
241         -0.96848000 -0.97394755 0.00097898  
242         -0.96544000 -0.97391240 0.00097556  
243         -0.99720000 -0.97400823 0.00097625  
244         -0.97984000 -0.97403213 0.00097254  
245         -0.95312000 -0.97394678 0.00097231  
246         -0.97024000 -0.97393171 0.00096847  
247         -0.98768000 -0.97398737 0.00096615  
248         -0.99512000 -0.97407258 0.00096601  
249         -0.94832000 -0.97396916 0.00096766  
250         -0.95280000 -0.97388448 0.00096750  
251         -0.96872000 -0.97386390 0.00096385  
252         -0.98248000 -0.97389810 0.00096063  
253         -0.98032000 -0.97392348 0.00095716  
254         -0.98040000 -0.97394898 0.00095373  
255         -0.99400000 -0.97402761 0.00095323  
256         -0.97600000 -0.97403531 0.00094953  
257         -0.94464000 -0.97392093 0.00095272  
258         -0.98536000 -0.97396527 0.00095005  
259         -0.94880000 -0.97386811 0.00095135  
260         -0.96480000 -0.97383323 0.00094833  
261         -0.98728000 -0.97388475 0.00094609  
262         -0.95616000 -0.97381710 0.00094490  
263         -0.99456000 -0.97389597 0.00094460  
264         -0.97552000 -0.97390212 0.00094103  
265         -0.99328000 -0.97397525 0.00094032  
266         -0.98048000 -0.97399970 0.00093710  
267         -0.97888000 -0.97401798 0.00093376  
268         -0.96184000 -0.97397254 0.00093138  
269         -0.98824000 -0.97402558 0.00092943  
270         -0.95936000 -0.97397126 0.00092757  
271         -0.96024000 -0.97392059 0.00092553  
272         -0.95624000 -0.97385559 0.00092441  
273         -0.93712000 -0.97372103 0.00093079  
274         -0.96880000 -0.97370307 0.00092756  
275         -0.97520000 -0.97370851 0.00092420  
276         -0.98048000 -0.97373304 0.00092117  
277         -0.94736000 -0.97363783 0.00092277  
278         -0.97576000 -0.97364547 0.00091947  
279         -0.94736000 -0.97355125 0.00092100  
280         -0.98672000 -0.97359829 0.00091891  
281         -0.97368000 -0.97359858 0.00091564  
282         -0.96968000 -0.97358468 0.00091249  
283         -0.95960000 -0.97353527 0.00091060  
284         -0.97680000 -0.97354676 0.00090746  
285         -0.97824000 -0.97356323 0.00090442  
286         -0.94360000 -0.97345846 0.00090732  
287         -0.97776000 -0.97347345 0.00090428  
288         -0.96688000 -0.97345056 0.00090143  
289         -0.98944000 -0.97350588 0.00090000  
290         -0.99536000 -0.97358124 0.00090006  
291         -0.98752000 -0.97362914 0.00089823  
292         -0.98264000 -0.97366000 0.00089569  
293         -0.98800000 -0.97370894 0.00089396  
294         -0.99784000 -0.97379102 0.00089469  
295         -0.99480000 -0.97386224 0.00089449  
296         -0.99144000 -0.97392162 0.00089344  
297         -0.99352000 -0.97398761 0.00089287  
298         -0.97312000 -0.97398470 0.00088987  
299         -0.96184000 -0.97394408 0.00088782  
300         -0.98224000 -0.97397173 0.00088529  
301         -0.97792000 -0.97398485 0.00088244  
302         -0.98152000 -0.97400980 0.00087987  
303         -0.97280000 -0.97400581 0.00087697  
304         -0.96920000 -0.97399000 0.00087422  
305         -0.97216000 -0.97398400 0.00087137  
306         -0.98392000 -0.97401647 0.00086913  
307         -0.99328000 -0.97407922 0.00086856  
308         -0.96424000 -0.97404727 0.00086632  
309         -0.98040000 -0.97406783 0.00086376  
310         -0.96192000 -0.97402865 0.00086186  
311         -0.98520000 -0.97406457 0.00085984  
312         -0.99256000 -0.97412385 0.00085912  
313         -0.98072000 -0.97414492 0.00085663  
314         -0.96896000 -0.97412841 0.00085406  
315         -0.99040000 -0.97418006 0.00085291  
316         -0.98568000 -0.97421646 0.00085099  
317         -0.96104000 -0.97417489 0.00084931  
318         -0.97608000 -0.97418088 0.00084666  
319         -0.98448000 -0.97421317 0.00084462  
320         -0.99472000 -0.97427725 0.00084441  
321         -0.98136000 -0.97429931 0.00084207  
322         -0.97000000 -0.97428596 0.00083955  
323         -0.98968000 -0.97433362 0.00083831  
324         -0.99128000 -0.97438593 0.00083735  
325         -0.96032000 -0.97434265 0.00083589  
326         -0.99400000 -0.97440294 0.00083550  
327         -0.99472000 -0.97446508 0.00083526  
328         -0.99056000 -0.97451415 0.00083415  
329         -0.96192000 -0.97447587 0.00083249  
330         -0.99168000 -0.97452800 0.00083160  
331         -0.98648000 -0.97456411 0.00082987  
332         -0.98768000 -0.97460361 0.00082831  
333         -0.97840000 -0.97461502 0.00082590  
334         -0.95656000 -0.97456096 0.00082519  
335         -0.95208000 -0.97449385 0.00082546  
336         -0.99440000 -0.97455310 0.00082513  
337         -0.99352000 -0.97460938 0.00082460  
338         -0.96352000 -0.97457657 0.00082281  
339         -0.98072000 -0.97459469 0.00082058  
340         -0.99344000 -0.97465012 0.00082004  
341         -0.96656000 -0.97462639 0.00081797  
342         -0.98312000 -0.97465123 0.00081596  
343         -0.93176000 -0.97452618 0.00082313  
344         -0.96008000 -0.97448419 0.00082180  
345         -0.96728000 -0.97446330 0.00081969  
346         -0.94168000 -0.97436855 0.00082279  
347         -0.97384000 -0.97436703 0.00082041  
348         -0.97856000 -0.97437908 0.00081814  
349         -0.97456000 -0.97437960 0.00081579  
350         -0.95088000 -0.97431246 0.00081623  
351         -0.96016000 -0.97427214 0.00081490  
352         -0.97128000 -0.97426364 0.00081262  
353         -0.94944000 -0.97419331 0.00081336  
354         -0.98456000 -0.97422260 0.00081159  
355         -0.97656000 -0.97422918 0.00080933  
356         -0.95080000 -0.97416337 0.00080973  
357         -0.96728000 -0.97414409 0.00080769  
358         -0.97528000 -0.97414726 0.00080543  
359         -0.97184000 -0.97414084 0.00080321  
360         -0.99712000 -0.97420467 0.00080352  
361         -0.98736000 -0.97424111 0.00080212  
362         -0.98832000 -0.97428000 0.00080084  
363         -0.99360000 -0.97433322 0.00080041  
364         -0.95952000 -0.97429253 0.00079924  
365         -0.96768000 -0.97427441 0.00079725  
366         -0.99112000 -0.97432044 0.00079640  
367         -0.98512000 -0.97434986 0.00079478  
368         -0.99216000 -0.97439826 0.00079409  
369         -0.96200000 -0.97436466 0.00079265  
370         -0.96008000 -0.97432605 0.00079144  
371         -0.97704000 -0.97433337 0.00078934  
372         -0.95272000 -0.97427527 0.00078936  
373         -0.96520000 -0.97425094 0.00078762  
374         -0.99672000 -0.97431102 0.00078780  
375         -0.98096000 -0.97432875 0.00078590  
376         -0.99504000 -0.97438383 0.00078574  
377         -0.97968000 -0.97439788 0.00078378  
378         -0.93768000 -0.97430074 0.00078771  
379         -0.96984000 -0.97428897 0.00078572  
380         -0.97032000 -0.97427853 0.00078372  
381         -0.99112000 -0.97432273 0.00078291  
382         -0.97784000 -0.97433194 0.00078091  
383         -0.92504000 -0.97420324 0.00078943  
384         -0.96992000 -0.97419208 0.00078745  
385         -0.96904000 -0.97417870 0.00078552  
386         -0.94416000 -0.97410093 0.00078733  
387         -0.97792000 -0.97411080 0.00078535  
388         -0.98040000 -0.97412701 0.00078349  
389         -0.97832000 -0.97413779 0.00078155  
390         -0.99544000 -0.97419241 0.00078146  
391         -0.98008000 -0.97420747 0.00077960  
392         -0.97504000 -0.97420959 0.00077761  
393         -0.99840000 -0.97427115 0.00077807  
394         -0.97176000 -0.97426477 0.00077612  
395         -0.95088000 -0.97420557 0.00077641  
396         -0.95048000 -0.97414566 0.00077676  
397         -0.98048000 -0.97416161 0.00077497  
398         -0.94880000 -0.97409789 0.00077564  
399         -0.97376000 -0.97409704 0.00077369  
400         -0.97824000 -0.97410740 0.00077183  
401         -0.99632000 -0.97416279 0.00077189  
402         -0.99440000 -0.97421313 0.00077161  
403         -0.95896000 -0.97417529 0.00077062  
404         -0.99864000 -0.97423584 0.00077110  
405         -0.95640000 -0.97419180 0.00077045  
406         -0.92880000 -0.97408000 0.00077664  
407         -0.98312000 -0.97410221 0.00077505  
408         -0.99272000 -0.97414784 0.00077449  
409         -0.97896000 -0.97415961 0.00077268  
410         -0.97168000 -0.97415356 0.00077082  
411         -0.98120000 -0.97417071 0.00076913  
412         -0.98392000 -0.97419437 0.00076763  
413         -0.99304000 -0.97424000 0.00076713  
414         -0.98120000 -0.97425681 0.00076546  
415         -0.97056000 -0.97424790 0.00076366  
416         -0.94896000 -0.97418712 0.00076425  
417         -0.96088000 -0.97415520 0.00076308  
418         -0.96896000 -0.97414278 0.00076135  
419         -0.98504000 -0.97416878 0.00075998  
420         -0.97072000 -0.97416057 0.00075821  
421         -0.99576000 -0.97421188 0.00075815  
422         -0.96968000 -0.97420114 0.00075642  
423         -0.98416000 -0.97422468 0.00075500  
424         -0.99104000 -0.97426434 0.00075426  
425         -0.96992000 -0.97425412 0.00075255  
426         -0.94064000 -0.97417521 0.00075492  
427         -0.96112000 -0.97414464 0.00075377  
428         -0.99528000 -0.97419402 0.00075363  
429         -0.97368000 -0.97419282 0.00075187  
430         -0.96544000 -0.97417247 0.00075039  
431         -0.97320000 -0.97417021 0.00074865  
432         -0.98408000 -0.97419315 0.00074727  
433         -0.94544000 -0.97412674 0.00074850  
434         -0.98800000 -0.97415871 0.00074745  
435         -0.99600000 -0.97420892 0.00074742  
436         -0.97648000 -0.97421413 0.00074572  
437         -0.98264000 -0.97423341 0.00074426  
438         -0.96128000 -0.97420384 0.00074315  
439         -0.94960000 -0.97414779 0.00074357  
440         -0.96704000 -0.97413164 0.00074206  
441         -0.97272000 -0.97412844 0.00074038  
442         -0.96520000 -0.97410824 0.00073898  
443         -0.97168000 -0.97410275 0.00073733  
444         -0.97824000 -0.97411207 0.00073572  
445         -0.98808000 -0.97414346 0.00073474  
446         -0.96728000 -0.97412807 0.00073325  
447         -0.99240000 -0.97416895 0.00073275  
448         -0.98728000 -0.97419821 0.00073170  
449         -0.97104000 -0.97419118 0.00073010  
450         -0.99600000 -0.97423964 0.00073009  
451         -0.95568000 -0.97419849 0.00072963  
452         -0.98064000 -0.97421274 0.00072815  
453         -0.94800000 -0.97415488 0.00072884  
454         -0.98400000 -0.97417656 0.00072756  
455         -0.95824000 -0.97414154 0.00072680  
456         -0.98680000 -0.97416930 0.00072574  
457         -0.98976000 -0.97420341 0.00072495  
458         -0.94848000 -0.97414725 0.00072554  
459         -0.94904000 -0.97409255 0.00072603  
460         -0.97008000 -0.97408383 0.00072450  
461         -0.98744000 -0.97411280 0.00072350  
462         -0.98208000 -0.97413004 0.00072214  
463         -0.96120000 -0.97410212 0.00072112  
464         -0.98296000 -0.97412121 0.00071982  
465         -0.98424000 -0.97414297 0.00071860  
466         -0.97568000 -0.97414627 0.00071706  
467         -0.98992000 -0.97418004 0.00071632  
468         -0.97456000 -0.97418085 0.00071479  
469         -0.98280000 -0.97419923 0.00071350  
470         -0.96792000 -0.97418587 0.00071211  
471         -0.98784000 -0.97421486 0.00071119  
472         -0.98376000 -0.97423508 0.00070997  
473         -0.99384000 -0.97427653 0.00070967  
474         -0.96088000 -0.97424827 0.00070874  
475         -0.95048000 -0.97419823 0.00070901  
476         -0.98048000 -0.97421143 0.00070765  
477         -0.98504000 -0.97423413 0.00070653  
478         -0.99176000 -0.97427079 0.00070600  
479         -0.95584000 -0.97423232 0.00070557  
480         -0.97864000 -0.97424150 0.00070416  
481         -0.99152000 -0.97427742 0.00070361  
482         -0.92784000 -0.97418108 0.00070873  
483         -0.96248000 -0.97415685 0.00070768  
484         -0.99592000 -0.97420182 0.00070764  
485         -0.97504000 -0.97420355 0.00070618  
486         -0.95832000 -0.97417086 0.00070549  
487         -0.98856000 -0.97420041 0.00070466  
488         -0.99336000 -0.97423967 0.00070431  
489         -0.96848000 -0.97422789 0.00070296  
490         -0.96080000 -0.97420049 0.00070206  
491         -0.92264000 -0.97409548 0.00070846  
492         -0.91328000 -0.97397187 0.00071774  
493         -0.97272000 -0.97396933 0.00071629  
494         -0.96688000 -0.97395498 0.00071498  
495         -0.98336000 -0.97397398 0.00071379  
496         -0.97440000 -0.97397484 0.00071235  
497         -0.99288000 -0.97401288 0.00071193  
498         -0.97744000 -0.97401976 0.00071053  
499         -0.99512000 -0.97406204 0.00071037  
500         -0.93928000 -0.97399248 0.00071235  
501         -0.98088000 -0.97400623 0.00071106  
502         -0.98992000 -0.97403793 0.00071035  
503         -0.95832000 -0.97400668 0.00070962  
504         -0.95080000 -0.97396063 0.00070971  
505         -0.98800000 -0.97398844 0.00070885  
506         -0.97536000 -0.97399115 0.00070745  
507         -0.97816000 -0.97399937 0.00070610  
508         -0.96216000 -0.97397606 0.00070509  
509         -0.97040000 -0.97396904 0.00070374  
510         -0.98168000 -0.97398416 0.00070252  
511         -0.98816000 -0.97401190 0.00070170  
512         -0.98880000 -0.97404078 0.00070092  
513         -0.95192000 -0.97399766 0.00070088  
514         -0.97208000 -0.97399393 0.00069953  
515         -0.98512000 -0.97401553 0.00069850  
516         -0.95408000 -0.97397690 0.00069822  
517         -0.96928000 -0.97396781 0.00069692  
518         -0.99808000 -0.97401436 0.00069713  
519         -0.97592000 -0.97401803 0.00069580  
520         -0.97008000 -0.97401046 0.00069450  
521         -0.98760000 -0.97403655 0.00069366  
522         -0.98560000 -0.97405870 0.00069268  
523         -0.96856000 -0.97404818 0.00069143  
524         -0.97704000 -0.97405389 0.00069014  
525         -0.95000000 -0.97400808 0.00069034  
526         -0.96696000 -0.97399468 0.00068916  
527         -0.96984000 -0.97398679 0.00068790  
528         -0.98216000 -0.97400227 0.00068677  
529         -0.99464000 -0.97404129 0.00068658  
530         -0.97032000 -0.97403426 0.00068531  
531         -0.96664000 -0.97402034 0.00068416  
532         -0.94424000 -0.97396436 0.00068517  
533         -0.97328000 -0.97396308 0.00068388  
534         -0.98088000 -0.97397603 0.00068272  
535         -0.96832000 -0.97396546 0.00068153  
536         -0.98680000 -0.97398940 0.00068068  
537         -0.98472000 -0.97400939 0.00067970  
538         -0.97752000 -0.97401591 0.00067847  
539         -0.98312000 -0.97403280 0.00067742  
540         -0.97000000 -0.97402533 0.00067621  
541         -0.99608000 -0.97406610 0.00067618  
542         -0.97400000 -0.97406598 0.00067494  
543         -0.95920000 -0.97403860 0.00067425  
544         -0.98600000 -0.97406059 0.00067337  
545         -0.97304000 -0.97405872 0.00067213  
546         -0.98712000 -0.97408264 0.00067133  
547         -0.96648000 -0.97406874 0.00067024  
548         -0.99456000 -0.97410613 0.00067006  
549         -0.94840000 -0.97405931 0.00067048  
550         -0.96344000 -0.97404000 0.00066954  
551         -0.96256000 -0.97401917 0.00066864  
552         -0.97296000 -0.97401725 0.00066743  
553         -0.96608000 -0.97400289 0.00066638  
554         -0.97896000 -0.97401184 0.00066524  
555         -0.99200000 -0.97404425 0.00066483  
556         -0.96880000 -0.97403482 0.00066370  
557         -0.96600000 -0.97402039 0.00066266  
558         -0.94232000 -0.97396358 0.00066391  
559         -0.97272000 -0.97396136 0.00066272  
560         -0.96264000 -0.97394114 0.00066185  
561         -0.98256000 -0.97395651 0.00066085  
562         -0.93896000 -0.97389423 0.00066260  
563         -0.96560000 -0.97387950 0.00066159  
564         -0.97144000 -0.97387518 0.00066043  
565         -0.98392000 -0.97389296 0.00065950  
566         -0.97896000 -0.97390191 0.00065839  
567         -0.97480000 -0.97390349 0.00065723  
568         -0.97904000 -0.97391254 0.00065614  
569         -0.96464000 -0.97389624 0.00065518  
570         -0.99192000 -0.97392786 0.00065480  
571         -0.97656000 -0.97393247 0.00065367  
572         -0.94056000 -0.97387413 0.00065513  
573         -0.97872000 -0.97388258 0.00065404  
574         -0.97776000 -0.97388934 0.00065293  
575         -0.97528000 -0.97389176 0.00065180  
576         -0.95392000 -0.97385708 0.00065159  
577         -0.95824000 -0.97383002 0.00065102  
578         -0.98888000 -0.97385606 0.00065042  
579         -0.98688000 -0.97387855 0.00064968  
580         -0.98624000 -0.97389986 0.00064891  
581         -0.95768000 -0.97387194 0.00064839  
582         -0.98272000 -0.97388715 0.00064746  
583         -0.99288000 -0.97391973 0.00064717  
584         -0.96864000 -0.97391068 0.00064612  
585         -0.98416000 -0.97392821 0.00064525  
586         -0.99272000 -0.97396027 0.00064495  
587         -0.97816000 -0.97396743 0.00064389  
588         -0.94648000 -0.97392068 0.00064449  
589         -0.97624000 -0.97392462 0.00064341  
590         -0.98544000 -0.97394414 0.00064261  
591         -0.94456000 -0.97389442 0.00064345  
592         -0.98512000 -0.97391338 0.00064264  
593         -0.97528000 -0.97391568 0.00064156  
594         -0.96704000 -0.97390411 0.00064058  
595         -0.94976000 -0.97386353 0.00064079  
596         -0.99184000 -0.97389369 0.00064043  
597         -0.97160000 -0.97388985 0.00063936  
598         -0.95536000 -0.97385886 0.00063905  
599         -0.98712000 -0.97388100 0.00063836  
600         -0.97824000 -0.97388827 0.00063734  
601         -0.99576000 -0.97392466 0.00063732  
602         -0.98016000 -0.97393502 0.00063634  
603         -0.96424000 -0.97391894 0.00063549  
604         -0.95736000 -0.97389152 0.00063503  
605         -0.97128000 -0.97388721 0.00063399  
606         -0.97408000 -0.97388752 0.00063295  
607         -0.96440000 -0.97387189 0.00063209  
608         -0.96824000 -0.97386263 0.00063112  
609         -0.95232000 -0.97382726 0.00063108  
610         -0.97976000 -0.97383698 0.00063012  
611         -0.96888000 -0.97382887 0.00062914  
612         -0.94616000 -0.97378366 0.00062973  
613         -0.99816000 -0.97382343 0.00062996  
614         -0.96720000 -0.97381264 0.00062903  
615         -0.96352000 -0.97379590 0.00062823  
616         -0.94848000 -0.97375481 0.00062855  
617         -0.97632000 -0.97375896 0.00062755  
618         -0.93800000 -0.97370110 0.00062919  
619         -0.99856000 -0.97374126 0.00062946  
620         -0.95360000 -0.97370877 0.00062928  
621         -0.96544000 -0.97369546 0.00062841  
622         -0.98152000 -0.97370804 0.00062753  
623         -0.97032000 -0.97370260 0.00062654  
624         -0.99120000 -0.97373064 0.00062616  
625         -0.94888000 -0.97369088 0.00062642  
626         -0.98720000 -0.97371246 0.00062580  
627         -0.97064000 -0.97370756 0.00062482  
628         -0.93104000 -0.97363962 0.00062751  
629         -0.97992000 -0.97364960 0.00062659  
630         -0.98648000 -0.97366997 0.00062593  
631         -0.99160000 -0.97369838 0.00062558  
632         -0.95944000 -0.97367582 0.00062500  
633         -0.99488000 -0.97370932 0.00062491  
634         -0.96584000 -0.97369691 0.00062404  
635         -0.99088000 -0.97372397 0.00062365  
636         -0.99344000 -0.97375497 0.00062344  
637         -0.96408000 -0.97373978 0.00062264  
638         -0.98480000 -0.97375712 0.00062191  
639         -0.95736000 -0.97373146 0.00062146  
640         -0.97952000 -0.97374050 0.00062056  
641         -0.96448000 -0.97372605 0.00061976  
642         -0.99320000 -0.97375639 0.00061953  
643         -0.97680000 -0.97376112 0.00061859  
644         -0.99640000 -0.97379627 0.00061863  
645         -0.97856000 -0.97380366 0.00061771  
646         -0.93288000 -0.97374031 0.00062000  
647         -0.96736000 -0.97373045 0.00061912  
648         -0.94768000 -0.97369025 0.00061947  
649         -0.97016000 -0.97368481 0.00061854  
650         -0.99408000 -0.97371618 0.00061838  
651         -0.98328000 -0.97373088 0.00061760  
652         -0.96048000 -0.97371055 0.00061699  
653         -0.99768000 -0.97374726 0.00061714  
654         -0.99704000 -0.97378287 0.00061722  
655         -0.98592000 -0.97380140 0.00061656  
656         -0.97672000 -0.97380585 0.00061563  
657         -0.96144000 -0.97378703 0.00061498  
658         -0.97552000 -0.97378967 0.00061405  
659         -0.96128000 -0.97377068 0.00061342  
660         -0.95280000 -0.97373891 0.00061331  
661         -0.95776000 -0.97371474 0.00061286  
662         -0.98936000 -0.97373837 0.00061239  
663         -0.98944000 -0.97376205 0.00061192  
664         -0.96392000 -0.97374723 0.00061118  
665         -0.98280000 -0.97376084 0.00061041  
666         -0.97784000 -0.97376697 0.00060952  
667         -0.98024000 -0.97377667 0.00060869  
668         -0.99448000 -0.97380766 0.00060856  
669         -0.98544000 -0.97382505 0.00060790  
670         -0.97112000 -0.97382101 0.00060701  
671         -0.98120000 -0.97383201 0.00060620  
672         -0.97008000 -0.97382643 0.00060533  
673         -0.99440000 -0.97385700 0.00060520  
674         -0.94752000 -0.97381792 0.00060556  
675         -0.98680000 -0.97383716 0.00060497  
676         -0.98744000 -0.97385728 0.00060441  
677         -0.98560000 -0.97387462 0.00060377  
678         -0.96072000 -0.97385522 0.00060319  
679         -0.97448000 -0.97385614 0.00060230  
680         -0.96736000 -0.97384659 0.00060149  
681         -0.99280000 -0.97387442 0.00060125  
682         -0.97864000 -0.97388141 0.00060041  
683         -0.98704000 -0.97390067 0.00059984  
684         -0.98480000 -0.97391661 0.00059917  
685         -0.97608000 -0.97391977 0.00059830  
686         -0.97960000 -0.97392805 0.00059749  
687         -0.96880000 -0.97392058 0.00059666  
688         -0.99576000 -0.97395233 0.00059664  
689         -0.97552000 -0.97395460 0.00059578  
690         -0.99160000 -0.97398017 0.00059546  
691         -0.96600000 -0.97396863 0.00059471  
692         -0.99008000 -0.97399191 0.00059431  
693         -0.96640000 -0.97398095 0.00059355  
694         -0.98200000 -0.97399251 0.00059281  
695         -0.98608000 -0.97400990 0.00059221  
696         -0.94680000 -0.97397080 0.00059265  
697         -0.98448000 -0.97398588 0.00059199  
698         -0.97016000 -0.97398040 0.00059117  
699         -0.95072000 -0.97394712 0.00059126  
700         -0.98592000 -0.97396423 0.00059066  
701         -0.99736000 -0.97399760 0.00059076  
702         -0.97416000 -0.97399783 0.00058992  
703         -0.95464000 -0.97397030 0.00058972  
704         -0.93784000 -0.97391898 0.00059112  
705         -0.99312000 -0.97394621 0.00059091  
706         -0.98792000 -0.97396601 0.00059040  
707         -0.98288000 -0.97397861 0.00058970  
708         -0.96136000 -0.97396079 0.00058914  
709         -0.98008000 -0.97396942 0.00058837  
710         -0.98384000 -0.97398332 0.00058770  
711         -0.96792000 -0.97397480 0.00058694  
712         -0.98064000 -0.97398416 0.00058619  
713         -0.96848000 -0.97397644 0.00058542  
714         -0.98072000 -0.97398588 0.00058467  
715         -0.98856000 -0.97400627 0.00058421  
716         -0.99352000 -0.97403352 0.00058403  
717         -0.93632000 -0.97398092 0.00058558  
718         -0.98192000 -0.97399198 0.00058487  
719         -0.92744000 -0.97392723 0.00058763  
720         -0.96752000 -0.97391833 0.00058688  
721         -0.96192000 -0.97390169 0.00058631  
722         -0.97760000 -0.97390681 0.00058552  
723         -0.97400000 -0.97390694 0.00058471  
724         -0.98640000 -0.97392420 0.00058415  
725         -0.97800000 -0.97392982 0.00058337  
726         -0.96488000 -0.97391736 0.00058270  
727         -0.98328000 -0.97393023 0.00058204  
728         -0.99608000 -0.97396066 0.00058204  
729         -0.94416000 -0.97391978 0.00058267  
730         -0.99560000 -0.97394948 0.00058263  
731         -0.97912000 -0.97395655 0.00058188  
732         -0.97480000 -0.97395770 0.00058108  
733         -0.96008000 -0.97393877 0.00058060  
734         -0.98480000 -0.97395357 0.00058000  
735         -0.96784000 -0.97394525 0.00057927  
736         -0.97728000 -0.97394978 0.00057850  
737         -0.97856000 -0.97395604 0.00057775  
738         -0.97064000 -0.97395154 0.00057698  
739         -0.98040000 -0.97396027 0.00057626  
740         -0.97776000 -0.97396541 0.00057551  
741         -0.96752000 -0.97395671 0.00057480  
742         -0.99280000 -0.97398210 0.00057458  
743         -0.97776000 -0.97398719 0.00057383  
744         -0.97640000 -0.97399043 0.00057307  
745         -0.98736000 -0.97400838 0.00057258  
746         -0.98856000 -0.97402788 0.00057215  
747         -0.97520000 -0.97402945 0.00057138  
748         -0.98112000 -0.97403893 0.00057070  
749         -0.98112000 -0.97404838 0.00057001  
750         -0.99080000 -0.97407072 0.00056969  
751         -0.96624000 -0.97406029 0.00056903  
752         -0.98368000 -0.97407309 0.00056841  
753         -0.95360000 -0.97404590 0.00056831  
754         -0.97584000 -0.97404828 0.00056756  
755         -0.98464000 -0.97406230 0.00056698  
756         -0.94744000 -0.97402709 0.00056732  
757         -0.99304000 -0.97405221 0.00056713  
758         -0.97888000 -0.97405858 0.00056642  
759         -0.95472000 -0.97403310 0.00056624  
760         -0.98360000 -0.97404568 0.00056564  
761         -0.95320000 -0.97401829 0.00056556  
762         -0.97368000 -0.97401785 0.00056482  
763         -0.98752000 -0.97403554 0.00056435  
764         -0.96648000 -0.97402565 0.00056370  
765         -0.97336000 -0.97402478 0.00056296  
766         -0.98360000 -0.97403728 0.00056237  
767         -0.98120000 -0.97404662 0.00056171  
768         -0.96912000 -0.97404021 0.00056102  
769         -0.95416000 -0.97401436 0.00056088  
770         -0.96056000 -0.97399688 0.00056043  
771         -0.93648000 -0.97394822 0.00056181  
772         -0.96096000 -0.97393140 0.00056133  
773         -0.95088000 -0.97390158 0.00056140  
774         -0.96696000 -0.97389261 0.00056075  
775         -0.98432000 -0.97390606 0.00056018  
776         -0.98912000 -0.97392567 0.00055980  
777         -0.99072000 -0.97394728 0.00055950  
778         -0.95864000 -0.97392761 0.00055913  
779         -0.97504000 -0.97392904 0.00055841  
780         -0.98056000 -0.97393754 0.00055776  
781         -0.95944000 -0.97391898 0.00055735  
782         -0.99704000 -0.97394854 0.00055743  
783         -0.98616000 -0.97396414 0.00055693  
784         -0.96400000 -0.97395143 0.00055637  
785         -0.98288000 -0.97396280 0.00055577  
786         -0.96344000 -0.97394941 0.00055523  
787         -0.96328000 -0.97393586 0.00055469  
788         -0.98840000 -0.97395421 0.00055429  
789         -0.95664000 -0.97393227 0.00055402  
790         -0.97200000 -0.97392982 0.00055332  
791         -0.96000000 -0.97391221 0.00055290  
792         -0.98536000 -0.97392667 0.00055239  
793         -0.98328000 -0.97393846 0.00055182  
794         -0.96216000 -0.97392363 0.00055133  
795         -0.97200000 -0.97392121 0.00055064  
796         -0.97624000 -0.97392412 0.00054995  
797         -0.95640000 -0.97390213 0.00054970  
798         -0.96688000 -0.97389333 0.00054908  
799         -0.99024000 -0.97391379 0.00054878  
800         -0.97000000 -0.97390890 0.00054811  
801         -0.99544000 -0.97393578 0.00054809  
802         -0.99296000 -0.97395950 0.00054792  
803         -0.96048000 -0.97394271 0.00054749  
804         -0.98672000 -0.97395861 0.00054704  
805         -0.97232000 -0.97395657 0.00054637  
806         -0.96440000 -0.97394471 0.00054582  
807         -0.98744000 -0.97396144 0.00054540  
808         -0.99488000 -0.97398733 0.00054534  
809         -0.98064000 -0.97399555 0.00054472  
810         -0.96808000 -0.97398825 0.00054410  
811         -0.95736000 -0.97396774 0.00054381  
812         -0.98920000 -0.97398650 0.00054347  
813         -0.98208000 -0.97399646 0.00054289  
814         -0.97448000 -0.97399705 0.00054222  
815         -0.97664000 -0.97400029 0.00054157  
816         -0.96176000 -0.97398529 0.00054111  
817         -0.99064000 -0.97400568 0.00054083  
818         -0.97608000 -0.97400822 0.00054018  
819         -0.97448000 -0.97400879 0.00053952  
820         -0.97560000 -0.97401073 0.00053886  
821         -0.96616000 -0.97400117 0.00053829  
822         -0.97400000 -0.97400117 0.00053764  
823         -0.93864000 -0.97395820 0.00053870  
824         -0.95792000 -0.97393874 0.00053840  
825         -0.94848000 -0.97390788 0.00053863  
826         -0.98120000 -0.97391671 0.00053805  
827         -0.98160000 -0.97392600 0.00053748  
828         -0.96096000 -0.97391034 0.00053706  
829         -0.99224000 -0.97393245 0.00053686  
830         -0.98712000 -0.97394834 0.00053645  
831         -0.97056000 -0.97394426 0.00053582  
832         -0.95792000 -0.97392500 0.00053552  
833         -0.98808000 -0.97394199 0.00053515  
834         -0.96632000 -0.97393285 0.00053459  
835         -0.96752000 -0.97392517 0.00053400  
836         -0.96880000 -0.97391904 0.00053340  
837         -0.98592000 -0.97393338 0.00053295  
838         -0.99288000 -0.97395599 0.00053280  
839         -0.98608000 -0.97397044 0.00053236  
840         -0.94648000 -0.97393771 0.00053273  
841         -0.96968000 -0.97393265 0.00053212  
842         -0.97472000 -0.97393359 0.00053149  
843         -0.96024000 -0.97391734 0.00053110  
844         -0.98464000 -0.97393005 0.00053063  
845         -0.98280000 -0.97394054 0.00053010  
846         -0.94312000 -0.97390411 0.00053073  
847         -0.97768000 -0.97390857 0.00053012  
848         -0.97680000 -0.97391198 0.00052950  
849         -0.99664000 -0.97393875 0.00052956  
850         -0.98872000 -0.97395614 0.00052922  
851         -0.99584000 -0.97398186 0.00052922  
852         -0.97776000 -0.97398629 0.00052862  
853         -0.97728000 -0.97399015 0.00052801  
854         -0.98216000 -0.97399972 0.00052748  
855         -0.99008000 -0.97401853 0.00052720  
856         -0.98624000 -0.97403280 0.00052678  
857         -0.98216000 -0.97404229 0.00052625  
858         -0.99008000 -0.97406098 0.00052597  
859         -0.98128000 -0.97406938 0.00052542  
860         -0.99792000 -0.97409712 0.00052554  
861         -0.97496000 -0.97409812 0.00052493  
862         -0.98872000 -0.97411508 0.00052460  
863         -0.99360000 -0.97413766 0.00052448  
864         -0.96064000 -0.97412204 0.00052410  
865         -0.97680000 -0.97412513 0.00052350  
866         -0.97296000 -0.97412379 0.00052290  
867         -0.97608000 -0.97412604 0.00052230  
868         -0.99840000 -0.97415401 0.00052245  
869         -0.99040000 -0.97417270 0.00052218  
870         -0.94296000 -0.97413683 0.00052281  
871         -0.96088000 -0.97412161 0.00052244  
872         -0.96032000 -0.97410578 0.00052208  
873         -0.98616000 -0.97411959 0.00052166  
874         -0.98448000 -0.97413144 0.00052120  
875         -0.98288000 -0.97414144 0.00052070  
876         -0.99008000 -0.97415963 0.00052042  
877         -0.98896000 -0.97417651 0.00052010  
878         -0.97112000 -0.97417303 0.00051952  
879         -0.97248000 -0.97417110 0.00051893  
880         -0.96336000 -0.97415882 0.00051849  
881         -0.96768000 -0.97415146 0.00051795  
882         -0.98688000 -0.97416590 0.00051756  
883         -0.98216000 -0.97417495 0.00051706  
884         -0.95144000 -0.97414923 0.00051711  
885         -0.98704000 -0.97416380 0.00051673  
886         -0.96584000 -0.97415440 0.00051623  
887         -0.96360000 -0.97414250 0.00051579  
888         -0.97656000 -0.97414523 0.00051522  
889         -0.95632000 -0.97412517 0.00051503  
890         -0.97416000 -0.97412521 0.00051445  
891         -0.96528000 -0.97411529 0.00051397  
892         -0.98152000 -0.97412359 0.00051346  
893         -0.98240000 -0.97413286 0.00051296  
894         -0.98120000 -0.97414076 0.00051245  
895         -0.93720000 -0.97409949 0.00051354  
896         -0.96320000 -0.97408732 0.00051311  
897         -0.97536000 -0.97408874 0.00051254  
898         -0.99272000 -0.97410949 0.00051239  
899         -0.98216000 -0.97411844 0.00051190  
900         -0.93568000 -0.97407573 0.00051311  
901         -0.98392000 -0.97408666 0.00051266  
902         -0.97704000 -0.97408993 0.00051210  
903         -0.94952000 -0.97406272 0.00051225  
904         -0.97880000 -0.97406796 0.00051171  
905         -0.99536000 -0.97409149 0.00051169  
906         -0.99216000 -0.97411143 0.00051151  
907         -0.96304000 -0.97409923 0.00051109  
908         -0.99320000 -0.97412026 0.00051096  
909         -0.95992000 -0.97410464 0.00051064  
910         -0.96336000 -0.97409284 0.00051022  
911         -0.99504000 -0.97411583 0.00051017  
912         -0.95984000 -0.97410018 0.00050985  
913         -0.98496000 -0.97411207 0.00050943  
914         -0.98480000 -0.97412376 0.00050901  
915         -0.98344000 -0.97413395 0.00050856  
916         -0.96888000 -0.97412821 0.00050803  
917         -0.96920000 -0.97412284 0.00050751  
918         -0.94368000 -0.97408967 0.00050804  
919         -0.95864000 -0.97407286 0.00050776  
920         -0.96456000 -0.97406252 0.00050732  
921         -0.97216000 -0.97406046 0.00050677  
922         -0.96960000 -0.97405562 0.00050624  
923         -0.99080000 -0.97407376 0.00050602  
924         -0.98928000 -0.97409022 0.00050574  
925         -0.99528000 -0.97411312 0.00050571  
926         -0.98576000 -0.97412570 0.00050532  
927         -0.99392000 -0.97414706 0.00050523  
928         -0.99232000 -0.97416664 0.00050506  
929         -0.95704000 -0.97414820 0.00050485  
930         -0.97192000 -0.97414581 0.00050432  
931         -0.94912000 -0.97411893 0.00050449  
932         -0.97056000 -0.97411511 0.00050397  
933         -0.95760000 -0.97409741 0.00050374  
934         -0.98256000 -0.97410647 0.00050328  
935         -0.97728000 -0.97410986 0.00050275  
936         -0.95320000 -0.97408752 0.00050271  
937         -0.95904000 -0.97407146 0.00050243  
938         -0.97552000 -0.97407301 0.00050190  
939         -0.93488000 -0.97403127 0.00050310  
940         -0.99456000 -0.97405311 0.00050303  
941         -0.98856000 -0.97406852 0.00050274  
942         -0.96640000 -0.97406038 0.00050227  
943         -0.99224000 -0.97407966 0.00050211  
944         -0.99360000 -0.97410034 0.00050200  
945         -0.99272000 -0.97412004 0.00050185  
946         -0.96328000 -0.97410858 0.00050145  
947         -0.96864000 -0.97410281 0.00050096  
948         -0.96480000 -0.97409300 0.00050053  
949         -0.97296000 -0.97409180 0.00050000  
950         -0.98848000 -0.97410695 0.00049970  
951         -0.96728000 -0.97409977 0.00049923  
952         -0.97032000 -0.97409580 0.00049872  
953         -0.98208000 -0.97410418 0.00049827  
954         -0.97712000 -0.97410734 0.00049775  
955         -0.98080000 -0.97411435 0.00049728  
956         -0.98656000 -0.97412736 0.00049693  
957         -0.97952000 -0.97413300 0.00049644  
958         -0.99248000 -0.97415215 0.00049630  
959         -0.98592000 -0.97416442 0.00049593  
960         -0.99472000 -0.97418583 0.00049588  
961         -0.99008000 -0.97420237 0.00049564  
962         -0.98520000 -0.97421380 0.00049525  
963         -0.97160000 -0.97421109 0.00049474  
964         -0.97944000 -0.97421651 0.00049426  
965         -0.99400000 -0.97423702 0.00049417  
966         -0.99744000 -0.97426104 0.00049425  
967         -0.96344000 -0.97424984 0.00049386  
968         -0.93280000 -0.97420702 0.00049521  
969         -0.96216000 -0.97419459 0.00049485  
970         -0.97912000 -0.97419967 0.00049437  
971         -0.98960000 -0.97421553 0.00049411  
972         -0.98080000 -0.97422230 0.00049365  
973         -0.99744000 -0.97424617 0.00049372  
974         -0.97360000 -0.97424550 0.00049321  
975         -0.96064000 -0.97423155 0.00049290  
976         -0.94712000 -0.97420377 0.00049318  
977         -0.94216000 -0.97417097 0.00049377  
978         -0.97040000 -0.97416712 0.00049328  
979         -0.92824000 -0.97412020 0.00049500  
980         -0.95408000 -0.97409976 0.00049492  
981         -0.97616000 -0.97410186 0.00049442  
982         -0.98464000 -0.97411259 0.00049403  
983         -0.97936000 -0.97411792 0.00049356  
984         -0.97536000 -0.97411919 0.00049306  
985         -0.99112000 -0.97413645 0.00049286  
986         -0.97472000 -0.97413704 0.00049236  
987         -0.95240000 -0.97411502 0.00049235  
988         -0.98520000 -0.97412623 0.00049198  
989         -0.99392000 -0.97414625 0.00049189  
990         -0.99864000 -0.97417099 0.00049202  
991         -0.96656000 -0.97416331 0.00049158  
992         -0.98176000 -0.97417097 0.00049114  
993         -0.98936000 -0.97418626 0.00049089  
994         -0.96408000 -0.97417610 0.00049050  
995         -0.95880000 -0.97416064 0.00049025  
996         -0.96928000 -0.97415574 0.00048978  
997         -0.97376000 -0.97415535 0.00048929  
998         -0.99864000 -0.97417988 0.00048941  
999         -0.96648000 -0.97417217 0.00048898  
1000        -0.95656000 -0.97415456 0.00048881  
1001        -0.97792000 -0.97415832 0.00048834  
1002        -0.98360000 -0.97416774 0.00048794  
1003        -0.98032000 -0.97417388 0.00048749  
1004        -0.95696000 -0.97415673 0.00048731  
1005        -0.98392000 -0.97416645 0.00048692  
1006        -0.97040000 -0.97416270 0.00048645  
1007        -0.98024000 -0.97416874 0.00048601  
1008        -0.98704000 -0.97418151 0.00048569  
1009        -0.95960000 -0.97416706 0.00048542  
1010        -0.98736000 -0.97418012 0.00048512  
1011        -0.98216000 -0.97418801 0.00048470  
1012        -0.98624000 -0.97419992 0.00048437  
1013        -0.97160000 -0.97419735 0.00048390  
1014        -0.97800000 -0.97420110 0.00048344  
1015        -0.98888000 -0.97421557 0.00048318  
1016        -0.99000000 -0.97423110 0.00048295  
1017        -0.96400000 -0.97422104 0.00048258  
1018        -0.97896000 -0.97422570 0.00048213  
1019        -0.96312000 -0.97421480 0.00048178  
1020        -0.99096000 -0.97423122 0.00048159  
1021        -0.99880000 -0.97425528 0.00048172  
1022        -0.98240000 -0.97426325 0.00048131  
1023        -0.97264000 -0.97426166 0.00048084  
1024        -0.95904000 -0.97424680 0.00048060  
1025        -0.99216000 -0.97426427 0.00048045  
1026        -0.95232000 -0.97424288 0.00048046  
1027        -0.97032000 -0.97423907 0.00048001  
1028        -0.96736000 -0.97423237 0.00047959  
1029        -0.95336000 -0.97421209 0.00047955  
1030        -0.98944000 -0.97422687 0.00047931  
1031        -0.99816000 -0.97425009 0.00047941  
1032        -0.97680000 -0.97425256 0.00047895  
1033        -0.99752000 -0.97427508 0.00047902  
1034        -0.96128000 -0.97426251 0.00047872  
1035        -0.98048000 -0.97426852 0.00047829  
1036        -0.97656000 -0.97427073 0.00047783  
1037        -0.96424000 -0.97426106 0.00047747  
1038        -0.99376000 -0.97427985 0.00047738  
1039        -0.98728000 -0.97429236 0.00047709  
1040        -0.96312000 -0.97428162 0.00047675  
1041        -0.95632000 -0.97426436 0.00047660  
1042        -0.95176000 -0.97424276 0.00047663  
1043        -0.94336000 -0.97421315 0.00047710  
1044        -0.97896000 -0.97421770 0.00047666  
1045        -0.98160000 -0.97422477 0.00047626  
1046        -0.99216000 -0.97424191 0.00047611  
1047        -0.93888000 -0.97420814 0.00047685  
1048        -0.98048000 -0.97421412 0.00047644  
1049        -0.99584000 -0.97423474 0.00047643  
1050        -0.97808000 -0.97423840 0.00047599  
1051        -0.98760000 -0.97425111 0.00047570  
1052        -0.99344000 -0.97426935 0.00047560  
1053        -0.97600000 -0.97427100 0.00047515  
1054        -0.97048000 -0.97426740 0.00047472  
1055        -0.98056000 -0.97427336 0.00047430  
1056        -0.97712000 -0.97427606 0.00047386  
1057        -0.96560000 -0.97426785 0.00047348  
1058        -0.93936000 -0.97423486 0.00047418  
1059        -0.97512000 -0.97423569 0.00047374  
1060        -0.99384000 -0.97425419 0.00047365  
1061        -0.97752000 -0.97425727 0.00047322  
1062        -0.98096000 -0.97426358 0.00047281  
1063        -0.97592000 -0.97426514 0.00047237  
1064        -0.95856000 -0.97425038 0.00047216  
1065        -0.93936000 -0.97421762 0.00047285  
1066        -0.97840000 -0.97422154 0.00047242  
1067        -0.96952000 -0.97421713 0.00047200  
1068        -0.98872000 -0.97423071 0.00047175  
1069        -0.99152000 -0.97424688 0.00047159  
1070        -0.98904000 -0.97426071 0.00047135  
1071        -0.99032000 -0.97427570 0.00047115  
1072        -0.93864000 -0.97424246 0.00047188  
1073        -0.98624000 -0.97425364 0.00047157  
1074        -0.97400000 -0.97425341 0.00047113  
1075        -0.96568000 -0.97424543 0.00047076  
1076        -0.99264000 -0.97426253 0.00047064  
1077        -0.98048000 -0.97426830 0.00047023  
1078        -0.96888000 -0.97426330 0.00046982  
1079        -0.98744000 -0.97427551 0.00046955  
1080        -0.99752000 -0.97429704 0.00046961  
1081        -0.97008000 -0.97429314 0.00046919  
1082        -0.99064000 -0.97430824 0.00046900  
1083        -0.99256000 -0.97432510 0.00046887  
1084        -0.99656000 -0.97434561 0.00046888  
1085        -0.97808000 -0.97434905 0.00046846  
1086        -0.97256000 -0.97434740 0.00046803  
1087        -0.98352000 -0.97435584 0.00046768  
1088        -0.97688000 -0.97435816 0.00046726  
1089        -0.98512000 -0.97436804 0.00046693  
1090        -0.95608000 -0.97435127 0.00046680  
1091        -0.97104000 -0.97434823 0.00046639  
1092        -0.95648000 -0.97433187 0.00046625  
1093        -0.99688000 -0.97435250 0.00046628  
1094        -0.96712000 -0.97434589 0.00046590  
1095        -0.96552000 -0.97433783 0.00046554  
1096        -0.93752000 -0.97430423 0.00046633  
1097        -0.99592000 -0.97432394 0.00046632  
1098        -0.99216000 -0.97434018 0.00046618  
1099        -0.97752000 -0.97434308 0.00046576  
1100        -0.98672000 -0.97435433 0.00046547  
1101        -0.99136000 -0.97436977 0.00046531  
1102        -0.95696000 -0.97435397 0.00046515  
1103        -0.97304000 -0.97435278 0.00046473  
1104        -0.99192000 -0.97436870 0.00046458  
1105        -0.93968000 -0.97433730 0.00046522  
1106        -0.98240000 -0.97434459 0.00046486  
1107        -0.95512000 -0.97432723 0.00046476  
1108        -0.95824000 -0.97431271 0.00046457  
1109        -0.99656000 -0.97433277 0.00046459  
1110        -0.97088000 -0.97432966 0.00046418  
1111        -0.96128000 -0.97431791 0.00046391  
1112        -0.94128000 -0.97428820 0.00046444  
1113        -0.98512000 -0.97429793 0.00046413  
1114        -0.97104000 -0.97429501 0.00046372  
1115        -0.96704000 -0.97428850 0.00046335  
1116        -0.98968000 -0.97430229 0.00046314  
1117        -0.99184000 -0.97431799 0.00046299  
1118        -0.98872000 -0.97433088 0.00046276  
1119        -0.97800000 -0.97433416 0.00046235  
1120        -0.97848000 -0.97433786 0.00046196  
1121        -0.97728000 -0.97434048 0.00046155  
1122        -0.97328000 -0.97433954 0.00046114  
1123        -0.99376000 -0.97435683 0.00046105  
1124        -0.97456000 -0.97435701 0.00046064  
1125        -0.99144000 -0.97437220 0.00046048  
1126        -0.99824000 -0.97439339 0.00046056  
1127        -0.95568000 -0.97437679 0.00046045  
1128        -0.96424000 -0.97436780 0.00046013  
1129        -0.97232000 -0.97436599 0.00045973  
1130        -0.96880000 -0.97436106 0.00045935  
1131        -0.94176000 -0.97433224 0.00045985  
1132        -0.95768000 -0.97431753 0.00045967  
1133        -0.97504000 -0.97431816 0.00045927  
1134        -0.96632000 -0.97431111 0.00045892  
1135        -0.97256000 -0.97430957 0.00045852  
1136        -0.95520000 -0.97429275 0.00045842  
1137        -0.97576000 -0.97429404 0.00045802  
1138        -0.98464000 -0.97430313 0.00045771  
1139        -0.96648000 -0.97429626 0.00045736  
1140        -0.99728000 -0.97431642 0.00045740  
1141        -0.98880000 -0.97432911 0.00045718  
1142        -0.98096000 -0.97433492 0.00045681  
1143        -0.99744000 -0.97435514 0.00045686  
1144        -0.93712000 -0.97432259 0.00045762  
1145        -0.97776000 -0.97432559 0.00045723  
1146        -0.98384000 -0.97433389 0.00045691  
1147        -0.98768000 -0.97434553 0.00045666  
1148        -0.95704000 -0.97433045 0.00045651  
1149        -0.98880000 -0.97434305 0.00045628  
1150        -0.98232000 -0.97434998 0.00045594  
1151        -0.99424000 -0.97436726 0.00045587  
1152        -0.98520000 -0.97437667 0.00045557  
1153        -0.99528000 -0.97439480 0.00045554  
1154        -0.95272000 -0.97437601 0.00045553  
1155        -0.97456000 -0.97437617 0.00045513  
1156        -0.96200000 -0.97436547 0.00045487  
1157        -0.95320000 -0.97434717 0.00045484  
1158        -0.97408000 -0.97434694 0.00045445  
1159        -0.98600000 -0.97435700 0.00045417  
1160        -0.94856000 -0.97433476 0.00045432  
1161        -0.97864000 -0.97433847 0.00045394  
1162        -0.95768000 -0.97432413 0.00045378  
1163        -0.96144000 -0.97431305 0.00045352  
1164        -0.97496000 -0.97431361 0.00045314  
1165        -0.95752000 -0.97429919 0.00045298  
1166        -0.98144000 -0.97430532 0.00045263  
1167        -0.97256000 -0.97430382 0.00045224  
1168        -0.97464000 -0.97430411 0.00045186  
1169        -0.96392000 -0.97429523 0.00045156  
1170        -0.97072000 -0.97429217 0.00045118  
1171        -0.97616000 -0.97429377 0.00045080  
1172        -0.97584000 -0.97429509 0.00045041  
1173        -0.99448000 -0.97431229 0.00045036  
1174        -0.93592000 -0.97427959 0.00045116  
1175        -0.96456000 -0.97427132 0.00045085  
1176        -0.97872000 -0.97427510 0.00045049  
1177        -0.95888000 -0.97426202 0.00045029  
1178        -0.99368000 -0.97427851 0.00045021  
1179        -0.97736000 -0.97428112 0.00044984  
1180        -0.94328000 -0.97425485 0.00045022  
1181        -0.98432000 -0.97426337 0.00044992  
1182        -0.95536000 -0.97424738 0.00044983  
1183        -0.96616000 -0.97424054 0.00044950  
1184        -0.99016000 -0.97425399 0.00044932  
1185        -0.98672000 -0.97426451 0.00044906  
1186        -0.93576000 -0.97423204 0.00044986  
1187        -0.96976000 -0.97422827 0.00044950  
1188        -0.97456000 -0.97422855 0.00044912  
1189        -0.98616000 -0.97423859 0.00044885  
1190        -0.98432000 -0.97424706 0.00044855  
1191        -0.98168000 -0.97425330 0.00044822  
1192        -0.99448000 -0.97427027 0.00044817  
1193        -0.98296000 -0.97427755 0.00044785  
1194        -0.97392000 -0.97427725 0.00044747  
1195        -0.97064000 -0.97427421 0.00044711  
1196        -0.97640000 -0.97427599 0.00044674  
1197        -0.94912000 -0.97425497 0.00044686  
1198        -0.97776000 -0.97425790 0.00044650  
1199        -0.96456000 -0.97424981 0.00044620  
1200        -0.97144000 -0.97424747 0.00044583  
1201        -0.96048000 -0.97423600 0.00044561  
1202        -0.97360000 -0.97423547 0.00044524  
1203        -0.97560000 -0.97423661 0.00044487  
1204        -0.96728000 -0.97423083 0.00044454  
1205        -0.98776000 -0.97424206 0.00044431  
1206        -0.99680000 -0.97426076 0.00044433  
1207        -0.97320000 -0.97425988 0.00044397  
1208        -0.99280000 -0.97427523 0.00044386  
1209        -0.95424000 -0.97425866 0.00044381  
1210        -0.94272000 -0.97423260 0.00044421  
1211        -0.97776000 -0.97423551 0.00044385  
1212        -0.98192000 -0.97424185 0.00044353  
1213        -0.97584000 -0.97424317 0.00044316  
1214        -0.99392000 -0.97425937 0.00044309  
1215        -0.97296000 -0.97425830 0.00044273  
1216        -0.96936000 -0.97425428 0.00044238  
1217        -0.97040000 -0.97425111 0.00044203  
1218        -0.98464000 -0.97425964 0.00044175  
1219        -0.98224000 -0.97426619 0.00044144  
1220        -0.98768000 -0.97427718 0.00044121  
1221        -0.99152000 -0.97429130 0.00044108  
1222        -0.98824000 -0.97430272 0.00044086  
1223        -0.97664000 -0.97430463 0.00044051  
1224        -0.97512000 -0.97430529 0.00044015  
1225        -0.97944000 -0.97430949 0.00043981  
1226        -0.96088000 -0.97429853 0.00043959  
1227        -0.97744000 -0.97430109 0.00043924  
1228        -0.97792000 -0.97430404 0.00043889  
1229        -0.99248000 -0.97431883 0.00043878  
1230        -0.97752000 -0.97432143 0.00043843  
1231        -0.95792000 -0.97430811 0.00043828  
1232        -0.97272000 -0.97430682 0.00043792  
1233        -0.98112000 -0.97431234 0.00043760  
1234        -0.97736000 -0.97431481 0.00043725  
1235        -0.98408000 -0.97432272 0.00043697  
1236        -0.99256000 -0.97433748 0.00043687  
1237        -0.99440000 -0.97435369 0.00043682  
1238        -0.96984000 -0.97435005 0.00043648  
1239        -0.91936000 -0.97430567 0.00043838  
1240        -0.97040000 -0.97430252 0.00043804  
1241        -0.97952000 -0.97430672 0.00043770  
1242        -0.93904000 -0.97427833 0.00043827  
1243        -0.97752000 -0.97428093 0.00043793  
1244        -0.95568000 -0.97426598 0.00043783  
1245        -0.98128000 -0.97427161 0.00043751  
1246        -0.94504000 -0.97424815 0.00043779  
1247        -0.95696000 -0.97423429 0.00043766  
1248        -0.97296000 -0.97423327 0.00043731  
1249        -0.96664000 -0.97422719 0.00043700  
1250        -0.97776000 -0.97423002 0.00043666  
1251        -0.97640000 -0.97423175 0.00043632  
1252        -0.97040000 -0.97422869 0.00043598  
1253        -0.99480000 -0.97424511 0.00043594  
1254        -0.99880000 -0.97426469 0.00043603  
1255        -0.99080000 -0.97427786 0.00043588  
1256        -0.95952000 -0.97426611 0.00043569  
1257        -0.98304000 -0.97427309 0.00043540  
1258        -0.98168000 -0.97427898 0.00043510  
1259        -0.99816000 -0.97429795 0.00043516  
1260        -0.98456000 -0.97430610 0.00043490  
1261        -0.99296000 -0.97432089 0.00043480  
1262        -0.95360000 -0.97430447 0.00043477  
1263        -0.95504000 -0.97428922 0.00043469  
1264        -0.99792000 -0.97430791 0.00043475  
1265        -0.99032000 -0.97432057 0.00043459  
1266        -0.99648000 -0.97433807 0.00043460  
1267        -0.95072000 -0.97431943 0.00043466  
1268        -0.99856000 -0.97433855 0.00043473  
1269        -0.97000000 -0.97433513 0.00043440  
1270        -0.99136000 -0.97434854 0.00043427  
1271        -0.98664000 -0.97435821 0.00043403  
1272        -0.97888000 -0.97436176 0.00043371  
1273        -0.98920000 -0.97437342 0.00043352  
1274        -0.96824000 -0.97436860 0.00043321  
1275        -0.98960000 -0.97438055 0.00043303  
1276        -0.98088000 -0.97438564 0.00043273  
1277        -0.96984000 -0.97438208 0.00043240  
1278        -0.98144000 -0.97438761 0.00043210  
1279        -0.98352000 -0.97439475 0.00043182  
1280        -0.98160000 -0.97440038 0.00043152  
1281        -0.95776000 -0.97438738 0.00043138  
1282        -0.98800000 -0.97439800 0.00043117  
1283        -0.99504000 -0.97441409 0.00043113  
1284        -0.97344000 -0.97441333 0.00043080  
1285        -0.99840000 -0.97443200 0.00043087  
1286        -0.99712000 -0.97444964 0.00043090  
1287        -0.97120000 -0.97444712 0.00043057  
1288        -0.99040000 -0.97445950 0.00043041  
1289        -0.97264000 -0.97445809 0.00043008  
1290        -0.98192000 -0.97446388 0.00042978  
1291        -0.95816000 -0.97445125 0.00042964  
1292        -0.99280000 -0.97446545 0.00042954  
1293        -0.93088000 -0.97443174 0.00043053  
1294        -0.95800000 -0.97441904 0.00043038  
1295        -0.96424000 -0.97441118 0.00043012  
1296        -0.97824000 -0.97441414 0.00042980  
1297        -0.96984000 -0.97441061 0.00042948  
1298        -0.99616000 -0.97442737 0.00042948  
1299        -0.99448000 -0.97444280 0.00042943  
1300        -0.98616000 -0.97445182 0.00042919  
1301        -0.97800000 -0.97445454 0.00042887  
1302        -0.99288000 -0.97446869 0.00042877  
1303        -0.98784000 -0.97447896 0.00042857  
1304        -0.96976000 -0.97447534 0.00042825  
1305        -0.99816000 -0.97449349 0.00042831  
1306        -0.97472000 -0.97449366 0.00042798  
1307        -0.97392000 -0.97449322 0.00042766  
1308        -0.98704000 -0.97450281 0.00042744  
1309        -0.96352000 -0.97449442 0.00042719  
1310        -0.98792000 -0.97450467 0.00042699  
1311        -0.97424000 -0.97450447 0.00042666  
1312        -0.98208000 -0.97451024 0.00042638  
1313        -0.99616000 -0.97452673 0.00042637  
1314        -0.99472000 -0.97454210 0.00042632  
1315        -0.98256000 -0.97454820 0.00042604  
1316        -0.96424000 -0.97454036 0.00042579  
1317        -0.96464000 -0.97453285 0.00042553  
1318        -0.95128000 -0.97451520 0.00042558  
1319        -0.98208000 -0.97452094 0.00042529  
1320        -0.97128000 -0.97451848 0.00042498  
1321        -0.99728000 -0.97453572 0.00042500  
1322        -0.96920000 -0.97453168 0.00042470  
1323        -0.98552000 -0.97453998 0.00042446  
1324        -0.99072000 -0.97455221 0.00042432  
1325        -0.98816000 -0.97456248 0.00042412  
1326        -0.99448000 -0.97457750 0.00042407  
1327        -0.98040000 -0.97458188 0.00042377  
1328        -0.93384000 -0.97455120 0.00042456  
1329        -0.98912000 -0.97456217 0.00042438  
1330        -0.98208000 -0.97456782 0.00042410  
1331        -0.97176000 -0.97456571 0.00042379  
1332        -0.95608000 -0.97455183 0.00042370  
1333        -0.98456000 -0.97455934 0.00042345  
1334        -0.95584000 -0.97454531 0.00042336  
1335        -0.97456000 -0.97454532 0.00042304  
1336        -0.98592000 -0.97455383 0.00042281  
1337        -0.98456000 -0.97456132 0.00042256  
1338        -0.98952000 -0.97457250 0.00042239  
1339        -0.98000000 -0.97457655 0.00042210  
1340        -0.99072000 -0.97458860 0.00042196  
1341        -0.94600000 -0.97456728 0.00042218  
1342        -0.98640000 -0.97457610 0.00042196  
1343        -0.95760000 -0.97456345 0.00042183  
1344        -0.99016000 -0.97457506 0.00042168  
1345        -0.99656000 -0.97459141 0.00042168  
1346        -0.99192000 -0.97460428 0.00042156  
1347        -0.98904000 -0.97461500 0.00042139  
1348        -0.97832000 -0.97461774 0.00042108  
1349        -0.95896000 -0.97460614 0.00042093  
1350        -0.92608000 -0.97457019 0.00042215  
1351        -0.97256000 -0.97456870 0.00042184  
1352        -0.96840000 -0.97456414 0.00042156  
1353        -0.97760000 -0.97456639 0.00042125  
1354        -0.97496000 -0.97456668 0.00042094  
1355        -0.96944000 -0.97456289 0.00042064  
1356        -0.98456000 -0.97457027 0.00042040  
1357        -0.96640000 -0.97456424 0.00042013  
1358        -0.99664000 -0.97458050 0.00042014  
1359        -0.98976000 -0.97459167 0.00041998  
1360        -0.98112000 -0.97459647 0.00041969  
1361        -0.98232000 -0.97460215 0.00041942  
1362        -0.97120000 -0.97459965 0.00041912  
1363        -0.98064000 -0.97460408 0.00041884  
1364        -0.95824000 -0.97459208 0.00041870  
1365        -0.98016000 -0.97459616 0.00041842  
1366        -0.98352000 -0.97460269 0.00041816  
1367        -0.92768000 -0.97456837 0.00041926  
1368        -0.98848000 -0.97457854 0.00041908  
1369        -0.98952000 -0.97458945 0.00041892  
1370        -0.99168000 -0.97460193 0.00041880  
1371        -0.97048000 -0.97459892 0.00041850  
1372        -0.97888000 -0.97460204 0.00041821  
1373        -0.97536000 -0.97460259 0.00041790  
1374        -0.96480000 -0.97459546 0.00041766  
1375        -0.96792000 -0.97459060 0.00041739  
1376        -0.98560000 -0.97459860 0.00041716  
1377        -0.98272000 -0.97460450 0.00041690  
1378        -0.98920000 -0.97461509 0.00041673  
1379        -0.98992000 -0.97462619 0.00041657  
1380        -0.99456000 -0.97464064 0.00041652  
1381        -0.98056000 -0.97464492 0.00041624  
1382        -0.99328000 -0.97465841 0.00041616  
1383        -0.96600000 -0.97465215 0.00041591  
1384        -0.94008000 -0.97462717 0.00041636  
1385        -0.94384000 -0.97460494 0.00041665  
1386        -0.98328000 -0.97461120 0.00041640  
1387        -0.96168000 -0.97460187 0.00041620  
1388        -0.98768000 -0.97461130 0.00041601  
1389        -0.97736000 -0.97461328 0.00041571  
1390        -0.97376000 -0.97461266 0.00041541  
1391        -0.97712000 -0.97461446 0.00041512  
1392        -0.97736000 -0.97461644 0.00041482  
1393        -0.96416000 -0.97460893 0.00041459  
1394        -0.98608000 -0.97461716 0.00041438  
1395        -0.98040000 -0.97462130 0.00041410  
1396        -0.97856000 -0.97462413 0.00041381  
1397        -0.98456000 -0.97463124 0.00041358  
1398        -0.99352000 -0.97464475 0.00041350  
1399        -0.95672000 -0.97463194 0.00041341  
1400        -0.97560000 -0.97463263 0.00041311  
1401        -0.96160000 -0.97462333 0.00041292  
1402        -0.97864000 -0.97462619 0.00041264  
1403        -0.98072000 -0.97463053 0.00041237  
1404        -0.96912000 -0.97462661 0.00041209  
1405        -0.98976000 -0.97463738 0.00041194  
1406        -0.98584000 -0.97464535 0.00041172  
1407        -0.97440000 -0.97464517 0.00041143  
1408        -0.98992000 -0.97465602 0.00041128  
1409        -0.97032000 -0.97465295 0.00041100  
1410        -0.96128000 -0.97464346 0.00041082  
1411        -0.98656000 -0.97465191 0.00041061  
1412        -0.98200000 -0.97465711 0.00041036  
1413        -0.98880000 -0.97466712 0.00041019  
1414        -0.98752000 -0.97467621 0.00041000  
1415        -0.94128000 -0.97465261 0.00041039  
1416        -0.98416000 -0.97465932 0.00041015  
1417        -0.99952000 -0.97467687 0.00041024  
1418        -0.95552000 -0.97466336 0.00041017  
1419        -0.98480000 -0.97467050 0.00040994  
1420        -0.97192000 -0.97466856 0.00040966  
1421        -0.99560000 -0.97468329 0.00040964  
1422        -0.98432000 -0.97469007 0.00040940  
1423        -0.98824000 -0.97469959 0.00040923  
1424        -0.99416000 -0.97471326 0.00040917  
1425        -0.98592000 -0.97472112 0.00040896  
1426        -0.96752000 -0.97471607 0.00040870  
1427        -0.97728000 -0.97471787 0.00040842  
1428        -0.97472000 -0.97471787 0.00040813  
1429        -0.97280000 -0.97471653 0.00040785  
1430        -0.98432000 -0.97472324 0.00040762  
1431        -0.99504000 -0.97473744 0.00040758  
1432        -0.93928000 -0.97471268 0.00040805  
1433        -0.98800000 -0.97472195 0.00040787  
1434        -0.96728000 -0.97471676 0.00040762  
1435        -0.99104000 -0.97472814 0.00040749  
1436        -0.96600000 -0.97472206 0.00040725  
1437        -0.97480000 -0.97472212 0.00040697  
1438        -0.99168000 -0.97473391 0.00040686  
1439        -0.97344000 -0.97473301 0.00040658  
1440        -0.99256000 -0.97474539 0.00040648  
1441        -0.99112000 -0.97475675 0.00040636  
1442        -0.97976000 -0.97476022 0.00040609  
1443        -0.96984000 -0.97475681 0.00040582  
1444        -0.93488000 -0.97472920 0.00040648  
1445        -0.95136000 -0.97471302 0.00040652  
1446        -0.97440000 -0.97471281 0.00040624  
1447        -0.96632000 -0.97470701 0.00040600  
1448        -0.98912000 -0.97471696 0.00040584  
1449        -0.98072000 -0.97472110 0.00040559  
1450        -0.95784000 -0.97470946 0.00040547  
1451        -0.96456000 -0.97470247 0.00040525  
1452        -0.92488000 -0.97466815 0.00040643  
1453        -0.95136000 -0.97465211 0.00040646  
1454        -0.97560000 -0.97465276 0.00040618  
1455        -0.98480000 -0.97465974 0.00040596  
1456        -0.97128000 -0.97465742 0.00040569  
1457        -0.98384000 -0.97466372 0.00040546  
1458        -0.94296000 -0.97464198 0.00040577  
1459        -0.97160000 -0.97463989 0.00040549  
1460        -0.98048000 -0.97464389 0.00040524  
1461        -0.97352000 -0.97464312 0.00040496  
1462        -0.99880000 -0.97465964 0.00040502  
1463        -0.97136000 -0.97465739 0.00040475  
1464        -0.95688000 -0.97464525 0.00040465  
1465        -0.98352000 -0.97465130 0.00040442  
1466        -0.98296000 -0.97465697 0.00040419  
1467        -0.97568000 -0.97465767 0.00040391  
1468        -0.98272000 -0.97466316 0.00040367  
1469        -0.95872000 -0.97465231 0.00040355  
1470        -0.99208000 -0.97466416 0.00040344  
1471        -0.97176000 -0.97466219 0.00040318  
1472        -0.97344000 -0.97466136 0.00040290  
1473        -0.99496000 -0.97467514 0.00040286  
1474        -0.98088000 -0.97467935 0.00040261  
1475        -0.97864000 -0.97468203 0.00040235  
1476        -0.97472000 -0.97468206 0.00040208  
1477        -0.99456000 -0.97469552 0.00040203  
1478        -0.97128000 -0.97469321 0.00040176  
1479        -0.98872000 -0.97470269 0.00040160  
1480        -0.94568000 -0.97468308 0.00040181  
1481        -0.94008000 -0.97465972 0.00040222  
1482        -0.97032000 -0.97465679 0.00040196  
1483        -0.95464000 -0.97464329 0.00040191  
1484        -0.96488000 -0.97463671 0.00040170  
1485        -0.96416000 -0.97462966 0.00040149  
1486        -0.94952000 -0.97461276 0.00040157  
1487        -0.98344000 -0.97461870 0.00040135  
1488        -0.97008000 -0.97461565 0.00040109  
1489        -0.95432000 -0.97460201 0.00040105  
1490        -0.94672000 -0.97458330 0.00040122  
1491        -0.99688000 -0.97459826 0.00040123  
1492        -0.96416000 -0.97459126 0.00040102  
1493        -0.99712000 -0.97460635 0.00040104  
1494        -0.98568000 -0.97461376 0.00040084  
1495        -0.96736000 -0.97460891 0.00040060  
1496        -0.97112000 -0.97460658 0.00040034  
1497        -0.99424000 -0.97461969 0.00040028  
1498        -0.98360000 -0.97462569 0.00040006  
1499        -0.99200000 -0.97463728 0.00039996  
1500        -0.97720000 -0.97463899 0.00039970  
1501        -0.94632000 -0.97462012 0.00039988  
1502        -0.98728000 -0.97462855 0.00039970  
1503        -0.98080000 -0.97463265 0.00039946  
1504        -0.97480000 -0.97463277 0.00039919  
1505        -0.96360000 -0.97462544 0.00039899  
1506        -0.96720000 -0.97462050 0.00039876  
1507        -0.95048000 -0.97460449 0.00039881  
1508        -0.96480000 -0.97459798 0.00039860  
1509        -0.98752000 -0.97460655 0.00039843  
1510        -0.98704000 -0.97461478 0.00039825  
1511        -0.98472000 -0.97462147 0.00039804  
1512        -0.96560000 -0.97461550 0.00039783  
1513        -0.96368000 -0.97460827 0.00039763  
1514        -0.98728000 -0.97461664 0.00039745  
1515        -0.96896000 -0.97461291 0.00039721  
1516        -0.97048000 -0.97461018 0.00039696  
1517        -0.95944000 -0.97460018 0.00039682  
1518        -0.97960000 -0.97460348 0.00039657  
1519        -0.98392000 -0.97460961 0.00039636  
1520        -0.97616000 -0.97461063 0.00039610  
1521        -0.95608000 -0.97459845 0.00039603  
1522        -0.96408000 -0.97459154 0.00039583  
1523        -0.95360000 -0.97457775 0.00039581  
1524        -0.96592000 -0.97457207 0.00039559  
1525        -0.99512000 -0.97458555 0.00039556  
1526        -0.97496000 -0.97458579 0.00039530  
1527        -0.99032000 -0.97459610 0.00039517  
1528        -0.96320000 -0.97458864 0.00039499  
1529        -0.98624000 -0.97459626 0.00039480  
1530        -0.98832000 -0.97460523 0.00039464  
1531        -0.99536000 -0.97461879 0.00039462  
1532        -0.98056000 -0.97462266 0.00039438  
1533        -0.95088000 -0.97460718 0.00039443  
1534        -0.97720000 -0.97460887 0.00039417  
1535        -0.95424000 -0.97459560 0.00039414  
1536        -0.98984000 -0.97460552 0.00039401  
1537        -0.95704000 -0.97459409 0.00039392  
1538        -0.98496000 -0.97460083 0.00039372  
1539        -0.93264000 -0.97457357 0.00039441  
1540        -0.99840000 -0.97458904 0.00039445  
1541        -0.97480000 -0.97458918 0.00039420  
1542        -0.98176000 -0.97459383 0.00039397  
1543        -0.97536000 -0.97459432 0.00039372  
1544        -0.96152000 -0.97458585 0.00039355  
1545        -0.99256000 -0.97459749 0.00039347  
1546        -0.99136000 -0.97460833 0.00039336  
1547        -0.97656000 -0.97460959 0.00039311  
1548        -0.98808000 -0.97461829 0.00039295  
1549        -0.97352000 -0.97461759 0.00039270  
1550        -0.97248000 -0.97461621 0.00039245  
1551        -0.97416000 -0.97461591 0.00039220  
1552        -0.98496000 -0.97462258 0.00039200  
1553        -0.99320000 -0.97463454 0.00039193  
1554        -0.99480000 -0.97464752 0.00039189  
1555        -0.98704000 -0.97465549 0.00039172  
1556        -0.97304000 -0.97465445 0.00039147  
1557        -0.96776000 -0.97465002 0.00039125  
1558        -0.95344000 -0.97463641 0.00039123  
1559        -0.97008000 -0.97463348 0.00039099  
1560        -0.97520000 -0.97463385 0.00039074  
1561        -0.97248000 -0.97463247 0.00039049  
1562        -0.99080000 -0.97464282 0.00039038  
1563        -0.98040000 -0.97464650 0.00039015  
1564        -0.95544000 -0.97463422 0.00039009  
1565        -0.97920000 -0.97463714 0.00038985  
1566        -0.96664000 -0.97463203 0.00038964  
1567        -0.95288000 -0.97461815 0.00038964  
1568        -0.97536000 -0.97461862 0.00038939  
1569        -0.96448000 -0.97461216 0.00038919  
1570        -0.94976000 -0.97459633 0.00038927  
1571        -0.96936000 -0.97459300 0.00038903  
1572        -0.96928000 -0.97458962 0.00038880  
1573        -0.93344000 -0.97456346 0.00038943  
1574        -0.94592000 -0.97454526 0.00038961  
1575        -0.95792000 -0.97453470 0.00038951  
1576        -0.96712000 -0.97453000 0.00038929  
1577        -0.99448000 -0.97454265 0.00038925  
1578        -0.98496000 -0.97454925 0.00038905  
1579        -0.99568000 -0.97456263 0.00038904  
1580        -0.99368000 -0.97457473 0.00038898  
1581        -0.98544000 -0.97458161 0.00038880  
1582        -0.98240000 -0.97458655 0.00038858  
1583        -0.95856000 -0.97457642 0.00038847  
1584        -0.95928000 -0.97456677 0.00038834  
1585        -0.99040000 -0.97457676 0.00038823  
1586        -0.97296000 -0.97457574 0.00038798  
1587        -0.96512000 -0.97456978 0.00038778  
1588        -0.96808000 -0.97456569 0.00038756  
1589        -0.97840000 -0.97456811 0.00038732  
1590        -0.96544000 -0.97456236 0.00038712  
1591        -0.93616000 -0.97453823 0.00038763  
1592        -0.98752000 -0.97454638 0.00038747  
1593        -0.99048000 -0.97455638 0.00038736  
1594        -0.97688000 -0.97455784 0.00038712  
1595        -0.96536000 -0.97455208 0.00038692  
1596        -0.97912000 -0.97455494 0.00038669  
1597        -0.99080000 -0.97456511 0.00038658  
1598        -0.92672000 -0.97453517 0.00038750  
1599        -0.98512000 -0.97454179 0.00038731  
1600        -0.98544000 -0.97454860 0.00038713  
1601        -0.96904000 -0.97454516 0.00038690  
1602        -0.97912000 -0.97454801 0.00038667  
1603        -0.95976000 -0.97453879 0.00038654  
1604        -0.95968000 -0.97452953 0.00038641  
1605        -0.95960000 -0.97452022 0.00038628  
1606        -0.98120000 -0.97452438 0.00038606  
1607        -0.95216000 -0.97451047 0.00038607  
1608        -0.97536000 -0.97451100 0.00038583  
1609        -0.98808000 -0.97451943 0.00038569  
1610        -0.98080000 -0.97452333 0.00038547  
1611        -0.97888000 -0.97452603 0.00038524  
1612        -0.96888000 -0.97452253 0.00038501  
1613        -0.96744000 -0.97451814 0.00038480  
1614        -0.98432000 -0.97452421 0.00038461  
1615        -0.98800000 -0.97453256 0.00038446  
1616        -0.99080000 -0.97454262 0.00038435  
1617        -0.96256000 -0.97453521 0.00038419  
1618        -0.98928000 -0.97454433 0.00038406  
1619        -0.98320000 -0.97454967 0.00038386  
1620        -0.99104000 -0.97455985 0.00038376  
1621        -0.97080000 -0.97455753 0.00038353  
1622        -0.94976000 -0.97454224 0.00038359  
1623        -0.97384000 -0.97454181 0.00038336  
1624        -0.93512000 -0.97451754 0.00038389  
1625        -0.97784000 -0.97451958 0.00038366  
1626        -0.99632000 -0.97453299 0.00038366  
1627        -0.97336000 -0.97453227 0.00038342  
1628        -0.99440000 -0.97454447 0.00038338  
1629        -0.98400000 -0.97455028 0.00038319  
1630        -0.95408000 -0.97453772 0.00038316  
1631        -0.97888000 -0.97454038 0.00038294  
1632        -0.97672000 -0.97454172 0.00038270  
1633        -0.94440000 -0.97452326 0.00038291  
1634        -0.95568000 -0.97451173 0.00038285  
1635        -0.98656000 -0.97451909 0.00038269  
1636        -0.99832000 -0.97453364 0.00038273  
1637        -0.98472000 -0.97453987 0.00038255  
1638        -0.95712000 -0.97452923 0.00038246  
1639        -0.97360000 -0.97452866 0.00038223  
1640        -0.97648000 -0.97452985 0.00038200  
1641        -0.99360000 -0.97454147 0.00038194  
1642        -0.98096000 -0.97454538 0.00038173  
1643        -0.99784000 -0.97455956 0.00038176  
1644        -0.99856000 -0.97457416 0.00038181  
1645        -0.97960000 -0.97457722 0.00038159  
1646        -0.98904000 -0.97458600 0.00038146  
1647        -0.96896000 -0.97458259 0.00038124  
1648        -0.97816000 -0.97458476 0.00038102  
1649        -0.96904000 -0.97458139 0.00038080  
1650        -0.98056000 -0.97458502 0.00038059  
1651        -0.98080000 -0.97458878 0.00038037  
1652        -0.95816000 -0.97457884 0.00038027  
1653        -0.96464000 -0.97457283 0.00038009  
1654        -0.99640000 -0.97458602 0.00038009  
1655        -0.98864000 -0.97459451 0.00037996  
1656        -0.98136000 -0.97459860 0.00037975  
1657        -0.99696000 -0.97461209 0.00037976  
1658        -0.94864000 -0.97459643 0.00037985  
1659        -0.99272000 -0.97460735 0.00037978  
1660        -0.96696000 -0.97460275 0.00037958  
1661        -0.95984000 -0.97459386 0.00037946  
1662        -0.98224000 -0.97459846 0.00037926  
1663        -0.96672000 -0.97459372 0.00037906  
1664        -0.98504000 -0.97460000 0.00037888  
1665        -0.94456000 -0.97458196 0.00037908  
1666        -0.98408000 -0.97458766 0.00037890  
1667        -0.99232000 -0.97459830 0.00037882  
1668        -0.98424000 -0.97460408 0.00037864  
1669        -0.98456000 -0.97461004 0.00037846  
1670        -0.97344000 -0.97460934 0.00037823  
1671        -0.96840000 -0.97460563 0.00037802  
1672        -0.97752000 -0.97460737 0.00037780  
1673        -0.98992000 -0.97461652 0.00037769  
1674        -0.99600000 -0.97462930 0.00037768  
1675        -0.99608000 -0.97464210 0.00037767  
1676        -0.97736000 -0.97464372 0.00037745  
1677        -0.94912000 -0.97462850 0.00037753  
1678        -0.98176000 -0.97463275 0.00037733  
1679        -0.98296000 -0.97463771 0.00037713  
1680        -0.97360000 -0.97463710 0.00037691  
1681        -0.99288000 -0.97464795 0.00037684  
1682        -0.97336000 -0.97464718 0.00037662  
1683        -0.97880000 -0.97464965 0.00037640  
1684        -0.94224000 -0.97463040 0.00037667  
1685        -0.95120000 -0.97461650 0.00037670  
1686        -0.99400000 -0.97462800 0.00037666  
1687        -0.97328000 -0.97462720 0.00037643  
1688        -0.98712000 -0.97463460 0.00037628  
1689        -0.96952000 -0.97463157 0.00037607  
1690        -0.94544000 -0.97461430 0.00037625  
1691        -0.97976000 -0.97461734 0.00037604  
1692        -0.95040000 -0.97460303 0.00037609  
1693        -0.99296000 -0.97461387 0.00037602  
1694        -0.97184000 -0.97461223 0.00037580  
1695        -0.97128000 -0.97461027 0.00037559  
1696        -0.97056000 -0.97460788 0.00037537  
1697        -0.96952000 -0.97460488 0.00037516  
1698        -0.98176000 -0.97460909 0.00037497  
1699        -0.99544000 -0.97462135 0.00037495  
1700        -0.95512000 -0.97460988 0.00037490  
1701        -0.95728000 -0.97459969 0.00037482  
1702        -0.95784000 -0.97458985 0.00037473  
1703        -0.96160000 -0.97458222 0.00037459  
1704        -0.99672000 -0.97459521 0.00037459  
1705        -0.94992000 -0.97458074 0.00037465  
1706        -0.95600000 -0.97456985 0.00037459  
1707        -0.97728000 -0.97457144 0.00037437  
1708        -0.97440000 -0.97457133 0.00037415  
1709        -0.99136000 -0.97458116 0.00037406  
1710        -0.96328000 -0.97457455 0.00037390  
1711        -0.97296000 -0.97457361 0.00037369  
1712        -0.99232000 -0.97458397 0.00037361  
1713        -0.98576000 -0.97459050 0.00037345  
1714        -0.98072000 -0.97459407 0.00037325  
1715        -0.99264000 -0.97460459 0.00037318  
1716        -0.99216000 -0.97461483 0.00037310  
1717        -0.99064000 -0.97462416 0.00037300  
1718        -0.95544000 -0.97461299 0.00037295  
1719        -0.95712000 -0.97460282 0.00037287  
1720        -0.98760000 -0.97461037 0.00037273  
1721        -0.98264000 -0.97461504 0.00037255  
1722        -0.98992000 -0.97462393 0.00037244  
1723        -0.96352000 -0.97461748 0.00037228  
1724        -0.95408000 -0.97460557 0.00037225  
1725        -0.98768000 -0.97461315 0.00037211  
1726        -0.99224000 -0.97462336 0.00037204  
1727        -0.96392000 -0.97461716 0.00037187  
1728        -0.98760000 -0.97462468 0.00037173  
1729        -0.98112000 -0.97462843 0.00037154  
1730        -0.96608000 -0.97462349 0.00037136  
1731        -0.96368000 -0.97461717 0.00037119  
1732        -0.97144000 -0.97461533 0.00037098  
1733        -0.98136000 -0.97461923 0.00037079  
1734        -0.96248000 -0.97461223 0.00037064  
1735        -0.98280000 -0.97461695 0.00037046  
1736        -0.98912000 -0.97462530 0.00037034  
1737        -0.96096000 -0.97461743 0.00037021  
1738        -0.96456000 -0.97461165 0.00037004  
1739        -0.97856000 -0.97461392 0.00036984  
1740        -0.99336000 -0.97462469 0.00036978  
1741        -0.97808000 -0.97462667 0.00036957  
1742        -0.99296000 -0.97463720 0.00036951  
1743        -0.94512000 -0.97462026 0.00036969  
1744        -0.96800000 -0.97461647 0.00036950  
1745        -0.98024000 -0.97461969 0.00036930  
1746        -0.94600000 -0.97460330 0.00036945  
1747        -0.96184000 -0.97459599 0.00036931  
1748        -0.98928000 -0.97460439 0.00036919  
1749        -0.99056000 -0.97461352 0.00036910  
1750        -0.98056000 -0.97461691 0.00036890  
1751        -0.95624000 -0.97460642 0.00036884  
1752        -0.97112000 -0.97460443 0.00036863  
1753        -0.97216000 -0.97460303 0.00036843  
1754        -0.94856000 -0.97458819 0.00036852  
1755        -0.95448000 -0.97457673 0.00036848  
1756        -0.98560000 -0.97458301 0.00036833  
1757        -0.96768000 -0.97457908 0.00036814  
1758        -0.95872000 -0.97457006 0.00036804  
1759        -0.98840000 -0.97457792 0.00036791  
1760        -0.98600000 -0.97458441 0.00036776  
1761        -0.97160000 -0.97458271 0.00036756  
1762        -0.96384000 -0.97457662 0.00036740  
1763        -0.98440000 -0.97458219 0.00036723  
1764        -0.97048000 -0.97457986 0.00036703  
1765        -0.99200000 -0.97458973 0.00036696  
1766        -0.98648000 -0.97459647 0.00036681  
1767        -0.97552000 -0.97459699 0.00036660  
1768        -0.93912000 -0.97457692 0.00036695  
1769        -0.99080000 -0.97458609 0.00036685  
1770        -0.98008000 -0.97458920 0.00036666  
1771        -0.98640000 -0.97459587 0.00036651  
1772        -0.94872000 -0.97458126 0.00036660  
1773        -0.99048000 -0.97459023 0.00036650  
1774        -0.98712000 -0.97459729 0.00036636  
1775        -0.98560000 -0.97460349 0.00036621  
1776        -0.97688000 -0.97460477 0.00036600  
1777        -0.98056000 -0.97460813 0.00036581  
1778        -0.97504000 -0.97460837 0.00036561  
1779        -0.98912000 -0.97461653 0.00036549  
1780        -0.99824000 -0.97462980 0.00036553  
1781        -0.97496000 -0.97462998 0.00036532  
1782        -0.95664000 -0.97461989 0.00036526  
1783        -0.96800000 -0.97461617 0.00036507  
1784        -0.98120000 -0.97461987 0.00036488  
1785        -0.97512000 -0.97462015 0.00036468  
1786        -0.97296000 -0.97461922 0.00036448  
1787        -0.94368000 -0.97460190 0.00036468  
1788        -0.92544000 -0.97457441 0.00036552  
1789        -0.96592000 -0.97456957 0.00036534  
1790        -0.99584000 -0.97458145 0.00036533  
1791        -0.95568000 -0.97457090 0.00036528  
1792        -0.98344000 -0.97457585 0.00036511  
1793        -0.96784000 -0.97457209 0.00036493  
1794        -0.98616000 -0.97457855 0.00036478  
1795        -0.96408000 -0.97457270 0.00036462  
1796        -0.98992000 -0.97458125 0.00036452  
1797        -0.98864000 -0.97458907 0.00036440  
1798        -0.98224000 -0.97459333 0.00036422  
1799        -0.96120000 -0.97458588 0.00036410  
1800        -0.98648000 -0.97459249 0.00036396  
1801        -0.99240000 -0.97460238 0.00036389  
1802        -0.98448000 -0.97460786 0.00036373  
1803        -0.96904000 -0.97460477 0.00036354  
1804        -0.98328000 -0.97460958 0.00036337  
1805        -0.99304000 -0.97461979 0.00036331  
1806        -0.92664000 -0.97459322 0.00036408  
1807        -0.95912000 -0.97458466 0.00036398  
1808        -0.98016000 -0.97458774 0.00036379  
1809        -0.96984000 -0.97458512 0.00036360  
1810        -0.99664000 -0.97459730 0.00036360  
1811        -0.95664000 -0.97458739 0.00036354  
1812        -0.98376000 -0.97459245 0.00036337  
1813        -0.98152000 -0.97459627 0.00036319  
1814        -0.98760000 -0.97460344 0.00036306  
1815        -0.95784000 -0.97459420 0.00036298  
1816        -0.98480000 -0.97459982 0.00036282  
1817        -0.93952000 -0.97458052 0.00036314  
1818        -0.96608000 -0.97457584 0.00036297  
1819        -0.97184000 -0.97457434 0.00036277  
1820        -0.97312000 -0.97457354 0.00036257  
1821        -0.95976000 -0.97456540 0.00036246  
1822        -0.99568000 -0.97457699 0.00036245  
1823        -0.99464000 -0.97458800 0.00036242  
1824        -0.97624000 -0.97458890 0.00036222  
1825        -0.97064000 -0.97458674 0.00036203  
1826        -0.98304000 -0.97459137 0.00036186  
1827        -0.98912000 -0.97459932 0.00036175  
1828        -0.99120000 -0.97460840 0.00036167  
1829        -0.95016000 -0.97459504 0.00036171  
1830        -0.94072000 -0.97457652 0.00036199  
1831        -0.99208000 -0.97458608 0.00036192  
1832        -0.96520000 -0.97458096 0.00036176  
1833        -0.99824000 -0.97459387 0.00036179  
1834        -0.96472000 -0.97458848 0.00036163  
1835        -0.99528000 -0.97459976 0.00036161  
1836        -0.97456000 -0.97459974 0.00036142  
1837        -0.98888000 -0.97460751 0.00036130  
1838        -0.97848000 -0.97460962 0.00036111  
1839        -0.99176000 -0.97461895 0.00036104  
1840        -0.96552000 -0.97461400 0.00036087  
1841        -0.96224000 -0.97460728 0.00036074  
1842        -0.98640000 -0.97461368 0.00036060  
1843        -0.99360000 -0.97462398 0.00036055  
1844        -0.98680000 -0.97463059 0.00036042  
1845        -0.95744000 -0.97462127 0.00036034  
1846        -0.97584000 -0.97462193 0.00036015  
1847        -0.95272000 -0.97461007 0.00036015  
1848        -0.98704000 -0.97461680 0.00036002  
1849        -0.99208000 -0.97462624 0.00035994  
1850        -0.95800000 -0.97461725 0.00035986  
1851        -0.95728000 -0.97460789 0.00035979  
1852        -0.96704000 -0.97460380 0.00035962  
1853        -0.99056000 -0.97461241 0.00035953  
1854        -0.98552000 -0.97461830 0.00035938  
1855        -0.97792000 -0.97462008 0.00035919  
1856        -0.98856000 -0.97462759 0.00035908  
1857        -0.97384000 -0.97462716 0.00035888  
1858        -0.96784000 -0.97462351 0.00035871  
1859        -0.96432000 -0.97461797 0.00035856  
1860        -0.96592000 -0.97461329 0.00035840  
1861        -0.99312000 -0.97462323 0.00035834  
1862        -0.94824000 -0.97460907 0.00035843  
1863        -0.97280000 -0.97460809 0.00035824  
1864        -0.95888000 -0.97459966 0.00035815  
1865        -0.93400000 -0.97457789 0.00035862  
1866        -0.97136000 -0.97457616 0.00035843  
1867        -0.95616000 -0.97456630 0.00035837  
1868        -0.98872000 -0.97457388 0.00035826  
1869        -0.99656000 -0.97458564 0.00035826  
1870        -0.98984000 -0.97459380 0.00035816  
1871        -0.99416000 -0.97460425 0.00035812  
1872        -0.99528000 -0.97461530 0.00035810  
1873        -0.94528000 -0.97459964 0.00035825  
1874        -0.96952000 -0.97459693 0.00035807  
1875        -0.96408000 -0.97459132 0.00035793  
1876        -0.97784000 -0.97459305 0.00035774  
1877        -0.97376000 -0.97459261 0.00035755  
1878        -0.96064000 -0.97458518 0.00035744  
1879        -0.94360000 -0.97456869 0.00035763  
1880        -0.93624000 -0.97454830 0.00035802  
1881        -0.99640000 -0.97455991 0.00035801  
1882        -0.99392000 -0.97457020 0.00035797  
1883        -0.96928000 -0.97456739 0.00035779  
1884        -0.96904000 -0.97456446 0.00035762  
1885        -0.98048000 -0.97456760 0.00035744  
1886        -0.93392000 -0.97454604 0.00035790  
1887        -0.95984000 -0.97453825 0.00035779  
1888        -0.98144000 -0.97454191 0.00035762  
1889        -0.95624000 -0.97453222 0.00035757  
1890        -0.97392000 -0.97453189 0.00035738  
1891        -0.98248000 -0.97453610 0.00035721  
1892        -0.97872000 -0.97453831 0.00035703  
1893        -0.98288000 -0.97454272 0.00035687  
1894        -0.98984000 -0.97455079 0.00035677  
1895        -0.98496000 -0.97455628 0.00035663  
1896        -0.95680000 -0.97454692 0.00035656  
1897        -0.96000000 -0.97453925 0.00035645  
1898        -0.99688000 -0.97455102 0.00035646  
1899        -0.96944000 -0.97454833 0.00035628  
1900        -0.98504000 -0.97455385 0.00035614  
1901        -0.97760000 -0.97455546 0.00035596  
1902        -0.98984000 -0.97456349 0.00035586  
1903        -0.97552000 -0.97456399 0.00035567  
1904        -0.96688000 -0.97455996 0.00035551  
1905        -0.99232000 -0.97456928 0.00035544  
1906        -0.98832000 -0.97457650 0.00035533  
1907        -0.97640000 -0.97457745 0.00035515  
1908        -0.96376000 -0.97457178 0.00035500  
1909        -0.97080000 -0.97456981 0.00035482  
1910        -0.96576000 -0.97456519 0.00035467  
1911        -0.93920000 -0.97454669 0.00035497  
1912        -0.97160000 -0.97454515 0.00035478  
1913        -0.91864000 -0.97451592 0.00035580  
1914        -0.97192000 -0.97451457 0.00035562  
1915        -0.98336000 -0.97451919 0.00035546  
1916        -0.98592000 -0.97452514 0.00035532  
1917        -0.98648000 -0.97453137 0.00035519  
1918        -0.96160000 -0.97452463 0.00035507  
1919        -0.97592000 -0.97452536 0.00035489  
1920        -0.96464000 -0.97452021 0.00035474  
1921        -0.95224000 -0.97450861 0.00035475  
1922        -0.98272000 -0.97451288 0.00035459  
1923        -0.99000000 -0.97452094 0.00035449  
1924        -0.98184000 -0.97452474 0.00035433  
1925        -0.97104000 -0.97452293 0.00035415  
1926        -0.97104000 -0.97452112 0.00035397  
1927        -0.96592000 -0.97451666 0.00035382  
1928        -0.96656000 -0.97451253 0.00035366  
1929        -0.95536000 -0.97450260 0.00035361  
1930        -0.93136000 -0.97448025 0.00035414  
1931        -0.95840000 -0.97447192 0.00035405  
1932        -0.97712000 -0.97447329 0.00035387  
1933        -0.95056000 -0.97446092 0.00035390  
1934        -0.98480000 -0.97446627 0.00035376  
1935        -0.98216000 -0.97447024 0.00035360  
1936        -0.98952000 -0.97447802 0.00035350  
1937        -0.98776000 -0.97448487 0.00035339  
1938        -0.99760000 -0.97449680 0.00035340  
1939        -0.97640000 -0.97449778 0.00035322  
1940        -0.98128000 -0.97450128 0.00035306  
1941        -0.97072000 -0.97449933 0.00035288  
1942        -0.98168000 -0.97450303 0.00035272  
1943        -0.97496000 -0.97450326 0.00035254  
1944        -0.97368000 -0.97450284 0.00035236  
1945        -0.99552000 -0.97451365 0.00035234  
1946        -0.98168000 -0.97451733 0.00035218  
1947        -0.97256000 -0.97451632 0.00035200  
1948        -0.96736000 -0.97451265 0.00035184  
1949        -0.98384000 -0.97451743 0.00035169  
1950        -0.97840000 -0.97451943 0.00035152  
1951        -0.94544000 -0.97450452 0.00035165  
1952        -0.97728000 -0.97450594 0.00035147  
1953        -0.97864000 -0.97450806 0.00035130  
1954        -0.98776000 -0.97451484 0.00035119  
1955        -0.99264000 -0.97452411 0.00035113  
1956        -0.97824000 -0.97452601 0.00035096  
1957        -0.96240000 -0.97451982 0.00035083  
1958        -0.97720000 -0.97452118 0.00035065  
1959        -0.98472000 -0.97452639 0.00035051  
1960        -0.96944000 -0.97452380 0.00035034  
1961        -0.97528000 -0.97452418 0.00035017  
1962        -0.97040000 -0.97452208 0.00034999  
1963        -0.98584000 -0.97452785 0.00034986  
1964        -0.99192000 -0.97453670 0.00034980  
1965        -0.97136000 -0.97453508 0.00034962  
1966        -0.99120000 -0.97454356 0.00034955  
1967        -0.97320000 -0.97454288 0.00034937  
1968        -0.99056000 -0.97455102 0.00034929  
1969        -0.97224000 -0.97454984 0.00034911  
1970        -0.99480000 -0.97456012 0.00034909  
1971        -0.97168000 -0.97455866 0.00034891  
1972        -0.95376000 -0.97454811 0.00034889  
1973        -0.97512000 -0.97454840 0.00034872  
1974        -0.96392000 -0.97454302 0.00034858  
1975        -0.98144000 -0.97454651 0.00034842  
1976        -0.99456000 -0.97455664 0.00034839  
1977        -0.97952000 -0.97455915 0.00034823  
1978        -0.96840000 -0.97455604 0.00034807  
1979        -0.98360000 -0.97456061 0.00034792  
1980        -0.97128000 -0.97455895 0.00034775  
1981        -0.95848000 -0.97455083 0.00034767  
1982        -0.96816000 -0.97454761 0.00034751  
1983        -0.98696000 -0.97455387 0.00034739  
1984        -0.95856000 -0.97454581 0.00034731  
1985        -0.97960000 -0.97454835 0.00034714  
1986        -0.99688000 -0.97455960 0.00034715  
1987        -0.99840000 -0.97457160 0.00034718  
1988        -0.97696000 -0.97457280 0.00034701  
1989        -0.92672000 -0.97454874 0.00034767  
1990        -0.98080000 -0.97455188 0.00034751  
1991        -0.96040000 -0.97454477 0.00034740  
1992        -0.96864000 -0.97454181 0.00034724  
1993        -0.98768000 -0.97454840 0.00034713  
1994        -0.98656000 -0.97455442 0.00034701  
1995        -0.95592000 -0.97454508 0.00034696  
1996        -0.97432000 -0.97454497 0.00034679  
1997        -0.95536000 -0.97453536 0.00034675  
1998        -0.97896000 -0.97453758 0.00034658  
1999        -0.97912000 -0.97453987 0.00034641  
2000        -0.97840000 -0.97454180 0.00034625  
