1           0.16611200  0.16611200  0.00000000  
2           0.34790272  0.25700736  0.09089536  
3           0.32056832  0.27819435  0.05659397  
4           0.48380800  0.32959776  0.06514407  
5           0.39759872  0.34319795  0.05226103  
6           0.34492288  0.34348544  0.04267192  
7           0.37647232  0.34819785  0.03637093  
8           0.18830208  0.32821088  0.03730432  
9           0.20862848  0.31492395  0.03548109  
10          0.30466048  0.31389760  0.03175184  
11          0.16545792  0.30040308  0.03173289  
12          0.26416000  0.29738283  0.02912505  
13          0.11417472  0.28328990  0.03027171  
14          0.10483200  0.27054290  0.03078882  
15          0.37920768  0.27778722  0.02956414  
16          0.19760000  0.27277552  0.02810517  
17          0.31010688  0.27497148  0.02649138  
18          0.31684608  0.27729785  0.02508442  
19          0.35307392  0.28128606  0.02406033  
20          0.16471552  0.27545754  0.02355804  
21          0.30293888  0.27676617  0.02244635  
22          0.22840192  0.27456780  0.02151436  
23          0.34973568  0.27783597  0.02081584  
24          0.17766272  0.27366208  0.02036203  
25          0.51270528  0.28322381  0.02174558  
26          0.20480000  0.28020751  0.02110909  
27          0.03120000  0.27098501  0.02230787  
28          0.13807488  0.26623822  0.02201425  
29          0.45363200  0.27270007  0.02220271  
30          0.39405568  0.27674526  0.02182796  
31          0.25699200  0.27610806  0.02112171  
32          0.33687552  0.27800704  0.02053898  
33          0.37500800  0.28094646  0.02012271  
34          0.24682368  0.27994285  0.01954767  
35          0.34482048  0.28179650  0.01907125  
36          0.32542208  0.28300832  0.01857350  
37          0.47872000  0.28829782  0.01882303  
38          0.20227968  0.28603419  0.01846030  
39          0.30360448  0.28648471  0.01798637  
40          0.18316800  0.28390179  0.01772020  
41          0.38374272  0.28633694  0.01745332  
42          0.38425472  0.28866831  0.01719151  
43          0.32944000  0.28961649  0.01681370  
44          0.13199232  0.28603412  0.01681321  
45          0.07106432  0.28125702  0.01711552  
46          0.30684672  0.28181331  0.01674855  
47          0.27237248  0.28161245  0.01638955  
48          0.41559552  0.28440376  0.01628547  
49          0.43059072  0.28738717  0.01622627  
50          0.30605312  0.28776049  0.01590282  
51          0.23590912  0.28674379  0.01562100  
52          0.41180032  0.28914873  0.01550530  
53          0.39162752  0.29108229  0.01533234  
54          0.29761408  0.29120325  0.01504621  
55          0.18062208  0.28919268  0.01490633  
56          0.47580672  0.29252507  0.01501226  
57          0.33996800  0.29335741  0.01477000  
58          0.38043648  0.29485877  0.01459056  
59          0.25465728  0.29417739  0.01435731  
60          0.50918272  0.29776081  0.01456373  
61          0.33684992  0.29840162  0.01433732  
62          0.35486592  0.29931233  0.01413355  
63          0.24803200  0.29849836  0.01393120  
64          0.32765952  0.29895400  0.01371936  
65          0.32483200  0.29935212  0.01351251  
66          0.32432000  0.29973042  0.01331158  
67          0.40314752  0.30127396  0.01320194  
68          0.24102912  0.30038801  0.01303648  
69          0.15471488  0.29827680  0.01301848  
70          0.42821632  0.30013308  0.01296474  
71          0.45985792  0.30238273  0.01297731  
72          0.32716800  0.30272697  0.01280043  
73          0.35196928  0.30340152  0.01264187  
74          0.19504000  0.30193718  0.01255555  
75          0.40396800  0.30329759  0.01246149  
76          0.16908288  0.30153160  0.01242260  
77          0.31537152  0.30171134  0.01226152  
78          0.44339200  0.30352776  0.01223884  
79          0.26750848  0.30307182  0.01209153  
80          0.11876352  0.30076797  0.01215967  
81          0.11460608  0.29846967  0.01222657  
82          0.22366208  0.29755739  0.01211095  
83          0.49667968  0.29995645  0.01220231  
84          0.36658688  0.30074967  0.01208223  
85          0.47100800  0.30275271  0.01210610  
86          0.19404800  0.30148870  0.01203109  
87          0.36218368  0.30218634  0.01191244  
88          0.22110208  0.30126493  0.01181229  
89          0.18569088  0.29996635  0.01175079  
90          0.15595008  0.29836617  0.01172916  
91          0.24493568  0.29777902  0.01161440  
92          0.30796672  0.29788975  0.01148800  
93          0.35316608  0.29848412  0.01137933  
94          0.27235200  0.29820612  0.01126105  
95          0.23857152  0.29757839  0.01115956  
96          0.18480000  0.29640361  0.01110501  
97          0.35532800  0.29701108  0.01100671  
98          0.11673472  0.29517153  0.01104804  
99          0.35632000  0.29578919  0.01095330  
100         0.36427648  0.29647406  0.01086482  
101         0.33072000  0.29681313  0.01076206  
102         0.31338368  0.29697559  0.01065726  
103         0.09612800  0.29502561  0.01073193  
104         0.05873152  0.29275355  0.01086838  
105         0.27760128  0.29260924  0.01076534  
106         0.38268800  0.29345904  0.01069710  
107         0.25271808  0.29307829  0.01060350  
108         0.16551808  0.29189717  0.01057105  
109         0.32882688  0.29223598  0.01047909  
110         0.18974592  0.29130425  0.01042511  
111         0.15318912  0.29005997  0.01040543  
112         0.10995200  0.28845186  0.01043674  
113         0.09825152  0.28676867  0.01048002  
114         0.46579200  0.28833905  0.01050571  
115         0.33691648  0.28876147  0.01042252  
116         0.39036800  0.28963738  0.01036934  
117         0.37641088  0.29037904  0.01030705  
118         0.46131072  0.29182761  0.01032149  
119         0.37707648  0.29254399  0.01025943  
120         0.25403392  0.29222307  0.01017863  
121         0.34805632  0.29268450  0.01010470  
122         0.31700992  0.29288389  0.01002352  
123         0.34956800  0.29334474  0.00995237  
124         0.46332800  0.29471557  0.00996650  
125         0.22290432  0.29414108  0.00990313  
126         0.21960192  0.29354950  0.00984201  
127         0.14319488  0.29236561  0.00983572  
128         0.33742848  0.29271766  0.00976492  
129         0.34134912  0.29309465  0.00969626  
130         0.37468032  0.29372223  0.00964183  
131         0.56323968  0.29577962  0.00978665  
132         0.40856448  0.29663405  0.00974973  
133         0.30407552  0.29669000  0.00967631  
134         0.28968448  0.29663772  0.00960397  
135         0.29956992  0.29665944  0.00953259  
136         0.33144832  0.29691524  0.00946570  
137         0.32741248  0.29713785  0.00939899  
138         0.33801088  0.29743403  0.00933533  
139         0.37963648  0.29802541  0.00928677  
140         0.37999488  0.29861091  0.00923877  
141         0.11108352  0.29728093  0.00926893  
142         0.33176448  0.29752377  0.00920663  
143         0.22169088  0.29699347  0.00915739  
144         0.28615552  0.29691820  0.00909388  
145         0.21086208  0.29632471  0.00905043  
146         0.15661952  0.29536783  0.00903902  
147         0.27004800  0.29519559  0.00897897  
148         0.43678592  0.29615228  0.00896926  
149         0.38983168  0.29678100  0.00893102  
150         0.30550912  0.29683919  0.00887147  
151         0.27796352  0.29671418  0.00881341  
152         0.35827200  0.29711917  0.00876460  
153         0.33425408  0.29736188  0.00871050  
154         0.27099008  0.29719063  0.00865545  
155         0.15015808  0.29624204  0.00865159  
156         0.35368832  0.29661028  0.00860384  
157         0.34220032  0.29690066  0.00855379  
158         0.29132800  0.29686539  0.00849955  
159         0.23500800  0.29647635  0.00845488  
160         0.37711872  0.29698037  0.00841698  
161         0.34205568  0.29726034  0.00836922  
162         0.26146688  0.29703939  0.00832033  
163         0.34418688  0.29732864  0.00827419  
164         0.53785472  0.29879526  0.00835334  
165         0.32764800  0.29897013  0.00830440  
166         0.49218432  0.30013407  0.00833588  
167         0.29619712  0.30011049  0.00828585  
168         0.49548800  0.30127346  0.00831808  
169         0.05171200  0.29979676  0.00839954  
170         0.27039232  0.29962379  0.00835177  
171         0.05384192  0.29818647  0.00842628  
172         0.34882432  0.29848088  0.00838232  
173         0.24512000  0.29817243  0.00833943  
174         0.31165312  0.29824991  0.00829173  
175         0.49507200  0.29937461  0.00832057  
176         0.17344512  0.29865910  0.00830404  
177         0.11308928  0.29761068  0.00832329  
178         0.23096832  0.29723629  0.00828486  
179         0.15715200  0.29645369  0.00827553  
180         0.29581312  0.29645013  0.00822943  
181         0.32224768  0.29659266  0.00818508  
182         0.28231552  0.29651422  0.00814036  
183         0.02139008  0.29501080  0.00823417  
184         0.02876288  0.29356381  0.00831615  
185         0.23828352  0.29326499  0.00827647  
186         0.28643328  0.29322826  0.00823193  
187         0.13404032  0.29237699  0.00823193  
188         0.40060800  0.29295269  0.00820824  
189         0.26715648  0.29281620  0.00816583  
190         0.34866048  0.29311012  0.00812806  
191         0.07667712  0.29197696  0.00816441  
192         0.07667712  0.29085561  0.00819882  
193         0.16380800  0.29019733  0.00818275  
194         0.33804288  0.29044396  0.00814420  
195         0.33295872  0.29066198  0.00810526  
196         0.11826048  0.28978238  0.00811163  
197         0.45170688  0.29060433  0.00811210  
198         0.02262528  0.28925090  0.00818372  
199         0.30460800  0.28932807  0.00814285  
200         0.44595200  0.29011119  0.00813980  
201         0.08880000  0.28910965  0.00816089  
202         0.28659200  0.28909718  0.00812040  
203         0.46627712  0.28996999  0.00812730  
204         0.20785152  0.28956745  0.00809737  
205         0.06880128  0.28849054  0.00812942  
206         0.22092672  0.28816256  0.00809651  
207         0.32060928  0.28831931  0.00805882  
208         0.23344000  0.28805546  0.00802433  
209         0.31484800  0.28818366  0.00798687  
210         0.38776832  0.28865787  0.00796288  
211         0.33697792  0.28888688  0.00792836  
212         0.26675200  0.28878247  0.00789156  
213         0.06821888  0.28774696  0.00792239  
214         0.12540800  0.28698836  0.00792169  
215         0.34684800  0.28726678  0.00788967  
216         0.32862208  0.28745824  0.00785539  
217         0.30924672  0.28755865  0.00781975  
218         0.32739200  0.28774137  0.00778594  
219         0.11085312  0.28693366  0.00779229  
220         0.13242368  0.28623134  0.00778852  
221         0.24252288  0.28603357  0.00775572  
222         0.24320000  0.28584062  0.00772311  
223         0.13321728  0.28515621  0.00771880  
224         0.15255552  0.28456425  0.00770703  
225         0.41539072  0.28514570  0.00769470  
226         0.30092800  0.28521553  0.00766090  
227         0.45211648  0.28595078  0.00766243  
228         0.19955200  0.28557183  0.00763816  
229         0.26658688  0.28548893  0.00760518  
230         0.28005888  0.28546532  0.00757208  
231         0.32878592  0.28565286  0.00754156  
232         0.29275648  0.28568348  0.00750905  
233         0.35090432  0.28596339  0.00748199  
234         0.40247168  0.28646129  0.00746656  
235         0.45460352  0.28717679  0.00746907  
236         0.29158272  0.28719546  0.00743738  
237         0.28319232  0.28717857  0.00740595  
238         0.22681088  0.28692492  0.00737913  
239         0.06880128  0.28601227  0.00740465  
240         0.11826048  0.28531331  0.00740679  
241         0.35425792  0.28559938  0.00738153  
242         0.36272128  0.28591807  0.00735787  
243         0.04579200  0.28492990  0.00739386  
244         0.29759488  0.28498180  0.00736368  
245         0.49229312  0.28582797  0.00738222  
246         0.32206848  0.28597529  0.00735362  
247         0.16676352  0.28549265  0.00733968  
248         0.07331712  0.28463710  0.00735992  
249         0.35927552  0.28493686  0.00733643  
250         0.39411200  0.28537356  0.00732006  
251         0.34063232  0.28559371  0.00729416  
252         0.23684992  0.28540028  0.00726773  
253         0.33725952  0.28560526  0.00724185  
254         0.27516800  0.28556417  0.00721340  
255         0.09136000  0.28480259  0.00722531  
256         0.27392000  0.28476007  0.00719715  
257         0.32401408  0.28491281  0.00717072  
258         0.21441408  0.28463956  0.00714810  
259         0.40243200  0.28509436  0.00713495  
260         0.43059200  0.28565397  0.00712946  
261         0.18140032  0.28525453  0.00711331  
262         0.41433088  0.28574719  0.00710321  
263         0.08112128  0.28496914  0.00711880  
264         0.27694592  0.28493875  0.00709185  
265         0.09848832  0.28423516  0.00709998  
266         0.24891392  0.28410238  0.00707449  
267         0.27174912  0.28405611  0.00704809  
268         0.32188288  0.28419725  0.00702316  
269         0.16306048  0.28374693  0.00701148  
270         0.33527808  0.28393779  0.00698807  
271         0.38910848  0.28432587  0.00697305  
272         0.33509248  0.28451251  0.00694987  
273         0.45594112  0.28514046  0.00695278  
274         0.36851200  0.28544473  0.00693404  
275         0.30451200  0.28551407  0.00690913  
276         0.25147392  0.28539073  0.00688515  
277         0.30340608  0.28545577  0.00686056  
278         0.28056448  0.28543818  0.00683586  
279         0.40324608  0.28586043  0.00682439  
280         0.21560832  0.28560953  0.00680460  
281         0.40801152  0.28604512  0.00679432  
282         0.47277952  0.28670730  0.00680249  
283         0.46332800  0.28733140  0.00680708  
284         0.39411200  0.28770739  0.00679348  
285         0.33794048  0.28788365  0.00677190  
286         0.46588800  0.28850604  0.00677682  
287         0.26203648  0.28841381  0.00675379  
288         0.31565312  0.28850839  0.00673097  
289         0.15945728  0.28806185  0.00672248  
290         0.06993408  0.28730968  0.00674135  
291         0.19156992  0.28698068  0.00672620  
292         0.25844608  0.28688296  0.00670384  
293         0.16320000  0.28646083  0.00669424  
294         0.03362688  0.28560085  0.00672663  
295         0.09059200  0.28493981  0.00673630  
296         0.13254528  0.28442496  0.00673322  
297         0.10040192  0.28380535  0.00673906  
298         0.33165312  0.28396592  0.00671832  
299         0.32188288  0.28409273  0.00669702  
300         0.29019648  0.28411308  0.00667469  
301         0.25833472  0.28402743  0.00665303  
302         0.24529792  0.28389919  0.00663220  
303         0.34867200  0.28411296  0.00661373  
304         0.35171200  0.28433533  0.00659569  
305         0.34674688  0.28453995  0.00657721  
306         0.20556672  0.28428187  0.00656076  
307         0.09848832  0.28367668  0.00656730  
308         0.38040448  0.28399073  0.00655347  
309         0.23932800  0.28384619  0.00653383  
310         0.36534272  0.28410908  0.00651802  
311         0.22371200  0.28391488  0.00649993  
312         0.10796928  0.28335095  0.00650356  
313         0.27253632  0.28331640  0.00648284  
314         0.33722368  0.28348808  0.00646444  
315         0.13516800  0.28301722  0.00646107  
316         0.21370752  0.28279789  0.00644432  
317         0.32490368  0.28293072  0.00642533  
318         0.40140672  0.28330328  0.00641592  
319         0.20782592  0.28306668  0.00640015  
320         0.08658432  0.28245267  0.00640960  
321         0.31835008  0.28256450  0.00639058  
322         0.36144000  0.28280945  0.00637541  
323         0.14893952  0.28239499  0.00636914  
324         0.12943232  0.28192289  0.00636698  
325         0.34301952  0.28211088  0.00635014  
326         0.08880000  0.28151790  0.00635834  
327         0.07890432  0.28089829  0.00636908  
328         0.14857728  0.28049487  0.00636243  
329         0.48310272  0.28111070  0.00637289  
330         0.11927552  0.28062029  0.00637245  
331         0.20536192  0.28039292  0.00635723  
332         0.17700352  0.28008151  0.00634570  
333         0.25996800  0.28002111  0.00632690  
334         0.31763328  0.28013372  0.00630894  
335         0.38169472  0.28043689  0.00629738  
336         0.08332800  0.27985025  0.00630595  
337         0.09784192  0.27931017  0.00631037  
338         0.43528192  0.27977162  0.00630857  
339         0.23925632  0.27965211  0.00629107  
340         0.09891328  0.27912052  0.00629502  
341         0.31907328  0.27923769  0.00627763  
342         0.22589312  0.27908171  0.00626119  
343         0.46258048  0.27961669  0.00626579  
344         0.42495872  0.28003920  0.00626182  
345         0.31708032  0.28014656  0.00624457  
346         0.34503552  0.28033410  0.00622932  
347         0.37641088  0.28061098  0.00621751  
348         0.28438528  0.28062183  0.00619962  
349         0.28784128  0.28064251  0.00618187  
350         0.32384512  0.28076595  0.00616542  
351         0.41983488  0.28116216  0.00616058  
352         0.30223232  0.28122201  0.00614335  
353         0.32073728  0.28133396  0.00612694  
354         0.21728128  0.28115302  0.00611229  
355         0.32659328  0.28128102  0.00609639  
356         0.38755200  0.28157953  0.00608656  
357         0.38364032  0.28186542  0.00607622  
358         0.29122432  0.28189156  0.00605928  
359         0.33036288  0.28202658  0.00604389  
360         0.04442112  0.28136656  0.00606311  
361         0.18052608  0.28108722  0.00605274  
362         0.15959552  0.28075161  0.00604532  
363         0.09420800  0.28023772  0.00605050  
364         0.54011392  0.28095166  0.00607595  
365         0.35684352  0.28115959  0.00606285  
366         0.12886912  0.28074349  0.00606056  
367         0.21171712  0.28055541  0.00604695  
368         0.11314688  0.28010049  0.00604763  
369         0.32688000  0.28022727  0.00603255  
370         0.40703872  0.28057000  0.00602598  
371         0.26704768  0.28053355  0.00600982  
372         0.52188032  0.28118233  0.00602866  
373         0.45283200  0.28164252  0.00603006  
374         0.05032832  0.28102403  0.00604563  
375         0.26029568  0.28096876  0.00602974  
376         0.07443968  0.28041948  0.00603872  
377         0.25789952  0.28035974  0.00602298  
378         0.24340352  0.28026198  0.00600782  
379         0.39023488  0.28055214  0.00599896  
380         0.29869952  0.28059990  0.00598335  
381         0.13142912  0.28020837  0.00598045  
382         0.37410688  0.28045418  0.00596984  
383         0.47235968  0.28095524  0.00597528  
384         0.30799872  0.28102567  0.00596011  
385         0.37789568  0.28127728  0.00594993  
386         0.38501888  0.28154604  0.00594058  
387         0.27369472  0.28152575  0.00592525  
388         0.23676800  0.28141040  0.00591108  
389         0.26055552  0.28135678  0.00589611  
390         0.07392128  0.28082490  0.00590498  
391         0.28287872  0.28083015  0.00588986  
392         0.40275968  0.28114120  0.00588304  
393         0.02508800  0.28048966  0.00590411  
394         0.29234048  0.28051974  0.00588918  
395         0.55680512  0.28121920  0.00591575  
396         0.45547392  0.28165923  0.00591718  
397         0.23611392  0.28154451  0.00590337  
398         0.38451200  0.28180322  0.00589420  
399         0.28469248  0.28181046  0.00587941  
400         0.28418048  0.28181639  0.00586470  
401         0.05617152  0.28125368  0.00587706  
402         0.08588800  0.28076770  0.00588253  
403         0.52714368  0.28137905  0.00589967  
404         0.02395008  0.28074185  0.00591945  
405         0.36092800  0.28093984  0.00590813  
406         0.31475200  0.28102312  0.00589415  
407         0.26173312  0.28097573  0.00587984  
408         0.11356032  0.28056540  0.00587975  
409         0.25578368  0.28050481  0.00586567  
410         0.31319552  0.28058454  0.00585189  
411         0.23267200  0.28046796  0.00583880  
412         0.20556672  0.28028616  0.00582744  
413         0.10423168  0.27985988  0.00582892  
414         0.23779200  0.27975827  0.00581571  
415         0.33097728  0.27988169  0.00580300  
416         0.45946368  0.28031338  0.00580510  
417         0.38128512  0.28055551  0.00579623  
418         0.37050368  0.28077070  0.00578635  
419         0.19459968  0.28056504  0.00577618  
420         0.29957632  0.28061031  0.00576259  
421         0.06424448  0.28009637  0.00577181  
422         0.30381952  0.28015259  0.00575839  
423         0.21605888  0.28000107  0.00574676  
424         0.12730368  0.27964093  0.00574449  
425         0.33615872  0.27977392  0.00573250  
426         0.35767808  0.27995679  0.00572195  
427         0.47846912  0.28042169  0.00572744  
428         0.08898432  0.27997441  0.00573152  
429         0.28769152  0.27999239  0.00571817  
430         0.36016128  0.28017883  0.00570790  
431         0.42595200  0.28051705  0.00570468  
432         0.20403072  0.28034000  0.00569421  
433         0.37232128  0.28055243  0.00568502  
434         0.19648000  0.28035872  0.00567521  
435         0.06080000  0.27985398  0.00568460  
436         0.34760192  0.28000937  0.00567367  
437         0.31476608  0.28008890  0.00566123  
438         0.37343232  0.28030202  0.00565231  
439         0.43148800  0.28064640  0.00564993  
440         0.34592768  0.28079477  0.00563903  
441         0.33372032  0.28091478  0.00562750  
442         0.47843200  0.28136165  0.00563251  
443         0.31319552  0.28143351  0.00562024  
444         0.28674048  0.28144547  0.00560758  
445         0.21350272  0.28129279  0.00559705  
446         0.32732032  0.28139599  0.00558544  
447         0.12028800  0.28103557  0.00558457  
448         0.17116032  0.28079031  0.00557749  
449         0.33402368  0.28090887  0.00556632  
450         0.06080000  0.28041974  0.00557543  
451         0.42890752  0.28074898  0.00557279  
452         0.30135808  0.28079457  0.00556063  
453         0.50880000  0.28129790  0.00557113  
454         0.22016000  0.28116323  0.00556047  
455         0.35266048  0.28132037  0.00555046  
456         0.18403200  0.28110702  0.00554239  
457         0.16334848  0.28084934  0.00553624  
458         0.44449792  0.28120665  0.00553569  
459         0.35229568  0.28136153  0.00552578  
460         0.38927872  0.28159613  0.00551875  
461         0.19500928  0.28140831  0.00550997  
462         0.24553472  0.28133066  0.00549857  
463         0.45027200  0.28169554  0.00549881  
464         0.22480768  0.28157294  0.00548831  
465         0.26392448  0.28153499  0.00547663  
466         0.29898752  0.28157244  0.00546499  
467         0.14351872  0.28127682  0.00546128  
468         0.29808128  0.28131273  0.00544972  
469         0.21859200  0.28117899  0.00543973  
470         0.40473472  0.28144188  0.00543451  
471         0.16754688  0.28120006  0.00542834  
472         0.21989248  0.28107017  0.00541839  
473         0.09097088  0.28066827  0.00542184  
474         0.37104512  0.28085894  0.00541375  
475         0.49899392  0.28131817  0.00542182  
476         0.27195392  0.28129850  0.00541045  
477         0.21763968  0.28116504  0.00540075  
478         0.12594048  0.28084031  0.00539921  
479         0.32165888  0.28092552  0.00538860  
480         0.26587008  0.28089416  0.00537746  
481         0.12897792  0.28057832  0.00537555  
482         0.47922688  0.28099046  0.00538019  
483         0.48260992  0.28140789  0.00538525  
484         0.06195072  0.28095446  0.00539320  
485         0.31571968  0.28102615  0.00538255  
486         0.37319552  0.28121579  0.00537481  
487         0.15686528  0.28096045  0.00536984  
488         0.09742208  0.28058435  0.00537200  
489         0.37473792  0.28077689  0.00536446  
490         0.40179200  0.28102386  0.00535920  
491         0.18676608  0.28083189  0.00535171  
492         0.14200832  0.28054973  0.00534827  
493         0.32604032  0.28064200  0.00533821  
494         0.38477312  0.28085280  0.00533156  
495         0.21086208  0.28071140  0.00532266  
496         0.31692800  0.28078442  0.00531242  
497         0.11146112  0.28044373  0.00531266  
498         0.27708928  0.28043699  0.00530198  
499         0.07331712  0.28002192  0.00530760  
500         0.42869632  0.28031927  0.00530531  
501         0.31984512  0.28039816  0.00529530  
502         0.25615872  0.28034988  0.00528496  
503         0.33479552  0.28045812  0.00527556  
504         0.52067200  0.28093474  0.00528661  
505         0.16320000  0.28070160  0.00528128  
506         0.27793408  0.28069613  0.00527083  
507         0.25916288  0.28065366  0.00526060  
508         0.36514688  0.28081998  0.00525287  
509         0.33420800  0.28092487  0.00524358  
510         0.23367552  0.28083222  0.00523411  
511         0.16396288  0.28060352  0.00522886  
512         0.15411200  0.28035646  0.00522449  
513         0.60646272  0.28099215  0.00525290  
514         0.30105472  0.28103118  0.00524281  
515         0.20915712  0.28089162  0.00523448  
516         0.36163072  0.28104809  0.00522667  
517         0.58949632  0.28164470  0.00525056  
518         0.02998272  0.28115887  0.00526289  
519         0.31283072  0.28121989  0.00525309  
520         0.40719872  0.28146216  0.00524857  
521         0.18812800  0.28128301  0.00524155  
522         0.20684800  0.28114042  0.00523344  
523         0.34630528  0.28126502  0.00522491  
524         0.34128768  0.28137956  0.00521619  
525         0.42032000  0.28164421  0.00521297  
526         0.35383168  0.28178145  0.00520486  
527         0.34159488  0.28189495  0.00519621  
528         0.22434688  0.28178596  0.00518750  
529         0.08257408  0.28140937  0.00519137  
530         0.39853952  0.28163037  0.00518627  
531         0.31374208  0.28169085  0.00517685  
532         0.56728448  0.28222768  0.00519492  
533         0.33080832  0.28231882  0.00518597  
534         0.25840512  0.28227404  0.00517644  
535         0.30871552  0.28232347  0.00516699  
536         0.22243200  0.28221173  0.00515855  
537         0.35650432  0.28235008  0.00515080  
538         0.28164992  0.28234877  0.00514121  
539         0.21309312  0.28222028  0.00513327  
540         0.44592000  0.28252343  0.00513272  
541         0.05964672  0.28211146  0.00513976  
542         0.30384000  0.28215155  0.00513042  
543         0.49651200  0.28254632  0.00513616  
544         0.21040000  0.28241370  0.00512843  
545         0.29623168  0.28243905  0.00511907  
546         0.18570112  0.28226188  0.00511276  
547         0.45752192  0.28258228  0.00511345  
548         0.08112128  0.28221465  0.00511733  
549         0.40572800  0.28243963  0.00511295  
550         0.37651328  0.28261067  0.00510652  
551         0.36220928  0.28275513  0.00509929  
552         0.29408768  0.28277566  0.00509008  
553         0.40988672  0.28300552  0.00508607  
554         0.26090368  0.28296563  0.00507703  
555         0.13568000  0.28270025  0.00507482  
556         0.52467200  0.28313545  0.00508434  
557         0.33584000  0.28323007  0.00507609  
558         0.48276352  0.28358766  0.00507959  
559         0.32860032  0.28366818  0.00507113  
560         0.43124608  0.28393171  0.00506892  
561         0.22076928  0.28381912  0.00506113  
562         0.47722368  0.28416326  0.00506383  
563         0.34188800  0.28426579  0.00505586  
564         0.31174528  0.28431451  0.00504713  
565         0.21068672  0.28418420  0.00503987  
566         0.29674368  0.28420639  0.00503101  
567         0.29155200  0.28421934  0.00502214  
568         0.26541568  0.28418624  0.00501340  
569         0.36433408  0.28432710  0.00500657  
570         0.11622272  0.28403218  0.00500647  
571         0.26771328  0.28400360  0.00499777  
572         0.35193728  0.28412236  0.00499044  
573         0.26271232  0.28408500  0.00498187  
574         0.26971648  0.28405996  0.00497324  
575         0.31938432  0.28412140  0.00496497  
576         0.36124672  0.28425530  0.00495815  
577         0.33730048  0.28434723  0.00495040  
578         0.15318912  0.28412031  0.00494704  
579         0.17805312  0.28393712  0.00494188  
580         0.19253248  0.28377953  0.00493587  
581         0.32660352  0.28385323  0.00492792  
582         0.22188032  0.28374675  0.00492060  
583         0.10378112  0.28343806  0.00492184  
584         0.32299008  0.28350579  0.00491387  
585         0.20581888  0.28337299  0.00490726  
586         0.11356032  0.28308321  0.00490744  
587         0.26172288  0.28304682  0.00489921  
588         0.42936192  0.28329565  0.00489720  
589         0.32101248  0.28335969  0.00488929  
590         0.20080128  0.28321976  0.00488301  
591         0.46432128  0.28352619  0.00488436  
592         0.21427712  0.28340922  0.00487750  
593         0.39362432  0.28359508  0.00487282  
594         0.33056768  0.28367416  0.00486525  
595         0.39374848  0.28385915  0.00486059  
596         0.12492288  0.28359248  0.00485975  
597         0.31612800  0.28364698  0.00485191  
598         0.51025408  0.28402592  0.00485859  
599         0.21898112  0.28391733  0.00485168  
600         0.25602048  0.28387084  0.00484381  
601         0.06680448  0.28350966  0.00484922  
602         0.25663488  0.28346502  0.00484136  
603         0.34712448  0.28357059  0.00483448  
604         0.39284608  0.28375151  0.00482986  
605         0.30735232  0.28379052  0.00482202  
606         0.30339072  0.28382287  0.00481417  
607         0.34684800  0.28392670  0.00480735  
608         0.38066048  0.28408580  0.00480208  
609         0.49764352  0.28443647  0.00480699  
610         0.33662848  0.28452203  0.00479987  
611         0.31702912  0.28457523  0.00479230  
612         0.40457088  0.28477130  0.00478848  
613         0.02876288  0.28435367  0.00479887  
614         0.36083200  0.28447823  0.00479267  
615         0.37384192  0.28462353  0.00478707  
616         0.42145792  0.28484567  0.00478445  
617         0.38193152  0.28500302  0.00477929  
618         0.38192000  0.28515984  0.00477412  
619         0.02262528  0.28473572  0.00478524  
620         0.36300800  0.28486196  0.00477918  
621         0.39600128  0.28504093  0.00477483  
622         0.22737792  0.28494822  0.00476805  
623         0.32941952  0.28501961  0.00476093  
624         0.12531200  0.28476367  0.00476018  
625         0.32342912  0.28482553  0.00475296  
626         0.18739200  0.28466989  0.00474791  
627         0.35879808  0.28478811  0.00474181  
628         0.34938368  0.28489097  0.00473537  
629         0.25855872  0.28484911  0.00472802  
630         0.30520192  0.28488141  0.00472062  
631         0.12028800  0.28462057  0.00472034  
632         0.41721728  0.28483037  0.00471754  
633         0.08947712  0.28452176  0.00472018  
634         0.33621888  0.28460330  0.00471343  
635         0.15488512  0.28439902  0.00471043  
636         0.12451328  0.28414763  0.00470974  
637         0.32435072  0.28421074  0.00470276  
638         0.24051200  0.28414225  0.00469588  
639         0.51828608  0.28450867  0.00470282  
640         0.25915392  0.28446905  0.00469564  
641         0.36206592  0.28459011  0.00468987  
642         0.09955200  0.28430189  0.00469142  
643         0.40435200  0.28448859  0.00468784  
644         0.05756800  0.28413623  0.00469380  
645         0.25878528  0.28409692  0.00468668  
646         0.25738112  0.28405557  0.00467960  
647         0.35268608  0.28416164  0.00467357  
648         0.30244352  0.28418986  0.00466643  
649         0.38127488  0.28433945  0.00466164  
650         0.08771072  0.28403694  0.00466428  
651         0.23720832  0.28396501  0.00465767  
652         0.41211392  0.28416156  0.00465467  
653         0.03604352  0.28378159  0.00466304  
654         0.04560768  0.28341741  0.00467013  
655         0.19843072  0.28328766  0.00466480  
656         0.29224832  0.28330132  0.00465770  
657         0.40150528  0.28348123  0.00465409  
658         0.27438592  0.28346741  0.00464703  
659         0.50911232  0.28380982  0.00465259  
660         0.49907200  0.28413597  0.00465697  
661         0.37787648  0.28427779  0.00465208  
662         0.15015808  0.28407519  0.00464946  
663         0.14921728  0.28387178  0.00464690  
664         0.53964672  0.28425699  0.00465586  
665         0.22883200  0.28417364  0.00464960  
666         0.26914688  0.28415108  0.00464267  
667         0.27134848  0.28413188  0.00463574  
668         0.08478592  0.28383346  0.00463841  
669         0.19824128  0.28370552  0.00463323  
670         0.35414912  0.28381066  0.00462751  
671         0.27875200  0.28380312  0.00462061  
672         0.39439872  0.28396770  0.00461667  
673         0.08332800  0.28366957  0.00461943  
674         0.49876992  0.28398871  0.00462360  
675         0.25827200  0.28395061  0.00461690  
676         0.17452928  0.28378875  0.00461291  
677         0.19660800  0.28365997  0.00460789  
678         0.35061632  0.28375873  0.00460215  
679         0.31134592  0.28379936  0.00459554  
680         0.32964608  0.28386678  0.00458928  
681         0.10483200  0.28360388  0.00459007  
682         0.41179008  0.28379183  0.00458718  
683         0.20192768  0.28367198  0.00458203  
684         0.20467200  0.28355648  0.00457678  
685         0.36812672  0.28367994  0.00457177  
686         0.27900800  0.28367313  0.00456510  
687         0.31219200  0.28371464  0.00455864  
688         0.06424448  0.28339564  0.00456317  
689         0.36142592  0.28350889  0.00455795  
690         0.12284800  0.28327605  0.00455729  
691         0.35632000  0.28338176  0.00455192  
692         0.15183872  0.28319167  0.00454931  
693         0.42956800  0.28340289  0.00454765  
694         0.24880000  0.28335303  0.00454137  
695         0.18652672  0.28321371  0.00453697  
696         0.37219200  0.28334155  0.00453225  
697         0.20014592  0.28322219  0.00452731  
698         0.47599488  0.28349837  0.00452925  
699         0.56389632  0.28389951  0.00454052  
700         0.20099072  0.28378107  0.00453558  
701         0.04084608  0.28343452  0.00454234  
702         0.30037888  0.28345865  0.00453593  
703         0.48577408  0.28374644  0.00453861  
704         0.42914688  0.28395298  0.00453686  
705         0.10829312  0.28370381  0.00453727  
706         0.17177472  0.28354527  0.00453361  
707         0.23578112  0.28347771  0.00452770  
708         0.32475008  0.28353601  0.00452167  
709         0.23935872  0.28347370  0.00451572  
710         0.25241088  0.28342995  0.00450957  
711         0.34841472  0.28352135  0.00450415  
712         0.26807808  0.28349966  0.00449787  
713         0.33889792  0.28357736  0.00449223  
714         0.23413632  0.28350811  0.00448647  
715         0.20550528  0.28339902  0.00448152  
716         0.11832192  0.28316846  0.00448119  
717         0.27953152  0.28316339  0.00447494  
718         0.23926272  0.28310225  0.00446912  
719         0.23596928  0.28303669  0.00446338  
720         0.35476992  0.28313632  0.00445829  
721         0.43702272  0.28334976  0.00445721  
722         0.27852800  0.28334308  0.00445104  
723         0.29616000  0.28336081  0.00444492  
724         0.20108800  0.28324717  0.00444023  
725         0.26544000  0.28322261  0.00443417  
726         0.52003712  0.28354880  0.00444005  
727         0.24744832  0.28349914  0.00443422  
728         0.05964672  0.28319165  0.00443879  
729         0.36197888  0.28329973  0.00443401  
730         0.06652800  0.28300278  0.00443788  
731         0.25456512  0.28296388  0.00443197  
732         0.40931200  0.28313648  0.00442928  
733         0.37119872  0.28325662  0.00442486  
734         0.23795200  0.28319490  0.00441926  
735         0.33074688  0.28325960  0.00441372  
736         0.33196032  0.28332577  0.00440822  
737         0.27414528  0.28331331  0.00440225  
738         0.29991808  0.28333581  0.00439634  
739         0.23676800  0.28327280  0.00439084  
740         0.36187648  0.28337902  0.00438618  
741         0.36244992  0.28348573  0.00438156  
742         0.11251200  0.28325530  0.00438171  
743         0.25947648  0.28322330  0.00437593  
744         0.28924800  0.28323140  0.00437005  
745         0.17540608  0.28308666  0.00436658  
746         0.16454528  0.28292776  0.00436362  
747         0.47859200  0.28318969  0.00436564  
748         0.29478912  0.28320520  0.00435983  
749         0.23078912  0.28313522  0.00435456  
750         0.16867200  0.28298260  0.00435143  
751         0.38645248  0.28312038  0.00434782  
752         0.24881152  0.28307476  0.00434227  
753         0.32460800  0.28312991  0.00433685  
754         0.37477888  0.28325146  0.00433280  
755         0.20881408  0.28315287  0.00432818  
756         0.36268928  0.28325808  0.00432373  
757         0.10679168  0.28302496  0.00432430  
758         0.30246912  0.28305062  0.00431867  
759         0.59090432  0.28345622  0.00433201  
760         0.29308800  0.28346889  0.00432632  
761         0.35939200  0.28356866  0.00432179  
762         0.33633152  0.28363790  0.00431667  
763         0.19924992  0.28352730  0.00431242  
764         0.34488192  0.28360761  0.00430752  
765         0.30734208  0.28363864  0.00430200  
766         0.22396800  0.28356074  0.00429709  
767         0.23267200  0.28349439  0.00429199  
768         0.38784512  0.28363026  0.00428855  
769         0.34133888  0.28370531  0.00428363  
770         0.35321728  0.28379558  0.00427902  
771         0.51144192  0.28409084  0.00428365  
772         0.39917568  0.28423992  0.00428070  
773         0.34432512  0.28431765  0.00427586  
774         0.35639168  0.28441077  0.00427135  
775         0.20426752  0.28430736  0.00426709  
776         0.15040512  0.28413480  0.00426508  
777         0.13125632  0.28393805  0.00426413  
778         0.37083008  0.28404973  0.00426010  
779         0.43091968  0.28423827  0.00425881  
780         0.24057728  0.28418229  0.00425371  
781         0.54265728  0.28451325  0.00426113  
782         0.04560768  0.28420774  0.00426663  
783         0.18569088  0.28408192  0.00426304  
784         0.32960000  0.28413998  0.00425799  
785         0.23578112  0.28407838  0.00425301  
786         0.42259328  0.28425460  0.00425125  
787         0.35624832  0.28434608  0.00424683  
788         0.15868800  0.28418662  0.00424444  
789         0.38942208  0.28432000  0.00424115  
790         0.30144000  0.28434167  0.00423583  
791         0.41984000  0.28451297  0.00423394  
792         0.20673408  0.28441476  0.00422973  
793         0.26024832  0.28438429  0.00422451  
794         0.36002688  0.28447956  0.00422026  
795         0.34496000  0.28455563  0.00421563  
796         0.29541248  0.28456927  0.00421035  
797         0.34812800  0.28464902  0.00420582  
798         0.35917312  0.28474241  0.00420159  
799         0.13710848  0.28455763  0.00420039  
800         0.42544000  0.28473374  0.00419883  
801         0.06880128  0.28446416  0.00420224  
802         0.10272768  0.28423755  0.00420311  
803         0.42491392  0.28441274  0.00420153  
804         0.19768832  0.28430488  0.00419769  
805         0.29988352  0.28432423  0.00419251  
806         0.39804800  0.28446532  0.00418969  
807         0.17196928  0.28432592  0.00418681  
808         0.08435712  0.28407844  0.00418895  
809         0.29879808  0.28409663  0.00418380  
810         0.32998272  0.28415328  0.00417902  
811         0.35444608  0.28423996  0.00417476  
812         0.16995200  0.28409921  0.00417199  
813         0.24553472  0.28405177  0.00416713  
814         0.29854592  0.28406958  0.00416204  
815         0.34398208  0.28414309  0.00415758  
816         0.44226048  0.28433686  0.00415700  
817         0.13991808  0.28416010  0.00415567  
818         0.27340672  0.28414695  0.00415061  
819         0.40606592  0.28429581  0.00414821  
820         0.31228800  0.28432995  0.00414329  
821         0.38921088  0.28445770  0.00414021  
822         0.31920000  0.28449996  0.00413539  
823         0.34139008  0.28456909  0.00413094  
824         0.47785472  0.28480366  0.00413259  
825         0.39329792  0.28493517  0.00412967  
826         0.23267200  0.28487189  0.00412515  
827         0.23180800  0.28480773  0.00412066  
828         0.33773568  0.28487165  0.00411618  
829         0.11723648  0.28466944  0.00411618  
830         0.18058112  0.28454403  0.00411313  
831         0.30025728  0.28456294  0.00410822  
832         0.36777472  0.28466295  0.00410450  
833         0.16230272  0.28451606  0.00410220  
834         0.35041152  0.28459507  0.00409804  
835         0.39060992  0.28472204  0.00409510  
836         0.33011200  0.28477633  0.00409055  
837         0.20867072  0.28468541  0.00408668  
838         0.12682112  0.28449702  0.00408614  
839         0.29148672  0.28450535  0.00408128  
840         0.34744192  0.28458028  0.00407710  
841         0.34989952  0.28465795  0.00407299  
842         0.27922432  0.28465149  0.00406816  
843         0.51198848  0.28492117  0.00407227  
844         0.21393408  0.28483706  0.00406831  
845         0.22115200  0.28476170  0.00406419  
846         0.42941312  0.28493268  0.00406298  
847         0.29076352  0.28493956  0.00405819  
848         0.36339200  0.28503208  0.00405446  
849         0.05406208  0.28476003  0.00405881  
850         0.15759232  0.28461042  0.00405679  
851         0.06309888  0.28435012  0.00406037  
852         0.27995648  0.28434497  0.00405561  
853         0.36780032  0.28444280  0.00405203  
854         0.22178688  0.28436944  0.00404795  
855         0.13903872  0.28419946  0.00404678  
856         0.18741248  0.28408639  0.00404363  
857         0.22434688  0.28401668  0.00403951  
858         0.14159872  0.28385069  0.00403821  
859         0.25503232  0.28381714  0.00403365  
860         0.03241472  0.28352482  0.00403955  
861         0.32387968  0.28357169  0.00403513  
862         0.15759232  0.28342554  0.00403309  
863         0.09420800  0.28320628  0.00403438  
864         0.35831808  0.28329322  0.00403064  
865         0.27635200  0.28328519  0.00402599  
866         0.36576768  0.28338044  0.00402246  
867         0.27852672  0.28337484  0.00401783  
868         0.02508800  0.28307727  0.00402421  
869         0.13516800  0.28290707  0.00402318  
870         0.36944768  0.28300654  0.00401978  
871         0.32240512  0.28305177  0.00401542  
872         0.38141952  0.28316458  0.00401240  
873         0.19849088  0.28306759  0.00400897  
874         0.21806592  0.28299322  0.00400508  
875         0.22810112  0.28293048  0.00400099  
876         0.13903872  0.28276622  0.00399979  
877         0.16762368  0.28263493  0.00399738  
878         0.34134912  0.28270180  0.00399339  
879         0.35540992  0.28278452  0.00398970  
880         0.33566208  0.28284461  0.00398562  
881         0.34916352  0.28291989  0.00398180  
882         0.18317312  0.28280679  0.00397889  
883         0.31906688  0.28284786  0.00397460  
884         0.40774528  0.28298915  0.00397261  
885         0.19424768  0.28288887  0.00396939  
886         0.43093888  0.28305597  0.00396842  
887         0.40188800  0.28318994  0.00396621  
888         0.32915328  0.28324170  0.00396208  
889         0.35569152  0.28332320  0.00395846  
890         0.33877888  0.28338551  0.00395450  
891         0.35282432  0.28346344  0.00395083  
892         0.27601792  0.28345510  0.00394641  
893         0.22988800  0.28339511  0.00394244  
894         0.34275200  0.28346151  0.00393859  
895         0.39011200  0.28358067  0.00393599  
896         0.34867200  0.28365331  0.00393226  
897         0.28049408  0.28364979  0.00392788  
898         0.10844032  0.28345468  0.00392835  
899         0.29858688  0.28347151  0.00392402  
900         0.42186752  0.28362529  0.00392267  
901         0.24396672  0.28358127  0.00391856  
902         0.29264768  0.28359132  0.00391423  
903         0.32875392  0.28364134  0.00391021  
904         0.32099200  0.28368265  0.00390610  
905         0.06993408  0.28344647  0.00390892  
906         0.11570688  0.28326132  0.00390899  
907         0.32583168  0.28330826  0.00390496  
908         0.10723200  0.28311434  0.00390548  
909         0.33535872  0.28317182  0.00390160  
910         0.43806208  0.28334203  0.00390103  
911         0.07699968  0.28311553  0.00390332  
912         0.32767488  0.28316438  0.00389934  
913         0.20051968  0.28307386  0.00389612  
914         0.20467200  0.28298809  0.00389280  
915         0.21011328  0.28290844  0.00388936  
916         0.30678912  0.28293451  0.00388520  
917         0.44899200  0.28311560  0.00388518  
918         0.27697152  0.28310891  0.00388095  
919         0.33499008  0.28316536  0.00387714  
920         0.44640128  0.28334279  0.00387698  
921         0.34418688  0.28340885  0.00387334  
922         0.37068800  0.28350352  0.00387029  
923         0.13027200  0.28333750  0.00386966  
924         0.15109632  0.28319438  0.00386812  
925         0.07106432  0.28296505  0.00387073  
926         0.19240448  0.28286726  0.00386779  
927         0.08988672  0.28265908  0.00386922  
928         0.11108352  0.28247419  0.00386946  
929         0.50256768  0.28271111  0.00387255  
930         0.35558272  0.28278946  0.00386918  
931         0.36288512  0.28287549  0.00386598  
932         0.33097728  0.28292711  0.00386217  
933         0.45196800  0.28310829  0.00386228  
934         0.21820928  0.28303880  0.00385877  
935         0.31404032  0.28307196  0.00385478  
936         0.46691200  0.28326837  0.00385567  
937         0.37357568  0.28336475  0.00385276  
938         0.32046592  0.28340430  0.00384885  
939         0.40627712  0.28353516  0.00384698  
940         0.08368128  0.28332255  0.00384876  
941         0.15942528  0.28319088  0.00384692  
942         0.36300800  0.28327561  0.00384377  
943         0.11467648  0.28309682  0.00384385  
944         0.09932800  0.28290215  0.00384471  
945         0.10844032  0.28271753  0.00384507  
946         0.39720832  0.28283856  0.00384291  
947         0.35371008  0.28291340  0.00383958  
948         0.36659200  0.28300167  0.00383654  
949         0.33248768  0.28305381  0.00383285  
950         0.16801792  0.28293272  0.00383073  
951         0.35036032  0.28300362  0.00382736  
952         0.32685952  0.28304969  0.00382361  
953         0.25833472  0.28302376  0.00381969  
954         0.26138112  0.28300107  0.00381575  
955         0.25907200  0.28297601  0.00381183  
956         0.18147328  0.28286984  0.00380932  
957         0.30523392  0.28289321  0.00380541  
958         0.11156992  0.28271437  0.00380564  
959         0.18563072  0.28261314  0.00380302  
960         0.08146432  0.28240361  0.00380483  
961         0.14159872  0.28225709  0.00380369  
962         0.19555200  0.28216696  0.00380080  
963         0.42620800  0.28231654  0.00379980  
964         0.26233728  0.28229581  0.00379591  
965         0.08880000  0.28209530  0.00379728  
966         0.03964928  0.28184432  0.00380164  
967         0.35603328  0.28192104  0.00379848  
968         0.30003200  0.28193975  0.00379460  
969         0.38306688  0.28204411  0.00379212  
970         0.25200512  0.28201314  0.00378833  
971         0.16012800  0.28188762  0.00378651  
972         0.23603200  0.28184044  0.00378291  
973         0.03964928  0.28159153  0.00378720  
974         0.31372800  0.28162452  0.00378346  
975         0.43255808  0.28177933  0.00378274  
976         0.38154112  0.28188154  0.00378025  
977         0.28450688  0.28188423  0.00377638  
978         0.29836800  0.28190108  0.00377255  
979         0.34354048  0.28196405  0.00376922  
980         0.43843072  0.28212371  0.00376876  
981         0.35225088  0.28219519  0.00376559  
982         0.23185408  0.28214393  0.00376211  
983         0.26295808  0.28212441  0.00375833  
984         0.29329408  0.28213576  0.00375452  
985         0.13142912  0.28198276  0.00375383  
986         0.29202432  0.28199294  0.00375003  
987         0.37244800  0.28208459  0.00374735  
988         0.20067200  0.28200219  0.00374447  
989         0.12316672  0.28184159  0.00374412  
990         0.02139008  0.28157850  0.00374958  
991         0.34979328  0.28164734  0.00374643  
992         0.23298048  0.28159828  0.00374297  
993         0.14759808  0.28146333  0.00374163  
994         0.37299072  0.28155541  0.00373900  
995         0.40419200  0.28167867  0.00373727  
996         0.41029632  0.28180780  0.00373575  
997         0.29749248  0.28182353  0.00373204  
998         0.02139008  0.28156258  0.00373742  
999         0.37304192  0.28165415  0.00373480  
1000        0.48659328  0.28185909  0.00373668  
1001        0.37609472  0.28195323  0.00373414  
1002        0.29052800  0.28196179  0.00373042  
1003        0.24253952  0.28192248  0.00372690  
1004        0.51271168  0.28215235  0.00373028  
1005        0.20812672  0.28207869  0.00372729  
1006        0.31372800  0.28211016  0.00372372  
1007        0.38654848  0.28221387  0.00372147  
1008        0.22496768  0.28215708  0.00371821  
1009        0.32764800  0.28220216  0.00371479  
1010        0.19588608  0.28211670  0.00371210  
1011        0.23458688  0.28206969  0.00370872  
1012        0.21557248  0.28200398  0.00370564  
1013        0.31100800  0.28203261  0.00370209  
1014        0.26800000  0.28201877  0.00369846  
1015        0.20182912  0.28193977  0.00369566  
1016        0.14256000  0.28180258  0.00369457  
1017        0.39872000  0.28191754  0.00369272  
1018        0.27626368  0.28191199  0.00368910  
1019        0.33085312  0.28196002  0.00368579  
1020        0.16413568  0.28184451  0.00368399  
1021        0.01891200  0.28158698  0.00368937  
1022        0.22220800  0.28152888  0.00368622  
1023        0.32388608  0.28157028  0.00368285  
1024        0.34541568  0.28163263  0.00367978  
1025        0.11570688  0.28147075  0.00367975  
1026        0.47204352  0.28165650  0.00368085  
1027        0.40109952  0.28177280  0.00367910  
1028        0.35012608  0.28183929  0.00367612  
1029        0.46478208  0.28201708  0.00367685  
1030        0.20809728  0.28194531  0.00367398  
1031        0.03132288  0.28170223  0.00367846  
1032        0.37875200  0.28179627  0.00367609  
1033        0.03844992  0.28156069  0.00368008  
1034        0.43743232  0.28171144  0.00367961  
1035        0.25147392  0.28168223  0.00367617  
1036        0.28307328  0.28168357  0.00367262  
1037        0.33176448  0.28173186  0.00366939  
1038        0.09205248  0.28154913  0.00367041  
1039        0.17116032  0.28144288  0.00366841  
1040        0.39997312  0.28155685  0.00366665  
1041        0.52465152  0.28179037  0.00367057  
1042        0.48818048  0.28198844  0.00367239  
1043        0.34142208  0.28204543  0.00366931  
1044        0.25578368  0.28202027  0.00366588  
1045        0.25228800  0.28199182  0.00366248  
1046        0.12594688  0.28184264  0.00366201  
1047        0.43558912  0.28198948  0.00366146  
1048        0.24123392  0.28195059  0.00365817  
1049        0.06309888  0.28174197  0.00366063  
1050        0.27766272  0.28173808  0.00365715  
1051        0.17276800  0.28163440  0.00365514  
1052        0.10403328  0.28146558  0.00365556  
1053        0.29952000  0.28148272  0.00365213  
1054        0.41579392  0.28161015  0.00365089  
1055        0.24057728  0.28157126  0.00364763  
1056        0.31002112  0.28159820  0.00364427  
1057        0.34956800  0.28166250  0.00364139  
1058        0.27831808  0.28165934  0.00363795  
1059        0.27939712  0.28165721  0.00363451  
1060        0.09353088  0.28147973  0.00363542  
1061        0.32004992  0.28151608  0.00363217  
1062        0.24749568  0.28148405  0.00362889  
1063        0.32307072  0.28152317  0.00362569  
1064        0.34006528  0.28157819  0.00362270  
1065        0.38583808  0.28167609  0.00362062  
1066        0.36492800  0.28175418  0.00361806  
1067        0.31723392  0.28178744  0.00361482  
1068        0.15503232  0.28166875  0.00361339  
1069        0.13921792  0.28153549  0.00361246  
1070        0.21533568  0.28147363  0.00360962  
1071        0.13613952  0.28133793  0.00360880  
1072        0.44123008  0.28148708  0.00360851  
1073        0.18229248  0.28139463  0.00360633  
1074        0.29360000  0.28140600  0.00360299  
1075        0.33914752  0.28145971  0.00360004  
1076        0.10692608  0.28129750  0.00360035  
1077        0.23611392  0.28125555  0.00359725  
1078        0.30678912  0.28127924  0.00359399  
1079        0.16940928  0.28117556  0.00359215  
1080        0.03844992  0.28095081  0.00359585  
1081        0.32271872  0.28098945  0.00359273  
1082        0.13991808  0.28085907  0.00359178  
1083        0.11308928  0.28070416  0.00359180  
1084        0.05267328  0.28049380  0.00359465  
1085        0.25718272  0.28047231  0.00359140  
1086        0.31404928  0.28050323  0.00358822  
1087        0.22984192  0.28045662  0.00358522  
1088        0.39613312  0.28056294  0.00358350  
1089        0.23731712  0.28052323  0.00358043  
1090        0.38860672  0.28062239  0.00357852  
1091        0.30842368  0.28064787  0.00357533  
1092        0.36872192  0.28072853  0.00357296  
1093        0.04797312  0.28051558  0.00357604  
1094        0.43786112  0.28065940  0.00357566  
1095        0.34974592  0.28072250  0.00357295  
1096        0.32132992  0.28075955  0.00356988  
1097        0.06195072  0.28056009  0.00357220  
1098        0.12338688  0.28041694  0.00357182  
1099        0.29188992  0.28042738  0.00356858  
1100        0.22584832  0.28037776  0.00356568  
1101        0.12587008  0.28023743  0.00356520  
1102        0.32327168  0.28027648  0.00356218  
1103        0.29879168  0.28029327  0.00355899  
1104        0.14182272  0.28016784  0.00355797  
1105        0.26813952  0.28015695  0.00355477  
1106        0.22732800  0.28010919  0.00355188  
1107        0.42019712  0.28023574  0.00355092  
1108        0.52418048  0.28045590  0.00355454  
1109        0.05267328  0.28025051  0.00355727  
1110        0.39616512  0.28035494  0.00355560  
1111        0.44255232  0.28050093  0.00355539  
1112        0.29087232  0.28051025  0.00355221  
1113        0.19635712  0.28043465  0.00354982  
1114        0.30330368  0.28045517  0.00354669  
1115        0.33312768  0.28050241  0.00354382  
1116        0.17197952  0.28040517  0.00354198  
1117        0.11724288  0.28025910  0.00354182  
1118        0.15759232  0.28014938  0.00354035  
1119        0.32432000  0.28018885  0.00353741  
1120        0.25169792  0.28016341  0.00353434  
1121        0.32940032  0.28020734  0.00353146  
1122        0.30264832  0.28022734  0.00352837  
1123        0.09205248  0.28005977  0.00352920  
1124        0.31088128  0.28008719  0.00352617  
1125        0.12486528  0.27994922  0.00352573  
1126        0.02754048  0.27972506  0.00352973  
1127        0.48522752  0.27990740  0.00353130  
1128        0.35480448  0.27997380  0.00352880  
1129        0.32036352  0.28000957  0.00352585  
1130        0.37107200  0.28009016  0.00352365  
1131        0.43010048  0.28022279  0.00352303  
1132        0.46740352  0.28038815  0.00352380  
1133        0.28243968  0.28038996  0.00352069  
1134        0.38625152  0.28048331  0.00351882  
1135        0.32940928  0.28052642  0.00351598  
1136        0.37683200  0.28061119  0.00351391  
1137        0.30104448  0.28062917  0.00351086  
1138        0.20113408  0.28055931  0.00350847  
1139        0.37560192  0.28064275  0.00350638  
1140        0.04204032  0.28043345  0.00350955  
1141        0.15667200  0.28032499  0.00350815  
1142        0.23469568  0.28028503  0.00350531  
1143        0.03964928  0.28007450  0.00350856  
1144        0.45850112  0.28023047  0.00350896  
1145        0.26971648  0.28022129  0.00350591  
1146        0.22425088  0.28017245  0.00350319  
1147        0.17188352  0.28007804  0.00350141  
1148        0.32592768  0.28011797  0.00349858  
1149        0.15411200  0.28000831  0.00349726  
1150        0.25108352  0.27998316  0.00349430  
1151        0.08552448  0.27981421  0.00349535  
1152        0.24675200  0.27978551  0.00349243  
1153        0.07106432  0.27960448  0.00349410  
1154        0.45788032  0.27975897  0.00349448  
1155        0.29040128  0.27976818  0.00349147  
1156        0.33712000  0.27981780  0.00348880  
1157        0.67939200  0.28016315  0.00350285  
1158        0.29315072  0.28017437  0.00349984  
1159        0.24368000  0.28014288  0.00349696  
1160        0.43206528  0.28027384  0.00349640  
1161        0.34011008  0.28032538  0.00349377  
1162        0.46996352  0.28048858  0.00349457  
1163        0.36054528  0.28055742  0.00349224  
1164        0.33923968  0.28060783  0.00348961  
1165        0.38020992  0.28069333  0.00348766  
1166        0.23830528  0.28065698  0.00348486  
1167        0.28844928  0.28066365  0.00348188  
1168        0.28225408  0.28066501  0.00347889  
1169        0.50380672  0.28085590  0.00348115  
1170        0.31749632  0.28088721  0.00347832  
1171        0.29337088  0.28089787  0.00347536  
1172        0.28005888  0.28089716  0.00347240  
1173        0.08478592  0.28072997  0.00347346  
1174        0.32435072  0.28076713  0.00347070  
1175        0.41312128  0.28087977  0.00346957  
1176        0.32415232  0.28091656  0.00346682  
1177        0.53222912  0.28113008  0.00347044  
1178        0.09313152  0.28097049  0.00347117  
1179        0.28532608  0.28097419  0.00346822  
1180        0.35112832  0.28103364  0.00346579  
1181        0.23242752  0.28099248  0.00346310  
1182        0.44881408  0.28113446  0.00346308  
1183        0.43273088  0.28126261  0.00346253  
1184        0.15343488  0.28115465  0.00346129  
1185        0.17976832  0.28106909  0.00345942  
1186        0.58136448  0.28132229  0.00346576  
1187        0.37262848  0.28139921  0.00346370  
1188        0.55664128  0.28163090  0.00346853  
1189        0.22153088  0.28158035  0.00346598  
1190        0.22474752  0.28153259  0.00346339  
1191        0.23367552  0.28149241  0.00346072  
1192        0.08222592  0.28132524  0.00346185  
1193        0.25552768  0.28130362  0.00345902  
1194        0.40412672  0.28140648  0.00345765  
1195        0.41767808  0.28152052  0.00345664  
1196        0.33276800  0.28156337  0.00345401  
1197        0.37056512  0.28163772  0.00345192  
1198        0.29787648  0.28165127  0.00344907  
1199        0.32608128  0.28168833  0.00344639  
1200        0.36806528  0.28176031  0.00344427  
1201        0.39419392  0.28185393  0.00344267  
1202        0.28812800  0.28185915  0.00343981  
1203        0.27388800  0.28185252  0.00343696  
1204        0.33500032  0.28189666  0.00343438  
1205        0.17611648  0.28180888  0.00343266  
1206        0.04915200  0.28161596  0.00343523  
1207        0.35939200  0.28168040  0.00343299  
1208        0.18931200  0.28160394  0.00343100  
1209        0.41064448  0.28171067  0.00342982  
1210        0.44716032  0.28184741  0.00342971  
1211        0.26203648  0.28183105  0.00342692  
1212        0.22646272  0.28178536  0.00342439  
1213        0.27493888  0.28177972  0.00342157  
1214        0.09756672  0.28162798  0.00342212  
1215        0.30944768  0.28165088  0.00341938  
1216        0.36135808  0.28171642  0.00341719  
1217        0.42892800  0.28183739  0.00341653  
1218        0.21649408  0.28178374  0.00341414  
1219        0.22363648  0.28173604  0.00341167  
1220        0.21284352  0.28167957  0.00340934  
1221        0.12129792  0.28154822  0.00340908  
1222        0.21938048  0.28149734  0.00340667  
1223        0.32094208  0.28152959  0.00340404  
1224        0.28963712  0.28153622  0.00340126  
1225        0.25721728  0.28151637  0.00339854  
1226        0.34288512  0.28156642  0.00339614  
1227        0.26428928  0.28155234  0.00339340  
1228        0.26857472  0.28154177  0.00339065  
1229        0.11412992  0.28140556  0.00339063  
1230        0.28164992  0.28140575  0.00338787  
1231        0.44201472  0.28153622  0.00338763  
1232        0.30812032  0.28155780  0.00338495  
1233        0.26406912  0.28154362  0.00338223  
1234        0.29556608  0.28155498  0.00337951  
1235        0.21939072  0.28150465  0.00337714  
1236        0.13612928  0.28138703  0.00337646  
1237        0.09612800  0.28123726  0.00337705  
1238        0.35951488  0.28130049  0.00337492  
1239        0.15095808  0.28119529  0.00337383  
1240        0.30348800  0.28121327  0.00337116  
1241        0.31035392  0.28123675  0.00336852  
1242        0.45997568  0.28138067  0.00336888  
1243        0.26628992  0.28136852  0.00336619  
1244        0.37258752  0.28144185  0.00336429  
1245        0.26271232  0.28142681  0.00336162  
1246        0.38787968  0.28151224  0.00336000  
1247        0.34887168  0.28156626  0.00335774  
1248        0.30688768  0.28158655  0.00335511  
1249        0.42382208  0.28170043  0.00335436  
1250        0.35675648  0.28176048  0.00335221  
1251        0.34812800  0.28181353  0.00334995  
1252        0.33164800  0.28185333  0.00334751  
1253        0.08291200  0.28169456  0.00334860  
1254        0.01891200  0.28148500  0.00335249  
1255        0.14307200  0.28137471  0.00335163  
1256        0.43259392  0.28149511  0.00335113  
1257        0.22407168  0.28144943  0.00334877  
1258        0.22855552  0.28140738  0.00334637  
1259        0.02876288  0.28120671  0.00334973  
1260        0.23008128  0.28116614  0.00334731  
1261        0.10784768  0.28102869  0.00334748  
1262        0.35532800  0.28108756  0.00334535  
1263        0.35859968  0.28114894  0.00334326  
1264        0.03241472  0.28095215  0.00334640  
1265        0.13613952  0.28083768  0.00334572  
1266        0.05384192  0.28065837  0.00334788  
1267        0.38469632  0.28074049  0.00334624  
1268        0.02262528  0.28053693  0.00334979  
1269        0.35120000  0.28059261  0.00334762  
1270        0.12587008  0.28047078  0.00334720  
1271        0.18318208  0.28039424  0.00334544  
1272        0.28454912  0.28039750  0.00334281  
1273        0.16739200  0.28030873  0.00334136  
1274        0.31666048  0.28033727  0.00333886  
1275        0.14476800  0.28023094  0.00333793  
1276        0.30192512  0.28024794  0.00333536  
1277        0.31855488  0.28027794  0.00333288  
1278        0.24598528  0.28025110  0.00333038  
1279        0.21192192  0.28019768  0.00332820  
1280        0.32908800  0.28023588  0.00332582  
1281        0.33691648  0.28028012  0.00332352  
1282        0.19392000  0.28021276  0.00332161  
1283        0.07443968  0.28005238  0.00332289  
1284        0.50147328  0.28022482  0.00332478  
1285        0.02508800  0.28002627  0.00332812  
1286        0.04442112  0.27984306  0.00333057  
1287        0.30771200  0.27986472  0.00332805  
1288        0.13516800  0.27975238  0.00332737  
1289        0.34948608  0.27980647  0.00332522  
1290        0.23414272  0.27977108  0.00332283  
1291        0.66492288  0.28006941  0.00333364  
1292        0.10739200  0.27993576  0.00333373  
1293        0.34496512  0.27998605  0.00333153  
1294        0.42160000  0.28009549  0.00333076  
1295        0.36248448  0.28015911  0.00332879  
1296        0.38402048  0.28023925  0.00332719  
1297        0.32879488  0.28027669  0.00332483  
1298        0.05849088  0.28010582  0.00332666  
1299        0.08478592  0.27995546  0.00332750  
1300        0.19081088  0.27988689  0.00332564  
1301        0.30640000  0.27990727  0.00332315  
1302        0.10378112  0.27977199  0.00332335  
1303        0.16754688  0.27968587  0.00332192  
1304        0.37006848  0.27975518  0.00332009  
1305        0.02876288  0.27956285  0.00332312  
1306        0.57106432  0.27978605  0.00332806  
1307        0.32988672  0.27982438  0.00332574  
1308        0.18400768  0.27975113  0.00332400  
1309        0.35080192  0.27980541  0.00332190  
1310        0.17689472  0.27972685  0.00332030  
1311        0.29736448  0.27974030  0.00331779  
1312        0.32745472  0.27977667  0.00331546  
1313        0.06105088  0.27961008  0.00331712  
1314        0.08146432  0.27945929  0.00331802  
1315        0.21820928  0.27941271  0.00331583  
1316        0.31640448  0.27944082  0.00331342  
1317        0.35921408  0.27950139  0.00331146  
1318        0.35343232  0.27955749  0.00330942  
1319        0.25833472  0.27954140  0.00330695  
1320        0.40719232  0.27963810  0.00330586  
1321        0.04972032  0.27946405  0.00330794  
1322        0.30819200  0.27948578  0.00330551  
1323        0.19742592  0.27942376  0.00330359  
1324        0.13381632  0.27931378  0.00330293  
1325        0.16652288  0.27922866  0.00330153  
1326        0.08222592  0.27908009  0.00330238  
1327        0.24444800  0.27905399  0.00330000  
1328        0.27273088  0.27904923  0.00329751  
1329        0.15040512  0.27895243  0.00329645  
1330        0.22761472  0.27891383  0.00329420  
1331        0.44338048  0.27903740  0.00329404  
1332        0.39372672  0.27912350  0.00329270  
1333        0.21728128  0.27907711  0.00329055  
1334        0.34469888  0.27912630  0.00328845  
1335        0.30832128  0.27914817  0.00328606  
1336        0.19843072  0.27908775  0.00328416  
1337        0.20448128  0.27903195  0.00328217  
1338        0.14827392  0.27893422  0.00328117  
1339        0.28608000  0.27893956  0.00327873  
1340        0.13125632  0.27882935  0.00327813  
1341        0.51376000  0.27900454  0.00328037  
1342        0.18572800  0.27893503  0.00327866  
1343        0.45452800  0.27906578  0.00327883  
1344        0.17391488  0.27898754  0.00327732  
1345        0.05267328  0.27881928  0.00327920  
1346        0.12646272  0.27870609  0.00327872  
1347        0.15389568  0.27861343  0.00327759  
1348        0.26567552  0.27860383  0.00327518  
1349        0.40682368  0.27869888  0.00327413  
1350        0.33308672  0.27873917  0.00327195  
1351        0.34732928  0.27878994  0.00326992  
1352        0.33660800  0.27883270  0.00326778  
1353        0.38348800  0.27891005  0.00326628  
1354        0.27779968  0.27890923  0.00326387  
1355        0.32265728  0.27894152  0.00326162  
1356        0.22496128  0.27890171  0.00325945  
1357        0.39884800  0.27899010  0.00325825  
1358        0.05662208  0.27882635  0.00325997  
1359        0.14542848  0.27872819  0.00325904  
1360        0.23846912  0.27869859  0.00325678  
1361        0.22036352  0.27865573  0.00325467  
1362        0.45875200  0.27878796  0.00325497  
1363        0.23991808  0.27875944  0.00325270  
1364        0.44994048  0.27888494  0.00325274  
1365        0.24639488  0.27886114  0.00325044  
1366        0.26824192  0.27885336  0.00324807  
1367        0.13412352  0.27874749  0.00324742  
1368        0.18337792  0.27867778  0.00324579  
1369        0.14571392  0.27858065  0.00324488  
1370        0.12183552  0.27846624  0.00324453  
1371        0.34923392  0.27851786  0.00324257  
1372        0.29478912  0.27852972  0.00324023  
1373        0.29329408  0.27854047  0.00323788  
1374        0.34867200  0.27859151  0.00323593  
1375        0.31257472  0.27861623  0.00323367  
1376        0.26060800  0.27860314  0.00323134  
1377        0.25004032  0.27858240  0.00322906  
1378        0.19043200  0.27851843  0.00322735  
1379        0.14095872  0.27841867  0.00322655  
1380        0.08112128  0.27827570  0.00322738  
1381        0.28409728  0.27827992  0.00322505  
1382        0.10104832  0.27815168  0.00322526  
1383        0.34864000  0.27820264  0.00322333  
1384        0.45567872  0.27833088  0.00322356  
1385        0.29593088  0.27834359  0.00322125  
1386        0.23208832  0.27831021  0.00321910  
1387        0.39623552  0.27839523  0.00321790  
1388        0.19748352  0.27833694  0.00321611  
1389        0.28020608  0.27833829  0.00321380  
1390        0.40757248  0.27843126  0.00321283  
1391        0.37402112  0.27849998  0.00321125  
1392        0.42868608  0.27860787  0.00321076  
1393        0.34725888  0.27865716  0.00320883  
1394        0.19676672  0.27859841  0.00320707  
1395        0.32892800  0.27863449  0.00320497  
1396        0.44054528  0.27875047  0.00320477  
1397        0.20192128  0.27869548  0.00320295  
1398        0.10552192  0.27857160  0.00320305  
1399        0.41000832  0.27866555  0.00320214  
1400        0.30460800  0.27868408  0.00319991  
1401        0.38348800  0.27875889  0.00319850  
1402        0.31195008  0.27878256  0.00319630  
1403        0.23669632  0.27875257  0.00319417  
1404        0.31104512  0.27877557  0.00319197  
1405        0.14542848  0.27868066  0.00319111  
1406        0.18645888  0.27861507  0.00318952  
1407        0.31436800  0.27864048  0.00318735  
1408        0.14863872  0.27854815  0.00318642  
1409        0.37549952  0.27861696  0.00318490  
1410        0.35551232  0.27867149  0.00318311  
1411        0.18147328  0.27860261  0.00318160  
1412        0.26160000  0.27859056  0.00317937  
1413        0.17459200  0.27851696  0.00317797  
1414        0.16852992  0.27843918  0.00317668  
1415        0.47775232  0.27858004  0.00317755  
1416        0.20581888  0.27852865  0.00317572  
1417        0.00763392  0.27833748  0.00317924  
1418        0.44910592  0.27845791  0.00317927  
1419        0.21491200  0.27841312  0.00317735  
1420        0.30694272  0.27843321  0.00317517  
1421        0.06652800  0.27828409  0.00317644  
1422        0.22730752  0.27824824  0.00317441  
1423        0.18098048  0.27817989  0.00317291  
1424        0.08661888  0.27804536  0.00317354  
1425        0.18819072  0.27798231  0.00317194  
1426        0.50580992  0.27814208  0.00317373  
1427        0.26540032  0.27813315  0.00317152  
1428        0.32786432  0.27816797  0.00316949  
1429        0.30515200  0.27818686  0.00316733  
1430        0.20426752  0.27813516  0.00316554  
1431        0.07699968  0.27799461  0.00316644  
1432        0.30837632  0.27801582  0.00316430  
1433        0.17088000  0.27794106  0.00316298  
1434        0.31964032  0.27797014  0.00316091  
1435        0.12986368  0.27786693  0.00316039  
1436        0.34352000  0.27791265  0.00315852  
1437        0.42979200  0.27801834  0.00315809  
1438        0.14743552  0.27792753  0.00315720  
1439        0.34531328  0.27797436  0.00315535  
1440        0.11564928  0.27786163  0.00315517  
1441        0.22870912  0.27782752  0.00315317  
1442        0.35966848  0.27788428  0.00315149  
1443        0.37231488  0.27794972  0.00314998  
1444        0.67507712  0.27822474  0.00315979  
1445        0.51243008  0.27838682  0.00316176  
1446        0.29900800  0.27840108  0.00315961  
1447        0.36577152  0.27846146  0.00315800  
1448        0.15040512  0.27837302  0.00315706  
1449        0.27509632  0.27837076  0.00315488  
1450        0.40866688  0.27846062  0.00315398  
1451        0.37984128  0.27853049  0.00315258  
1452        0.15779712  0.27844734  0.00315151  
1453        0.39723008  0.27852909  0.00315040  
1454        0.28924800  0.27853646  0.00314824  
1455        0.24051200  0.27851033  0.00314618  
1456        0.32527232  0.27854245  0.00314419  
1457        0.20889088  0.27849464  0.00314239  
1458        0.39760768  0.27857634  0.00314130  
1459        0.31868800  0.27860383  0.00313926  
1460        0.32571392  0.27863610  0.00313728  
1461        0.30904192  0.27865691  0.00313520  
1462        0.02147200  0.27848100  0.00313799  
1463        0.29675008  0.27849348  0.00313587  
1464        0.34621312  0.27853974  0.00313407  
1465        0.29896192  0.27855368  0.00313196  
1466        0.22992768  0.27852051  0.00313000  
1467        0.27082752  0.27851527  0.00312787  
1468        0.22444032  0.27847843  0.00312595  
1469        0.32479232  0.27850996  0.00312398  
1470        0.11417472  0.27839817  0.00312386  
1471        0.39218048  0.27847552  0.00312269  
1472        0.28643328  0.27848092  0.00312058  
1473        0.07555968  0.27834316  0.00312150  
1474        0.37104512  0.27840605  0.00312001  
1475        0.28123008  0.27840797  0.00311790  
1476        0.31506432  0.27843280  0.00311588  
1477        0.08368128  0.27830095  0.00311656  
1478        0.30223232  0.27831714  0.00311450  
1479        0.16015232  0.27823724  0.00311342  
1480        0.51450752  0.27839689  0.00311540  
1481        0.50431872  0.27854943  0.00311703  
1482        0.40621952  0.27863558  0.00311612  
1483        0.35521408  0.27868722  0.00311445  
1484        0.48675712  0.27882743  0.00311550  
1485        0.34981888  0.27887523  0.00311377  
1486        0.34155392  0.27891741  0.00311196  
1487        0.28691328  0.27892279  0.00310987  
1488        0.32271872  0.27895222  0.00310792  
1489        0.32890752  0.27898577  0.00310602  
1490        0.56120832  0.27917518  0.00310970  
1491        0.04797312  0.27902012  0.00311148  
1492        0.43173888  0.27912248  0.00311108  
1493        0.04442112  0.27896527  0.00311297  
1494        0.22138752  0.27892673  0.00311112  
1495        0.34756608  0.27897265  0.00310938  
1496        0.31062912  0.27899381  0.00310737  
1497        0.08808448  0.27886628  0.00310792  
1498        0.22140800  0.27882792  0.00310608  
1499        0.11520000  0.27871877  0.00310592  
1500        0.28387200  0.27872220  0.00310385  
1501        0.34145152  0.27876399  0.00310207  
1502        0.17372032  0.27869406  0.00310079  
1503        0.23347200  0.27866397  0.00309887  
1504        0.27875200  0.27866403  0.00309681  
1505        0.40700800  0.27874931  0.00309593  
1506        0.34291200  0.27879191  0.00309416  
1507        0.33515392  0.27882931  0.00309234  
1508        0.36915200  0.27888921  0.00309087  
1509        0.17108992  0.27881777  0.00308964  
1510        0.17632768  0.27874989  0.00308834  
1511        0.25666432  0.27873528  0.00308633  
1512        0.32652800  0.27876689  0.00308445  
1513        0.35057152  0.27881435  0.00308278  
1514        0.17116032  0.27874324  0.00308156  
1515        0.32698368  0.27877508  0.00307969  
1516        0.30571392  0.27879285  0.00307771  
1517        0.36089728  0.27884697  0.00307616  
1518        0.27900800  0.27884708  0.00307413  
1519        0.22092672  0.27880895  0.00307234  
1520        0.30617088  0.27882695  0.00307037  
1521        0.38604672  0.27889744  0.00306916  
1522        0.33715072  0.27893572  0.00306739  
1523        0.31948800  0.27896234  0.00306549  
1524        0.32323072  0.27899139  0.00306361  
1525        0.07587712  0.27885820  0.00306450  
1526        0.31363968  0.27888099  0.00306257  
1527        0.13613952  0.27878752  0.00306199  
1528        0.35123200  0.27883493  0.00306036  
1529        0.18997248  0.27877681  0.00305891  
1530        0.17751552  0.27871063  0.00305762  
1531        0.06993408  0.27857426  0.00305867  
1532        0.30969728  0.27859458  0.00305674  
1533        0.41344512  0.27868254  0.00305601  
1534        0.27619200  0.27868092  0.00305402  
1535        0.34920448  0.27872686  0.00305237  
1536        0.14191488  0.27863779  0.00305168  
1537        0.47184768  0.27876350  0.00305229  
1538        0.22867968  0.27873093  0.00305048  
1539        0.38532608  0.27880019  0.00304928  
1540        0.02764800  0.27863711  0.00305166  
1541        0.34787200  0.27868204  0.00305001  
1542        0.22530048  0.27864742  0.00304823  
1543        0.29329408  0.27865691  0.00304627  
1544        0.32977792  0.27869002  0.00304447  
1545        0.11052928  0.27858118  0.00304445  
1546        0.12587008  0.27848240  0.00304408  
1547        0.28307328  0.27848537  0.00304212  
1548        0.16998272  0.27841528  0.00304096  
1549        0.38584192  0.27848463  0.00303978  
1550        0.29396992  0.27849462  0.00303784  
1551        0.34389888  0.27853679  0.00303617  
1552        0.25427968  0.27852116  0.00303426  
1553        0.09955200  0.27840592  0.00303449  
1554        0.10595200  0.27829494  0.00303457  
1555        0.18400768  0.27823431  0.00303322  
1556        0.29367168  0.27824423  0.00303129  
1557        0.33611648  0.27828140  0.00302957  
1558        0.44195328  0.27838645  0.00302945  
1559        0.34831872  0.27843131  0.00302783  
1560        0.31987200  0.27845787  0.00302601  
1561        0.29140992  0.27846617  0.00302408  
1562        0.14819200  0.27838277  0.00302329  
1563        0.24700800  0.27836269  0.00302143  
1564        0.35168128  0.27840957  0.00301986  
1565        0.26931200  0.27840376  0.00301793  
1566        0.52878208  0.27856364  0.00302024  
1567        0.48906112  0.27869798  0.00302130  
1568        0.31889408  0.27872361  0.00301948  
1569        0.33646592  0.27876041  0.00301778  
1570        0.41166848  0.27884507  0.00301705  
1571        0.42791808  0.27893996  0.00301662  
1572        0.36421632  0.27899420  0.00301519  
1573        0.37859328  0.27905752  0.00301393  
1574        0.50819072  0.27920310  0.00301553  
1575        0.33705472  0.27923983  0.00301384  
1576        0.40970112  0.27932261  0.00301307  
1577        0.13342592  0.27923009  0.00301258  
1578        0.22867968  0.27919806  0.00301084  
1579        0.06538752  0.27906265  0.00301198  
1580        0.09313152  0.27894497  0.00301237  
1581        0.21360128  0.27890364  0.00301075  
1582        0.22988800  0.27887266  0.00300900  
1583        0.39638528  0.27894689  0.00300802  
1584        0.36341632  0.27900022  0.00300659  
1585        0.17100800  0.27893208  0.00300546  
1586        0.37344768  0.27899168  0.00300416  
1587        0.34803712  0.27903518  0.00300258  
1588        0.37606272  0.27909629  0.00300131  
1589        0.33676800  0.27913258  0.00299964  
1590        0.31408128  0.27915456  0.00299784  
1591        0.47001088  0.27927452  0.00299835  
1592        0.17620992  0.27920978  0.00299717  
1593        0.13419392  0.27911875  0.00299667  
1594        0.26813312  0.27911186  0.00299480  
1595        0.43713408  0.27921093  0.00299456  
1596        0.25200512  0.27919388  0.00299273  
1597        0.13027200  0.27910063  0.00299231  
1598        0.14968832  0.27901965  0.00299153  
1599        0.19379712  0.27896635  0.00299013  
1600        0.20080128  0.27891750  0.00298866  
1601        0.33181568  0.27895054  0.00298698  
1602        0.31344512  0.27897207  0.00298519  
1603        0.37886848  0.27903439  0.00298398  
1604        0.32509952  0.27906311  0.00298226  
1605        0.38396800  0.27912847  0.00298112  
1606        0.27107200  0.27912345  0.00297926  
1607        0.35378688  0.27916991  0.00297777  
1608        0.45969408  0.27928218  0.00297803  
1609        0.16230272  0.27920948  0.00297707  
1610        0.23859200  0.27918425  0.00297533  
1611        0.28198912  0.27918599  0.00297348  
1612        0.33238912  0.27921899  0.00297182  
1613        0.36524928  0.27927233  0.00297046  
1614        0.20170752  0.27922427  0.00296900  
1615        0.18880000  0.27916828  0.00296769  
1616        0.13027200  0.27907614  0.00296729  
1617        0.50300928  0.27921463  0.00296868  
1618        0.14853632  0.27913386  0.00296795  
1619        0.21491200  0.27909420  0.00296638  
1620        0.12730368  0.27900050  0.00296603  
1621        0.30947200  0.27901930  0.00296426  
1622        0.46030848  0.27913107  0.00296454  
1623        0.33801088  0.27916734  0.00296293  
1624        0.68003712  0.27941419  0.00297138  
1625        0.28194688  0.27941574  0.00296955  
1626        0.05617152  0.27927845  0.00297090  
1627        0.29198208  0.27928626  0.00296908  
1628        0.08588800  0.27916746  0.00296963  
1629        0.25344000  0.27915167  0.00296785  
1630        0.35395072  0.27919756  0.00296638  
1631        0.29222912  0.27920555  0.00296458  
1632        0.28200832  0.27920726  0.00296276  
1633        0.34300800  0.27924633  0.00296120  
1634        0.34442752  0.27928622  0.00295966  
1635        0.20707328  0.27924206  0.00295818  
1636        0.02631552  0.27908746  0.00296041  
1637        0.20802432  0.27904405  0.00295892  
1638        0.39514112  0.27911492  0.00295796  
1639        0.39052800  0.27918290  0.00295694  
1640        0.28616192  0.27918715  0.00295513  
1641        0.09420800  0.27907443  0.00295548  
1642        0.23725568  0.27904896  0.00295379  
1643        0.03362688  0.27889959  0.00295577  
1644        0.02262528  0.27874370  0.00295808  
1645        0.25852800  0.27873141  0.00295631  
1646        0.15901568  0.27865868  0.00295541  
1647        0.39354368  0.27872844  0.00295444  
1648        0.30524288  0.27874453  0.00295269  
1649        0.32157568  0.27877050  0.00295101  
1650        0.30457728  0.27878614  0.00294926  
1651        0.23347200  0.27875869  0.00294760  
1652        0.37820288  0.27881889  0.00294643  
1653        0.40273408  0.27889385  0.00294561  
1654        0.05500800  0.27875849  0.00294693  
1655        0.16875008  0.27869202  0.00294590  
1656        0.23643008  0.27866650  0.00294423  
1657        0.04679168  0.27852657  0.00294578  
1658        0.38379008  0.27859006  0.00294469  
1659        0.10588032  0.27848595  0.00294476  
1660        0.38711168  0.27855139  0.00294371  
1661        0.35839488  0.27859946  0.00294233  
1662        0.28251648  0.27860181  0.00294056  
1663        0.31864832  0.27862589  0.00293889  
1664        0.19459968  0.27857540  0.00293756  
1665        0.40544128  0.27865159  0.00293678  
1666        0.23475072  0.27862524  0.00293513  
1667        0.12644352  0.27853395  0.00293479  
1668        0.21016448  0.27849296  0.00293332  
1669        0.24032128  0.27847009  0.00293165  
1670        0.35043328  0.27851318  0.00293021  
1671        0.31868800  0.27853723  0.00292856  
1672        0.33540992  0.27857124  0.00292700  
1673        0.15887872  0.27849970  0.00292613  
1674        0.06336000  0.27837118  0.00292720  
1675        0.05964672  0.27824060  0.00292837  
1676        0.27252608  0.27823719  0.00292662  
1677        0.46784512  0.27835025  0.00292706  
1678        0.23554048  0.27832474  0.00292542  
1679        0.22480768  0.27829286  0.00292386  
1680        0.31884800  0.27831700  0.00292221  
1681        0.10378112  0.27821318  0.00292232  
1682        0.32526208  0.27824115  0.00292072  
1683        0.30819200  0.27825894  0.00291903  
1684        0.56923648  0.27843173  0.00292241  
1685        0.43507200  0.27852470  0.00292216  
1686        0.08880000  0.27841217  0.00292259  
1687        0.39480832  0.27848116  0.00292167  
1688        0.18314112  0.27842468  0.00292049  
1689        0.33003392  0.27845524  0.00291892  
1690        0.33648128  0.27848957  0.00291739  
1691        0.24958848  0.27847248  0.00291572  
1692        0.36044800  0.27852093  0.00291440  
1693        0.10784768  0.27842012  0.00291442  
1694        0.31756288  0.27844323  0.00291279  
1695        0.39695232  0.27851314  0.00291191  
1696        0.33865728  0.27854860  0.00291041  
1697        0.30699392  0.27856537  0.00290874  
1698        0.26114048  0.27855510  0.00290705  
1699        0.06880128  0.27843165  0.00290796  
1700        0.42787712  0.27851956  0.00290757  
1701        0.50284032  0.27865143  0.00290885  
1702        0.35490688  0.27869624  0.00290749  
1703        0.38860800  0.27876078  0.00290650  
1704        0.05032832  0.27862672  0.00290788  
1705        0.51727872  0.27876669  0.00290955  
1706        0.54208000  0.27892104  0.00291194  
1707        0.33964032  0.27895661  0.00291045  
1708        0.32204800  0.27898184  0.00290885  
1709        0.13355008  0.27889674  0.00290839  
1710        0.34856832  0.27893748  0.00290698  
1711        0.33504768  0.27897028  0.00290546  
1712        0.11364352  0.27887371  0.00290537  
1713        0.19496448  0.27882472  0.00290409  
1714        0.23669632  0.27880014  0.00290250  
1715        0.11460608  0.27870440  0.00290238  
1716        0.11314688  0.27860793  0.00290230  
1717        0.14759808  0.27853162  0.00290161  
1718        0.34912128  0.27857271  0.00290021  
1719        0.40026112  0.27864350  0.00289939  
1720        0.16764800  0.27857897  0.00289842  
1721        0.23540608  0.27855388  0.00289684  
1722        0.14351872  0.27847547  0.00289622  
1723        0.48392192  0.27859470  0.00289700  
1724        0.33347072  0.27862653  0.00289549  
1725        0.17700352  0.27856762  0.00289441  
1726        0.13003648  0.27848157  0.00289401  
1727        0.33740672  0.27851569  0.00289254  
1728        0.17276800  0.27845449  0.00289151  
1729        0.23078912  0.27842692  0.00288997  
1730        0.34076672  0.27846296  0.00288852  
1731        0.35057152  0.27850461  0.00288715  
1732        0.31686528  0.27852676  0.00288557  
1733        0.22875008  0.27849804  0.00288405  
1734        0.33924992  0.27853308  0.00288260  
1735        0.21859200  0.27849853  0.00288114  
1736        0.15040512  0.27842474  0.00288043  
1737        0.40429568  0.27849721  0.00287968  
1738        0.32864128  0.27852606  0.00287817  
1739        0.27158528  0.27852207  0.00287652  
1740        0.09998208  0.27841946  0.00287669  
1741        0.26742272  0.27841314  0.00287505  
1742        0.10528768  0.27831376  0.00287512  
1743        0.48051712  0.27842977  0.00287581  
1744        0.31744000  0.27845213  0.00287424  
1745        0.34302848  0.27848914  0.00287283  
1746        0.38064000  0.27854765  0.00287178  
1747        0.44988288  0.27864572  0.00287182  
1748        0.15621632  0.27857568  0.00287103  
1749        0.13321728  0.27849257  0.00287059  
1750        0.27641728  0.27849139  0.00286895  
1751        0.65765248  0.27870793  0.00287547  
1752        0.32342912  0.27873345  0.00287394  
1753        0.32626688  0.27876057  0.00287243  
1754        0.34502528  0.27879835  0.00287104  
1755        0.42398592  0.27888107  0.00287060  
1756        0.23244800  0.27885463  0.00286909  
1757        0.46948352  0.27896313  0.00286950  
1758        0.39135232  0.27902706  0.00286858  
1759        0.15868800  0.27895864  0.00286777  
1760        0.20528000  0.27891678  0.00286644  
1761        0.37244800  0.27896989  0.00286531  
1762        0.39897088  0.27903800  0.00286449  
1763        0.23932800  0.27901548  0.00286296  
1764        0.33131392  0.27904512  0.00286149  
1765        0.11520000  0.27895229  0.00286137  
1766        0.19512192  0.27890482  0.00286014  
1767        0.28206592  0.27890661  0.00285852  
1768        0.30448512  0.27892108  0.00285694  
1769        0.13283200  0.27883850  0.00285652  
1770        0.25727872  0.27882632  0.00285493  
1771        0.19596800  0.27877953  0.00285371  
1772        0.66575232  0.27899791  0.00286044  
1773        0.13675392  0.27891768  0.00285995  
1774        0.18826112  0.27886658  0.00285880  
1775        0.20172800  0.27882312  0.00285752  
1776        0.28093312  0.27882431  0.00285591  
1777        0.26361728  0.27881575  0.00285431  
1778        0.29011968  0.27882211  0.00285272  
1779        0.15808512  0.27875424  0.00285192  
1780        0.02754048  0.27861311  0.00285381  
1781        0.34947968  0.27865290  0.00285248  
1782        0.37150208  0.27870501  0.00285136  
1783        0.42752000  0.27878847  0.00285098  
1784        0.23011200  0.27876118  0.00284951  
1785        0.30755712  0.27877732  0.00284796  
1786        0.32992768  0.27880596  0.00284651  
1787        0.36913152  0.27885650  0.00284537  
1788        0.12208128  0.27876882  0.00284513  
1789        0.46403072  0.27887238  0.00284542  
1790        0.06309888  0.27875183  0.00284638  
1791        0.32394752  0.27877707  0.00284491  
1792        0.25619328  0.27876447  0.00284335  
1793        0.48946688  0.27888198  0.00284419  
1794        0.19337088  0.27883431  0.00284300  
1795        0.46259072  0.27893669  0.00284326  
1796        0.14095872  0.27885986  0.00284272  
1797        0.16107008  0.27879431  0.00284189  
1798        0.27483648  0.27879211  0.00284031  
1799        0.47331200  0.27890024  0.00284079  
1800        0.20536192  0.27885938  0.00283950  
1801        0.11260800  0.27876707  0.00283943  
1802        0.22574592  0.27873765  0.00283800  
1803        0.36765568  0.27878697  0.00283686  
1804        0.24744832  0.27876959  0.00283534  
1805        0.10167168  0.27867148  0.00283547  
1806        0.19726208  0.27862640  0.00283425  
1807        0.33264512  0.27865630  0.00283284  
1808        0.27711488  0.27865544  0.00283127  
1809        0.31855488  0.27867750  0.00282980  
1810        0.05406208  0.27855340  0.00283095  
1811        0.33054208  0.27858211  0.00282953  
1812        0.20965248  0.27854407  0.00282823  
1813        0.24529792  0.27852573  0.00282673  
1814        0.16764800  0.27846461  0.00282583  
1815        0.43682688  0.27855186  0.00282562  
1816        0.22259200  0.27852104  0.00282423  
1817        0.62267392  0.27871045  0.00282902  
1818        0.35100672  0.27875022  0.00282775  
1819        0.34060288  0.27878422  0.00282640  
1820        0.30605312  0.27879921  0.00282488  
1821        0.35582848  0.27884151  0.00282365  
1822        0.06538752  0.27872435  0.00282453  
1823        0.08257408  0.27861675  0.00282503  
1824        0.32613248  0.27864280  0.00282360  
1825        0.46631808  0.27874564  0.00282393  
1826        0.21383168  0.27871009  0.00282260  
1827        0.15296512  0.27864126  0.00282190  
1828        0.12531200  0.27855739  0.00282160  
1829        0.45679488  0.27865484  0.00282174  
1830        0.33269632  0.27868437  0.00282035  
1831        0.11673472  0.27859592  0.00282020  
1832        0.40419200  0.27866448  0.00281949  
1833        0.02754048  0.27852747  0.00282128  
1834        0.33858432  0.27856022  0.00281993  
1835        0.07618432  0.27844993  0.00282055  
1836        0.30064128  0.27846202  0.00281904  
1837        0.15830912  0.27839661  0.00281827  
1838        0.26193792  0.27838766  0.00281675  
1839        0.11826048  0.27830059  0.00281656  
1840        0.42398592  0.27837976  0.00281614  
1841        0.36507648  0.27842686  0.00281501  
1842        0.20108800  0.27838487  0.00281379  
1843        0.09676800  0.27828633  0.00281399  
1844        0.18147200  0.27823382  0.00281295  
1845        0.41596928  0.27830848  0.00281242  
1846        0.29029888  0.27831497  0.00281090  
1847        0.32476032  0.27834012  0.00280949  
1848        0.19424768  0.27829461  0.00280834  
1849        0.11417472  0.27820585  0.00280823  
1850        0.37552000  0.27825845  0.00280720  
1851        0.47468032  0.27836457  0.00280769  
1852        0.32288768  0.27838861  0.00280628  
1853        0.13577728  0.27831165  0.00280582  
1854        0.19486592  0.27826664  0.00280466  
1855        0.26601472  0.27826004  0.00280316  
1856        0.16710528  0.27820015  0.00280229  
1857        0.35593088  0.27824200  0.00280109  
1858        0.34354688  0.27827715  0.00279981  
1859        0.46474752  0.27837746  0.00280010  
1860        0.35395072  0.27841809  0.00279888  
1861        0.10061312  0.27832255  0.00279901  
1862        0.36146048  0.27836720  0.00279786  
1863        0.31283200  0.27838570  0.00279642  
1864        0.39398912  0.27844772  0.00279561  
1865        0.36656000  0.27849496  0.00279451  
1866        0.34795008  0.27853218  0.00279326  
1867        0.45529088  0.27862686  0.00279337  
1868        0.16271232  0.27856480  0.00279256  
1869        0.05267328  0.27844394  0.00279368  
1870        0.14191488  0.27837093  0.00279314  
1871        0.08917888  0.27826981  0.00279348  
1872        0.08898432  0.27816870  0.00279382  
1873        0.36370432  0.27821437  0.00279270  
1874        0.34283392  0.27824885  0.00279142  
1875        0.39347072  0.27831030  0.00279061  
1876        0.29218688  0.27831770  0.00278913  
1877        0.29749248  0.27832791  0.00278766  
1878        0.34039808  0.27836097  0.00278638  
1879        0.63484800  0.27855069  0.00279135  
1880        0.37861248  0.27860391  0.00279037  
1881        0.06524800  0.27849048  0.00279119  
1882        0.08988672  0.27839027  0.00279151  
1883        0.44357632  0.27847800  0.00279140  
1884        0.40349568  0.27854435  0.00279071  
1885        0.26171392  0.27853542  0.00278924  
1886        0.35292672  0.27857487  0.00278804  
1887        0.38143488  0.27862938  0.00278710  
1888        0.26134528  0.27862022  0.00278564  
1889        0.47845248  0.27872601  0.00278617  
1890        0.31196672  0.27874360  0.00278475  
1891        0.22660992  0.27871603  0.00278342  
1892        0.25503232  0.27870351  0.00278197  
1893        0.23066112  0.27867813  0.00278062  
1894        0.14447488  0.27860727  0.00278005  
1895        0.19795968  0.27856472  0.00277891  
1896        0.37683200  0.27861655  0.00277793  
1897        0.37376000  0.27866670  0.00277692  
1898        0.05053312  0.27854650  0.00277806  
1899        0.32777728  0.27857243  0.00277671  
1900        0.19971968  0.27853093  0.00277556  
1901        0.30668800  0.27854574  0.00277414  
1902        0.16495488  0.27848602  0.00277332  
1903        0.33582592  0.27851615  0.00277203  
1904        0.33613312  0.27854641  0.00277074  
1905        0.11108352  0.27845850  0.00277068  
1906        0.16471552  0.27839883  0.00276987  
1907        0.30204800  0.27841123  0.00276844  
1908        0.32741248  0.27843691  0.00276711  
1909        0.31203200  0.27845451  0.00276572  
1910        0.38248448  0.27850897  0.00276481  
1911        0.36915200  0.27855641  0.00276377  
1912        0.29820800  0.27856668  0.00276234  
1913        0.20315008  0.27852726  0.00276118  
1914        0.29670272  0.27853676  0.00275975  
1915        0.23390208  0.27851345  0.00275841  
1916        0.20099072  0.27847299  0.00275726  
1917        0.18232192  0.27842283  0.00275628  
1918        0.41932800  0.27849629  0.00275582  
1919        0.42803072  0.27857422  0.00275549  
1920        0.36433408  0.27861888  0.00275441  
1921        0.49227648  0.27873011  0.00275523  
1922        0.21676032  0.27869786  0.00275398  
1923        0.17072000  0.27864171  0.00275312  
1924        0.22460288  0.27861363  0.00275183  
1925        0.29562368  0.27862246  0.00275042  
1926        0.34170368  0.27865522  0.00274918  
1927        0.36675072  0.27870093  0.00274814  
1928        0.34211328  0.27873382  0.00274691  
1929        0.36945408  0.27878085  0.00274589  
1930        0.39403008  0.27884057  0.00274511  
1931        0.33740800  0.27887090  0.00274386  
1932        0.27162112  0.27886714  0.00274244  
1933        0.34825728  0.27890304  0.00274126  
1934        0.19955200  0.27886201  0.00274015  
1935        0.22178688  0.27883252  0.00273889  
1936        0.18155392  0.27878227  0.00273794  
1937        0.17099648  0.27872662  0.00273709  
1938        0.03724800  0.27860202  0.00273851  
1939        0.28412800  0.27860487  0.00273710  
1940        0.23199232  0.27858084  0.00273579  
1941        0.41733632  0.27865233  0.00273532  
1942        0.26695552  0.27864631  0.00273392  
1943        0.46211968  0.27874074  0.00273414  
1944        0.41057152  0.27880855  0.00273357  
1945        0.07278592  0.27870263  0.00273422  
1946        0.27207552  0.27869922  0.00273282  
1947        0.29868928  0.27870949  0.00273143  
1948        0.40388608  0.27877375  0.00273079  
1949        0.22681088  0.27874708  0.00272952  
1950        0.27788800  0.27874664  0.00272811  
1951        0.43120128  0.27882479  0.00272784  
1952        0.26284032  0.27881660  0.00272645  
1953        0.28123008  0.27881783  0.00272505  
1954        0.17099648  0.27876265  0.00272422  
1955        0.10692608  0.27867476  0.00272424  
1956        0.26114048  0.27866579  0.00272286  
1957        0.36492800  0.27870987  0.00272183  
1958        0.26339200  0.27870205  0.00272045  
1959        0.20290432  0.27866336  0.00271934  
1960        0.39689728  0.27872368  0.00271862  
1961        0.31170432  0.27874050  0.00271728  
1962        0.42892800  0.27881705  0.00271698  
1963        0.18901888  0.27877130  0.00271598  
1964        0.12134272  0.27869114  0.00271578  
1965        0.37099008  0.27873812  0.00271480  
1966        0.15603200  0.27867570  0.00271414  
1967        0.31587200  0.27869461  0.00271282  
1968        0.16137728  0.27863500  0.00271210  
1969        0.29515648  0.27864339  0.00271074  
1970        0.07779200  0.27854143  0.00271128  
1971        0.34647552  0.27857590  0.00271012  
1972        0.44789248  0.27866176  0.00271011  
1973        0.33315712  0.27868938  0.00270887  
1974        0.32204672  0.27871135  0.00270759  
1975        0.31254528  0.27872848  0.00270627  
1976        0.08112128  0.27862847  0.00270675  
1977        0.28987392  0.27863416  0.00270539  
1978        0.40316800  0.27869712  0.00270475  
1979        0.21116800  0.27866300  0.00270360  
1980        0.36879232  0.27870852  0.00270262  
1981        0.40145792  0.27877048  0.00270196  
1982        0.34764288  0.27880523  0.00270082  
1983        0.17463168  0.27875270  0.00269997  
1984        0.47574528  0.27885199  0.00270044  
1985        0.27644800  0.27885078  0.00269908  
1986        0.05309312  0.27873710  0.00270011  
1987        0.02508800  0.27860945  0.00270177  
1988        0.26503168  0.27860262  0.00270042  
1989        0.28024832  0.27860345  0.00269906  
1990        0.23347200  0.27858077  0.00269780  
1991        0.40188800  0.27864270  0.00269715  
1992        0.38699008  0.27869709  0.00269635  
1993        0.16932352  0.27864221  0.00269555  
1994        0.18147328  0.27859348  0.00269464  
1995        0.53427072  0.27872164  0.00269634  
1996        0.29178752  0.27872819  0.00269500  
1997        0.36433408  0.27877105  0.00269399  
1998        0.25066368  0.27875699  0.00269268  
1999        0.24944512  0.27874232  0.00269137  
2000        0.28300800  0.27874446  0.00269002  
