1           1.25720000  1.25720000  0.00000000  
2           1.39532000  1.32626000  0.06906000  
3           1.26700000  1.30650667  0.04449669  
4           1.21508000  1.28365000  0.03888965  
5           1.54844000  1.33660800  0.06092612  
6           1.41820000  1.35020667  0.05157117  
7           1.40776000  1.35842857  0.04435430  
8           1.52908000  1.37976000  0.04393754  
9           1.29180000  1.36998667  0.03996278  
10          1.32068000  1.36505600  0.03608228  
11          1.44196000  1.37204727  0.03337804  
12          1.32484000  1.36811333  0.03072275  
13          1.26552000  1.36022154  0.02934202  
14          1.37004000  1.36092286  0.02717449  
15          1.33524000  1.35921067  0.02535595  
16          1.37852000  1.36041750  0.02374900  
17          1.35176000  1.35990824  0.02231411  
18          1.34340000  1.35899111  0.02105793  
19          1.62848000  1.37317474  0.02445269  
20          1.29700000  1.36936600  0.02350845  
21          1.52296000  1.37668000  0.02352676  
22          1.47260000  1.38104000  0.02285168  
23          1.43648000  1.38345043  0.02196818  
24          1.29888000  1.37992667  0.02132607  
25          1.43660000  1.38219360  0.02058048  
26          1.20088000  1.37522000  0.02096678  
27          1.28324000  1.37181333  0.02046088  
28          1.31424000  1.36975714  0.01982353  
29          1.56824000  1.37660138  0.02031537  
30          1.31184000  1.37444267  0.01974488  
31          1.27488000  1.37123097  0.01936551  
32          1.41552000  1.37261500  0.01880158  
33          1.48732000  1.37609091  0.01855147  
34          1.23840000  1.37204118  0.01844757  
35          1.10688000  1.36446514  0.01944898  
36          1.34748000  1.36399333  0.01890690  
37          1.27052000  1.36146703  0.01856153  
38          1.31132000  1.36014737  0.01811460  
39          1.35424000  1.35999590  0.01764466  
40          1.21352000  1.35633400  0.01758342  
41          1.41680000  1.35780878  0.01721249  
42          1.21532000  1.35441619  0.01713685  
43          1.27036000  1.35246140  0.01684736  
44          1.48968000  1.35558000  0.01675284  
45          1.21488000  1.35245333  0.01667214  
46          1.37280000  1.35289565  0.01631167  
47          1.45424000  1.35505191  0.01610583  
48          1.22020000  1.35224250  0.01601507  
49          1.29320000  1.35103755  0.01573104  
50          1.51020000  1.35422080  0.01573849  
51          1.25640000  1.35230275  0.01554559  
52          1.33860000  1.35203923  0.01524598  
53          1.29172000  1.35090113  0.01499880  
54          1.43404000  1.35244074  0.01479873  
55          1.22296000  1.35008655  0.01471668  
56          1.30560000  1.34929214  0.01447331  
57          1.35360000  1.34936772  0.01421733  
58          1.47284000  1.35149655  0.01413132  
59          1.37500000  1.35189492  0.01389546  
60          1.36080000  1.35204333  0.01366271  
61          1.37344000  1.35239410  0.01344144  
62          1.31812000  1.35184129  0.01323442  
63          1.37552000  1.35221714  0.01302808  
64          1.30220000  1.35143562  0.01284669  
65          1.39052000  1.35203692  0.01266179  
66          1.41904000  1.35305212  0.01250973  
67          1.28388000  1.35201970  0.01236478  
68          1.37672000  1.35238294  0.01218700  
69          1.27088000  1.35120174  0.01206703  
70          1.34468000  1.35110857  0.01189376  
71          1.46372000  1.35269465  0.01183184  
72          1.41136000  1.35350944  0.01169477  
73          1.44112000  1.35470959  0.01159573  
74          1.36788000  1.35488757  0.01143934  
75          1.16972000  1.35241867  0.01155268  
76          1.34804000  1.35236105  0.01139980  
77          1.36332000  1.35250338  0.01125168  
78          1.30004000  1.35183077  0.01112684  
79          1.39376000  1.35236152  0.01099790  
80          1.53948000  1.35470050  0.01110859  
81          1.35844000  1.35474667  0.01097069  
82          1.20384000  1.35290634  0.01099124  
83          1.45844000  1.35417783  0.01093220  
84          1.36924000  1.35435714  0.01080276  
85          1.27960000  1.35347765  0.01071108  
86          1.38200000  1.35380930  0.01059099  
87          1.28660000  1.35303678  0.01049702  
88          1.34580000  1.35295455  0.01037737  
89          1.33312000  1.35273169  0.01026253  
90          1.38968000  1.35314222  0.01015616  
91          1.54456000  1.35524571  0.01026184  
92          1.35676000  1.35526217  0.01014970  
93          1.45040000  1.35628516  0.01009195  
94          1.33448000  1.35605319  0.00998671  
95          1.36640000  1.35616211  0.00988162  
96          1.23256000  1.35487458  0.00986255  
97          1.41380000  1.35548206  0.00977923  
98          1.47540000  1.35670571  0.00975597  
99          1.10460000  1.35415919  0.00998704  
100         1.41884000  1.35480600  0.00990780  
101         1.21832000  1.35345465  0.00990186  
102         1.30964000  1.35302510  0.00981371  
103         1.29080000  1.35242097  0.00973672  
104         1.25112000  1.35144692  0.00969171  
105         1.35028000  1.35143581  0.00959898  
106         1.51668000  1.35299472  0.00963494  
107         1.23928000  1.35193196  0.00960345  
108         1.31012000  1.35154481  0.00952199  
109         1.33264000  1.35137138  0.00943582  
110         1.44944000  1.35226291  0.00939206  
111         1.35516000  1.35228901  0.00930710  
112         1.22148000  1.35112107  0.00929727  
113         1.44824000  1.35198053  0.00925462  
114         1.21116000  1.35074526  0.00925588  
115         1.33076000  1.35057148  0.00917669  
116         1.26960000  1.34987345  0.00912398  
117         1.23900000  1.34892581  0.00909516  
118         1.39480000  1.34931458  0.00902613  
119         1.20888000  1.34813445  0.00902743  
120         1.31760000  1.34788000  0.00895550  
121         1.26872000  1.34722579  0.00890524  
122         1.30340000  1.34686656  0.00883925  
123         1.33556000  1.34677463  0.00876757  
124         1.13288000  1.34504968  0.00886600  
125         1.40444000  1.34552480  0.00880761  
126         1.37344000  1.34574635  0.00874024  
127         1.29472000  1.34534457  0.00868045  
128         1.44896000  1.34615406  0.00865032  
129         1.31344000  1.34590047  0.00858675  
130         1.46304000  1.34680154  0.00856795  
131         1.27884000  1.34628275  0.00851811  
132         1.47148000  1.34723121  0.00850638  
133         1.12148000  1.34553383  0.00861112  
134         1.20460000  1.34448209  0.00861109  
135         1.54428000  1.34596207  0.00867425  
136         1.31040000  1.34570059  0.00861421  
137         1.38752000  1.34600584  0.00855654  
138         1.37204000  1.34619449  0.00849641  
139         1.65616000  1.34842446  0.00872485  
140         1.39352000  1.34874657  0.00866829  
141         1.50448000  1.34985106  0.00867718  
142         1.45344000  1.35058056  0.00864668  
143         1.36512000  1.35068224  0.00858661  
144         1.44984000  1.35137083  0.00855453  
145         1.45888000  1.35211228  0.00852762  
146         1.63412000  1.35404384  0.00868649  
147         1.26032000  1.35340626  0.00865072  
148         1.48596000  1.35430189  0.00863862  
149         1.49032000  1.35521477  0.00862887  
150         1.32620000  1.35502133  0.00857334  
151         1.31536000  1.35475868  0.00852042  
152         1.34664000  1.35470526  0.00846435  
153         1.34348000  1.35463190  0.00840916  
154         1.24580000  1.35392519  0.00838422  
155         1.40872000  1.35427871  0.00833745  
156         1.18340000  1.35318333  0.00835594  
157         1.40500000  1.35351338  0.00830910  
158         1.24236000  1.35280987  0.00828626  
159         1.45508000  1.35345308  0.00825907  
160         1.41148000  1.35381575  0.00821529  
161         1.27944000  1.35335379  0.00817717  
162         1.40240000  1.35365654  0.00813217  
163         1.34980000  1.35363288  0.00808216  
164         1.40264000  1.35393171  0.00803829  
165         1.37608000  1.35406594  0.00799055  
166         1.45964000  1.35470193  0.00796769  
167         1.24540000  1.35404743  0.00794683  
168         1.31472000  1.35381333  0.00790286  
169         1.29264000  1.35345136  0.00786429  
170         1.58544000  1.35481600  0.00793610  
171         1.31840000  1.35460304  0.00789243  
172         1.45728000  1.35520000  0.00786908  
173         1.36716000  1.35526913  0.00782377  
174         1.26992000  1.35477862  0.00779413  
175         1.55332000  1.35591314  0.00783207  
176         1.38276000  1.35606568  0.00778893  
177         1.14404000  1.35486780  0.00783689  
178         1.25496000  1.35430652  0.00781293  
179         1.43260000  1.35474391  0.00778146  
180         1.31096000  1.35450067  0.00774193  
181         1.41148000  1.35481547  0.00770547  
182         1.33796000  1.35472286  0.00766358  
183         1.43224000  1.35514645  0.00763335  
184         1.62080000  1.35659022  0.00772782  
185         1.33924000  1.35649643  0.00768650  
186         1.20744000  1.35569505  0.00768695  
187         1.33396000  1.35557882  0.00764662  
188         1.18924000  1.35469404  0.00765713  
189         1.32288000  1.35452571  0.00761836  
190         1.17692000  1.35359095  0.00763560  
191         1.27436000  1.35317613  0.00760683  
192         1.30548000  1.35292771  0.00757119  
193         1.23280000  1.35230528  0.00755753  
194         1.39888000  1.35254536  0.00752230  
195         1.44020000  1.35299487  0.00749712  
196         1.21996000  1.35231612  0.00748959  
197         1.25916000  1.35184325  0.00746646  
198         1.15168000  1.35083232  0.00749713  
199         1.32232000  1.35068905  0.00746073  
200         1.45588000  1.35121500  0.00744195  
201         1.61276000  1.35251622  0.00751829  
202         1.25920000  1.35205426  0.00749523  
203         1.51028000  1.35283369  0.00749883  
204         1.19824000  1.35207588  0.00750036  
205         1.52932000  1.35294049  0.00751360  
206         1.55952000  1.35394330  0.00754398  
207         1.48172000  1.35456058  0.00753278  
208         1.34136000  1.35449712  0.00749675  
209         1.30584000  1.35426431  0.00746443  
210         1.35356000  1.35426095  0.00742880  
211         1.32044000  1.35410066  0.00739524  
212         1.42852000  1.35445170  0.00736864  
213         1.48068000  1.35504432  0.00735787  
214         1.31672000  1.35486523  0.00732560  
215         1.41832000  1.35516037  0.00729742  
216         1.26784000  1.35475611  0.00727479  
217         1.35900000  1.35477567  0.00724122  
218         1.31628000  1.35459908  0.00721009  
219         1.41020000  1.35485297  0.00718158  
220         1.29684000  1.35458927  0.00715372  
221         1.38540000  1.35472869  0.00712264  
222         1.36620000  1.35478036  0.00709068  
223         1.28364000  1.35446135  0.00706601  
224         1.47704000  1.35500857  0.00705565  
225         1.50968000  1.35569600  0.00705778  
226         1.39304000  1.35586124  0.00702842  
227         1.50976000  1.35653921  0.00703016  
228         1.34584000  1.35649228  0.00699941  
229         1.30164000  1.35625275  0.00697290  
230         1.23308000  1.35571722  0.00696314  
231         1.42912000  1.35603498  0.00694021  
232         1.40452000  1.35624397  0.00691339  
233         1.41184000  1.35648258  0.00688779  
234         1.43464000  1.35681658  0.00686642  
235         1.25644000  1.35638945  0.00685047  
236         1.37396000  1.35646390  0.00682178  
237         1.44484000  1.35683679  0.00680316  
238         1.30712000  1.35662790  0.00677774  
239         1.51904000  1.35730745  0.00678345  
240         1.16888000  1.35652233  0.00680059  
241         1.35368000  1.35651054  0.00677233  
242         1.30460000  1.35629603  0.00674769  
243         1.43400000  1.35661580  0.00672747  
244         1.26888000  1.35625623  0.00670949  
245         1.38816000  1.35638645  0.00668331  
246         1.32324000  1.35625171  0.00665745  
247         1.30120000  1.35602883  0.00663419  
248         1.47428000  1.35650565  0.00662457  
249         1.33432000  1.35641655  0.00659851  
250         1.44108000  1.35675520  0.00658078  
251         1.37524000  1.35682884  0.00655493  
252         1.26592000  1.35646810  0.00653882  
253         1.39456000  1.35661866  0.00651467  
254         1.31732000  1.35646394  0.00649081  
255         1.42132000  1.35671827  0.00647031  
256         1.43600000  1.35702797  0.00645242  
257         1.38328000  1.35713012  0.00642808  
258         1.30220000  1.35691721  0.00640665  
259         1.31632000  1.35676046  0.00638379  
260         1.33424000  1.35667385  0.00635978  
261         1.39252000  1.35681119  0.00633686  
262         1.36248000  1.35683282  0.00631266  
263         1.39464000  1.35697658  0.00629025  
264         1.47656000  1.35742955  0.00628273  
265         1.30660000  1.35723774  0.00626192  
266         1.43940000  1.35754662  0.00624597  
267         1.60768000  1.35848345  0.00629266  
268         1.21060000  1.35793164  0.00629338  
269         1.35148000  1.35790766  0.00626998  
270         1.40820000  1.35809393  0.00624950  
271         1.31128000  1.35792118  0.00622879  
272         1.38808000  1.35803206  0.00620684  
273         1.27192000  1.35771663  0.00619210  
274         1.33992000  1.35765168  0.00616980  
275         1.25952000  1.35729484  0.00615767  
276         1.60816000  1.35820377  0.00620228  
277         1.25004000  1.35781329  0.00619218  
278         1.24168000  1.35739554  0.00618399  
279         1.37472000  1.35745763  0.00616210  
280         1.48004000  1.35789543  0.00615564  
281         1.51516000  1.35845509  0.00615917  
282         1.29080000  1.35821518  0.00614198  
283         1.25248000  1.35784155  0.00613163  
284         1.39744000  1.35798099  0.00611159  
285         1.24428000  1.35758204  0.00610316  
286         1.20512000  1.35704895  0.00610511  
287         1.35400000  1.35703833  0.00608381  
288         1.31776000  1.35690194  0.00606418  
289         1.39152000  1.35702173  0.00604435  
290         1.51780000  1.35757614  0.00604893  
291         1.31552000  1.35743162  0.00602984  
292         1.29196000  1.35720740  0.00601333  
293         1.41624000  1.35740887  0.00599616  
294         1.41676000  1.35761075  0.00597914  
295         1.22832000  1.35717247  0.00597493  
296         1.40820000  1.35734486  0.00595721  
297         1.22656000  1.35690451  0.00595342  
298         1.33776000  1.35684027  0.00593376  
299         1.37320000  1.35689498  0.00591413  
300         1.47460000  1.35728733  0.00590743  
301         1.24204000  1.35690445  0.00590021  
302         1.37332000  1.35695881  0.00588089  
303         1.41580000  1.35715300  0.00586467  
304         1.24556000  1.35678592  0.00585686  
305         1.31340000  1.35664367  0.00583936  
306         1.22140000  1.35620170  0.00583700  
307         1.31148000  1.35605603  0.00581978  
308         1.31256000  1.35591481  0.00580257  
309         1.22876000  1.35550330  0.00579838  
310         1.42184000  1.35571729  0.00578361  
311         1.27284000  1.35545080  0.00577114  
312         1.37000000  1.35549744  0.00575280  
313         1.27000000  1.35522428  0.00574089  
314         1.50856000  1.35571261  0.00574338  
315         1.48244000  1.35611492  0.00573923  
316         1.35072000  1.35609785  0.00572107  
317         1.57892000  1.35680076  0.00574615  
318         1.32236000  1.35669245  0.00572907  
319         1.43152000  1.35692702  0.00571590  
320         1.50712000  1.35739638  0.00571731  
321         1.35728000  1.35739601  0.00569947  
322         1.38164000  1.35747130  0.00568224  
323         1.43004000  1.35769598  0.00566907  
324         1.29644000  1.35750691  0.00565471  
325         1.20664000  1.35704271  0.00565636  
326         1.39584000  1.35716172  0.00564024  
327         1.41632000  1.35734263  0.00562588  
328         1.34788000  1.35731378  0.00560877  
329         1.38124000  1.35738650  0.00559217  
330         1.28088000  1.35715467  0.00558002  
331         1.18060000  1.35662127  0.00558865  
332         1.39784000  1.35674542  0.00557317  
333         1.38252000  1.35682282  0.00555695  
334         1.48004000  1.35719174  0.00555256  
335         1.48168000  1.35756334  0.00554841  
336         1.38484000  1.35764452  0.00553247  
337         1.31984000  1.35753234  0.00551717  
338         1.41804000  1.35771136  0.00550374  
339         1.43284000  1.35793298  0.00549195  
340         1.46328000  1.35824282  0.00548453  
341         1.41248000  1.35840188  0.00547074  
342         1.26148000  1.35811848  0.00546208  
343         1.20692000  1.35767767  0.00546394  
344         1.26308000  1.35740267  0.00545497  
345         1.31328000  1.35727478  0.00544064  
346         1.38812000  1.35736393  0.00542562  
347         1.38392000  1.35744046  0.00541051  
348         1.35724000  1.35743989  0.00539494  
349         1.46724000  1.35775450  0.00538865  
350         1.50760000  1.35818263  0.00539026  
351         1.41868000  1.35835499  0.00537764  
352         1.33872000  1.35829920  0.00536263  
353         1.31308000  1.35817110  0.00534895  
354         1.16040000  1.35761243  0.00536300  
355         1.39024000  1.35770434  0.00534866  
356         1.45492000  1.35797742  0.00534060  
357         1.38952000  1.35806577  0.00532636  
358         1.52004000  1.35851821  0.00533069  
359         1.46304000  1.35880936  0.00532379  
360         1.45952000  1.35908911  0.00531635  
361         1.18100000  1.35859579  0.00532450  
362         1.40256000  1.35871724  0.00531116  
363         1.25352000  1.35842744  0.00530443  
364         1.40356000  1.35855143  0.00529129  
365         1.42188000  1.35872493  0.00527963  
366         1.24976000  1.35842721  0.00527359  
367         1.39264000  1.35852044  0.00526003  
368         1.41840000  1.35868315  0.00524824  
369         1.29616000  1.35851371  0.00523674  
370         1.28652000  1.35831914  0.00522619  
371         1.18788000  1.35785973  0.00523229  
372         1.37864000  1.35791559  0.00521851  
373         1.16276000  1.35739239  0.00523073  
374         1.43440000  1.35759829  0.00522079  
375         1.26264000  1.35734507  0.00521300  
376         1.50932000  1.35774926  0.00521480  
377         1.38032000  1.35780912  0.00520130  
378         1.54240000  1.35829746  0.00521045  
379         1.27512000  1.35807799  0.00520132  
380         1.36288000  1.35809063  0.00518763  
381         1.44060000  1.35830719  0.00517853  
382         1.33468000  1.35824534  0.00516532  
383         1.51752000  1.35866120  0.00516858  
384         1.35292000  1.35864625  0.00515512  
385         1.28712000  1.35846047  0.00514507  
386         1.31508000  1.35834808  0.00513295  
387         1.45476000  1.35859721  0.00512573  
388         1.40696000  1.35872186  0.00511402  
389         1.27000000  1.35849378  0.00510595  
390         1.31360000  1.35837867  0.00509415  
391         1.36300000  1.35839049  0.00508111  
392         1.42352000  1.35855663  0.00507086  
393         1.41632000  1.35870361  0.00506007  
394         1.45952000  1.35895949  0.00505370  
395         1.53568000  1.35940689  0.00506070  
396         1.39832000  1.35950515  0.00504886  
397         1.26804000  1.35927476  0.00504140  
398         1.45300000  1.35951025  0.00503422  
399         1.40468000  1.35962346  0.00502287  
400         1.31808000  1.35951960  0.00501137  
401         1.31836000  1.35941696  0.00499991  
402         1.38936000  1.35949144  0.00498801  
403         1.25836000  1.35924050  0.00498195  
404         1.49652000  1.35958030  0.00498120  
405         1.36320000  1.35958923  0.00496890  
406         1.34156000  1.35954483  0.00495684  
407         1.31516000  1.35943577  0.00494585  
408         1.45108000  1.35966039  0.00493882  
409         1.37252000  1.35969183  0.00492683  
410         1.45208000  1.35991717  0.00491996  
411         1.40920000  1.36003708  0.00490944  
412         1.23132000  1.35972466  0.00490747  
413         1.18516000  1.35930199  0.00491378  
414         1.25564000  1.35905159  0.00490829  
415         1.42332000  1.35920646  0.00489890  
416         1.05492000  1.35847500  0.00494154  
417         1.36956000  1.35850158  0.00492975  
418         1.42140000  1.35865206  0.00492024  
419         1.24340000  1.35837699  0.00491619  
420         1.21816000  1.35804314  0.00491582  
421         1.40080000  1.35814470  0.00490518  
422         1.39092000  1.35822237  0.00489416  
423         1.43736000  1.35840946  0.00488616  
424         1.29224000  1.35825340  0.00487712  
425         1.17952000  1.35783285  0.00488377  
426         1.25504000  1.35759155  0.00487826  
427         1.35604000  1.35758792  0.00486683  
428         1.38824000  1.35765953  0.00485597  
429         1.42016000  1.35780522  0.00484683  
430         1.43992000  1.35799619  0.00483931  
431         1.39476000  1.35808148  0.00482882  
432         1.26260000  1.35786046  0.00482270  
433         1.38032000  1.35791233  0.00481183  
434         1.36824000  1.35793613  0.00480079  
435         1.40596000  1.35804653  0.00479101  
436         1.41236000  1.35817110  0.00478163  
437         1.57972000  1.35867808  0.00479754  
438         1.42284000  1.35882457  0.00478882  
439         1.53840000  1.35923362  0.00479537  
440         1.50620000  1.35956764  0.00479611  
441         1.31216000  1.35946014  0.00478643  
442         1.50428000  1.35978778  0.00478681  
443         1.38744000  1.35985020  0.00477640  
444         1.34432000  1.35981523  0.00476576  
445         1.39496000  1.35989420  0.00475570  
446         1.24368000  1.35963363  0.00475217  
447         1.42896000  1.35978872  0.00474406  
448         1.37176000  1.35981545  0.00473354  
449         1.33612000  1.35976267  0.00472328  
450         1.34888000  1.35973849  0.00471283  
451         1.26732000  1.35953357  0.00470683  
452         1.25112000  1.35929372  0.00470253  
453         1.30204000  1.35916733  0.00469384  
454         1.37760000  1.35920793  0.00468366  
455         1.25436000  1.35897749  0.00467904  
456         1.37032000  1.35900237  0.00466883  
457         1.23544000  1.35873199  0.00466644  
458         1.37264000  1.35876236  0.00465634  
459         1.30452000  1.35864418  0.00464769  
460         1.51972000  1.35899435  0.00465078  
461         1.33092000  1.35893345  0.00464108  
462         1.37152000  1.35896069  0.00463110  
463         1.31768000  1.35887153  0.00462195  
464         1.31272000  1.35877207  0.00461305  
465         1.40848000  1.35887897  0.00460436  
466         1.28012000  1.35870996  0.00459757  
467         1.23316000  1.35844111  0.00459559  
468         1.41364000  1.35855906  0.00458727  
469         1.57360000  1.35901757  0.00460039  
470         1.20424000  1.35868826  0.00460239  
471         1.38136000  1.35873639  0.00459286  
472         1.26020000  1.35852763  0.00458787  
473         1.40208000  1.35861970  0.00457909  
474         1.37080000  1.35864540  0.00456949  
475         1.25512000  1.35842745  0.00456506  
476         1.27504000  1.35825227  0.00455883  
477         1.33612000  1.35820587  0.00454950  
478         1.34628000  1.35818092  0.00454004  
479         1.32856000  1.35811908  0.00453097  
480         1.32196000  1.35804375  0.00452215  
481         1.41844000  1.35816931  0.00451449  
482         1.30292000  1.35805469  0.00450657  
483         1.28500000  1.35790344  0.00449977  
484         1.42900000  1.35805033  0.00449287  
485         1.34136000  1.35801592  0.00448373  
486         1.32164000  1.35794107  0.00447512  
487         1.28840000  1.35779828  0.00446820  
488         1.29652000  1.35767270  0.00446080  
489         1.32924000  1.35761456  0.00445205  
490         1.43108000  1.35776449  0.00444548  
491         1.38724000  1.35782452  0.00443683  
492         1.36332000  1.35783569  0.00442781  
493         1.26388000  1.35764511  0.00442293  
494         1.31768000  1.35756421  0.00441471  
495         1.36224000  1.35757366  0.00440579  
496         1.33728000  1.35753274  0.00439709  
497         1.37452000  1.35756692  0.00438837  
498         1.36432000  1.35758048  0.00437957  
499         1.41916000  1.35770389  0.00437252  
500         1.24236000  1.35747320  0.00436986  
501         1.24540000  1.35724950  0.00436687  
502         1.47064000  1.35747538  0.00436401  
503         1.27048000  1.35730243  0.00435876  
504         1.28784000  1.35716460  0.00435228  
505         1.43040000  1.35730962  0.00434608  
506         1.27988000  1.35715660  0.00434018  
507         1.39312000  1.35722753  0.00433219  
508         1.51320000  1.35753457  0.00433454  
509         1.41304000  1.35764361  0.00432739  
510         1.30984000  1.35754988  0.00431991  
511         1.27680000  1.35739186  0.00431435  
512         1.45060000  1.35757391  0.00430976  
513         1.67068000  1.35818425  0.00434444  
514         1.46076000  1.35838381  0.00434057  
515         1.49456000  1.35864823  0.00434019  
516         1.43724000  1.35880054  0.00433445  
517         1.39724000  1.35887489  0.00432670  
518         1.43772000  1.35902710  0.00432102  
519         1.36112000  1.35903114  0.00431268  
520         1.37516000  1.35906215  0.00430449  
521         1.34692000  1.35903885  0.00429629  
522         1.41392000  1.35914398  0.00428934  
523         1.20500000  1.35884925  0.00429126  
524         1.33648000  1.35880656  0.00428328  
525         1.32068000  1.35873394  0.00427573  
526         1.19396000  1.35842068  0.00427907  
527         1.19136000  1.35810368  0.00428269  
528         1.51928000  1.35840894  0.00428546  
529         1.39636000  1.35848068  0.00427795  
530         1.21076000  1.35820196  0.00427896  
531         1.38912000  1.35826019  0.00427129  
532         1.42252000  1.35838098  0.00426497  
533         1.20116000  1.35808600  0.00426717  
534         1.46212000  1.35828082  0.00426362  
535         1.34932000  1.35826407  0.00425568  
536         1.33072000  1.35821269  0.00424804  
537         1.39296000  1.35827739  0.00424062  
538         1.49940000  1.35853970  0.00424085  
539         1.31460000  1.35845818  0.00423376  
540         1.33320000  1.35841141  0.00422617  
541         1.37152000  1.35843564  0.00421842  
542         1.29432000  1.35831734  0.00421229  
543         1.52108000  1.35861709  0.00421520  
544         1.20428000  1.35833338  0.00421699  
545         1.48884000  1.35857284  0.00421606  
546         1.61868000  1.35904923  0.00423520  
547         1.26340000  1.35887437  0.00423107  
548         1.44044000  1.35902321  0.00422596  
549         1.31708000  1.35894681  0.00421895  
550         1.21352000  1.35868240  0.00421957  
551         1.25052000  1.35848610  0.00421647  
552         1.23280000  1.35825841  0.00421498  
553         1.25676000  1.35807486  0.00421135  
554         1.32580000  1.35801661  0.00420415  
555         1.49964000  1.35827178  0.00420432  
556         1.21788000  1.35801928  0.00420434  
557         1.38456000  1.35806693  0.00419705  
558         1.35108000  1.35805441  0.00418955  
559         1.25024000  1.35786154  0.00418649  
560         1.21584000  1.35760793  0.00418669  
561         1.28440000  1.35747743  0.00418126  
562         1.29568000  1.35736747  0.00417526  
563         1.36776000  1.35738593  0.00416788  
564         1.31616000  1.35731284  0.00416113  
565         1.59228000  1.35772871  0.00417452  
566         1.31640000  1.35765569  0.00416778  
567         1.30492000  1.35756268  0.00416146  
568         1.41128000  1.35765725  0.00415521  
569         1.41324000  1.35775494  0.00414905  
570         1.43916000  1.35789775  0.00414422  
571         1.32028000  1.35783187  0.00413748  
572         1.28308000  1.35770119  0.00413231  
573         1.24460000  1.35750380  0.00412981  
574         1.38992000  1.35756028  0.00412300  
575         1.38344000  1.35760529  0.00411607  
576         1.35264000  1.35759667  0.00410892  
577         1.47084000  1.35779293  0.00410649  
578         1.25388000  1.35761315  0.00410332  
579         1.51496000  1.35788491  0.00410523  
580         1.29672000  1.35777945  0.00409950  
581         1.26276000  1.35761590  0.00409571  
582         1.40500000  1.35769732  0.00408947  
583         1.35388000  1.35769077  0.00408246  
584         1.33888000  1.35765856  0.00407559  
585         1.40532000  1.35774003  0.00406943  
586         1.33936000  1.35770867  0.00406260  
587         1.40088000  1.35778221  0.00405634  
588         1.37976000  1.35781959  0.00404961  
589         1.17204000  1.35750418  0.00405502  
590         1.39356000  1.35756529  0.00404860  
591         1.41164000  1.35765679  0.00404278  
592         1.47108000  1.35784838  0.00404049  
593         1.34208000  1.35782179  0.00403376  
594         1.24136000  1.35762572  0.00403173  
595         1.25456000  1.35745250  0.00402867  
596         1.27592000  1.35731570  0.00402423  
597         1.20164000  1.35705494  0.00402594  
598         1.45884000  1.35722515  0.00402281  
599         1.22848000  1.35701022  0.00402183  
600         1.36244000  1.35701927  0.00401513  
601         1.30304000  1.35692945  0.00400945  
602         1.24668000  1.35674631  0.00400698  
603         1.49148000  1.35696975  0.00400656  
604         1.36804000  1.35698808  0.00399996  
605         1.41660000  1.35708661  0.00399456  
606         1.46252000  1.35726059  0.00399176  
607         1.33908000  1.35723064  0.00398529  
608         1.39548000  1.35729355  0.00397923  
609         1.50736000  1.35753997  0.00398032  
610         1.48232000  1.35774452  0.00397905  
611         1.24992000  1.35756805  0.00397645  
612         1.13560000  1.35720536  0.00398648  
613         1.32356000  1.35715047  0.00398035  
614         1.27156000  1.35701107  0.00397631  
615         1.36660000  1.35702667  0.00396987  
616         1.35576000  1.35702461  0.00396342  
617         1.31924000  1.35696337  0.00395746  
618         1.44784000  1.35711042  0.00395379  
619         1.41580000  1.35720523  0.00394854  
620         1.34476000  1.35718516  0.00394221  
621         1.24872000  1.35701050  0.00393973  
622         1.34216000  1.35698662  0.00393347  
623         1.27352000  1.35685265  0.00392943  
624         1.40392000  1.35692808  0.00392386  
625         1.44908000  1.35707552  0.00392035  
626         1.44016000  1.35720824  0.00391633  
627         1.42596000  1.35731789  0.00391162  
628         1.31432000  1.35724943  0.00390598  
629         1.17188000  1.35695472  0.00391089  
630         1.34308000  1.35693270  0.00390474  
631         1.26532000  1.35678751  0.00390125  
632         1.34560000  1.35676981  0.00389511  
633         1.26476000  1.35662445  0.00389167  
634         1.43672000  1.35675079  0.00388758  
635         1.40564000  1.35682778  0.00388221  
636         1.40832000  1.35690874  0.00387695  
637         1.38320000  1.35695002  0.00387108  
638         1.43036000  1.35706508  0.00386672  
639         1.30428000  1.35698247  0.00386155  
640         1.44208000  1.35711544  0.00385780  
641         1.34628000  1.35709853  0.00385181  
642         1.39056000  1.35715065  0.00384616  
643         1.33940000  1.35712305  0.00384027  
644         1.43796000  1.35724857  0.00383636  
645         1.38840000  1.35729687  0.00383071  
646         1.24836000  1.35712824  0.00382849  
647         1.38980000  1.35717873  0.00382291  
648         1.29080000  1.35707630  0.00381838  
649         1.33096000  1.35703606  0.00381270  
650         1.49992000  1.35725588  0.00381317  
651         1.34704000  1.35724018  0.00380734  
652         1.39700000  1.35730117  0.00380199  
653         1.18412000  1.35703596  0.00380541  
654         1.55660000  1.35734110  0.00381182  
655         1.38124000  1.35737759  0.00380617  
656         1.23740000  1.35719470  0.00380477  
657         1.43016000  1.35730575  0.00380059  
658         1.32492000  1.35725653  0.00379513  
659         1.37904000  1.35728959  0.00378951  
660         1.34884000  1.35727679  0.00378379  
661         1.53028000  1.35753852  0.00378711  
662         1.38624000  1.35758187  0.00378164  
663         1.50624000  1.35780609  0.00378258  
664         1.46164000  1.35796247  0.00378012  
665         1.43964000  1.35808529  0.00377643  
666         1.21016000  1.35786318  0.00377729  
667         1.30536000  1.35778447  0.00377244  
668         1.31104000  1.35771449  0.00376744  
669         1.40840000  1.35779025  0.00376257  
670         1.39708000  1.35784890  0.00375740  
671         1.43740000  1.35796745  0.00375367  
672         1.43148000  1.35807685  0.00374968  
673         1.34304000  1.35805450  0.00374417  
674         1.27164000  1.35792629  0.00374081  
675         1.32284000  1.35787431  0.00373562  
676         1.41992000  1.35796609  0.00373122  
677         1.23404000  1.35778304  0.00373020  
678         1.41388000  1.35786578  0.00372561  
679         1.38072000  1.35789944  0.00372028  
680         1.63936000  1.35831335  0.00373779  
681         1.31760000  1.35825357  0.00373278  
682         1.43076000  1.35835988  0.00372881  
683         1.44392000  1.35848515  0.00372546  
684         1.46624000  1.35864269  0.00372334  
685         1.47464000  1.35881203  0.00372176  
686         1.30620000  1.35873534  0.00371712  
687         1.31864000  1.35867697  0.00371216  
688         1.41756000  1.35876256  0.00370775  
689         1.44192000  1.35888325  0.00370433  
690         1.46752000  1.35904070  0.00370231  
691         1.33736000  1.35900932  0.00369708  
692         1.32456000  1.35895954  0.00369207  
693         1.37448000  1.35898193  0.00368681  
694         1.14576000  1.35867470  0.00369429  
695         1.37284000  1.35869508  0.00368902  
696         1.33996000  1.35866816  0.00368382  
697         1.37828000  1.35869630  0.00367864  
698         1.38532000  1.35873444  0.00367356  
699         1.51380000  1.35895628  0.00367500  
700         1.45692000  1.35909623  0.00367242  
701         1.26932000  1.35896816  0.00366941  
702         1.40656000  1.35903595  0.00366481  
703         1.37184000  1.35905417  0.00365964  
704         1.29216000  1.35895915  0.00365567  
705         1.19016000  1.35871972  0.00365832  
706         1.27948000  1.35860748  0.00365486  
707         1.43988000  1.35872243  0.00365150  
708         1.36804000  1.35873559  0.00364636  
709         1.40640000  1.35880282  0.00364183  
710         1.32696000  1.35875797  0.00363698  
711         1.53748000  1.35900934  0.00364055  
712         1.42088000  1.35909624  0.00363647  
713         1.33480000  1.35906216  0.00363153  
714         1.49076000  1.35924661  0.00363112  
715         1.25540000  1.35910137  0.00362895  
716         1.39744000  1.35915492  0.00362427  
717         1.36624000  1.35916480  0.00361923  
718         1.35712000  1.35916195  0.00361418  
719         1.35676000  1.35915861  0.00360916  
720         1.28748000  1.35905906  0.00360551  
721         1.33144000  1.35902075  0.00360071  
722         1.35848000  1.35902000  0.00359572  
723         1.42440000  1.35911043  0.00359189  
724         1.36244000  1.35911503  0.00358692  
725         1.38844000  1.35915548  0.00358220  
726         1.37152000  1.35917251  0.00357730  
727         1.35588000  1.35916798  0.00357238  
728         1.33032000  1.35912835  0.00356769  
729         1.00976000  1.35864911  0.00359488  
730         1.46408000  1.35879353  0.00359286  
731         1.24948000  1.35864399  0.00359106  
732         1.38048000  1.35867383  0.00358627  
733         1.47044000  1.35882630  0.00358462  
734         1.40696000  1.35889188  0.00358033  
735         1.67568000  1.35932288  0.00360134  
736         1.36224000  1.35932685  0.00359645  
737         1.29864000  1.35924450  0.00359251  
738         1.35980000  1.35924526  0.00358764  
739         1.46652000  1.35939042  0.00358572  
740         1.40640000  1.35945395  0.00358143  
741         1.44392000  1.35956794  0.00357841  
742         1.38612000  1.35960372  0.00357377  
743         1.24864000  1.35945437  0.00357208  
744         1.25840000  1.35931855  0.00356986  
745         1.38984000  1.35935952  0.00356530  
746         1.43820000  1.35946520  0.00356208  
747         1.39112000  1.35950758  0.00355756  
748         1.32756000  1.35946487  0.00355306  
749         1.44288000  1.35957623  0.00355006  
750         1.59468000  1.35988971  0.00355916  
751         1.37244000  1.35990642  0.00355445  
752         1.36804000  1.35991723  0.00354974  
753         1.54604000  1.36016441  0.00355363  
754         1.43948000  1.36026960  0.00355047  
755         1.25896000  1.36013542  0.00354830  
756         1.28104000  1.36003079  0.00354515  
757         1.28128000  1.35992676  0.00354199  
758         1.33280000  1.35989098  0.00353750  
759         1.22000000  1.35970667  0.00353764  
760         1.59088000  1.36001084  0.00354605  
761         1.25656000  1.35987490  0.00354400  
762         1.26220000  1.35974672  0.00354166  
763         1.29300000  1.35965924  0.00353810  
764         1.23820000  1.35950026  0.00353704  
765         1.40748000  1.35956298  0.00353297  
766         1.21480000  1.35937399  0.00353341  
767         1.30264000  1.35930003  0.00352958  
768         1.33080000  1.35926292  0.00352518  
769         1.33876000  1.35923625  0.00352069  
770         1.22764000  1.35906535  0.00352026  
771         1.41372000  1.35913624  0.00351641  
772         1.22332000  1.35896031  0.00351626  
773         1.32224000  1.35891281  0.00351203  
774         1.28064000  1.35881168  0.00350894  
775         1.32128000  1.35876325  0.00350475  
776         1.46288000  1.35889742  0.00350280  
777         1.35376000  1.35889081  0.00349829  
778         1.23620000  1.35873311  0.00349735  
779         1.24544000  1.35858768  0.00349589  
780         1.45552000  1.35871195  0.00349361  
781         1.29132000  1.35862566  0.00349020  
782         1.35044000  1.35861519  0.00348575  
783         1.36420000  1.35862232  0.00348130  
784         1.33956000  1.35859801  0.00347695  
785         1.37312000  1.35861651  0.00347256  
786         1.23764000  1.35846260  0.00347156  
787         1.46876000  1.35860274  0.00346997  
788         1.46008000  1.35873152  0.00346796  
789         1.34500000  1.35871412  0.00346360  
790         1.45280000  1.35883322  0.00346127  
791         1.35064000  1.35882286  0.00345690  
792         1.36760000  1.35883394  0.00345255  
793         1.36496000  1.35884166  0.00344821  
794         1.35776000  1.35884030  0.00344386  
795         1.53296000  1.35905932  0.00344649  
796         1.29456000  1.35897829  0.00344311  
797         1.34068000  1.35895533  0.00343887  
798         1.36272000  1.35896005  0.00343456  
799         1.22828000  1.35879650  0.00343415  
800         1.44248000  1.35890110  0.00343145  
801         1.49708000  1.35907361  0.00343151  
802         1.33508000  1.35904369  0.00342736  
803         1.44648000  1.35915258  0.00342482  
804         1.25288000  1.35902040  0.00342311  
805         1.22332000  1.35885183  0.00342300  
806         1.27332000  1.35874571  0.00342040  
807         1.28096000  1.35864932  0.00341752  
808         1.28344000  1.35855624  0.00341456  
809         1.46192000  1.35868400  0.00341273  
810         1.43216000  1.35877472  0.00340972  
811         1.53292000  1.35898945  0.00341227  
812         1.25264000  1.35885847  0.00341058  
813         1.52720000  1.35906554  0.00341267  
814         1.36968000  1.35907857  0.00340850  
815         1.26516000  1.35896334  0.00340627  
816         1.24964000  1.35882936  0.00340473  
817         1.35836000  1.35882879  0.00340056  
818         1.15212000  1.35857609  0.00340579  
819         1.42876000  1.35866178  0.00340271  
820         1.25956000  1.35854093  0.00340070  
821         1.31284000  1.35848526  0.00339701  
822         1.46192000  1.35861109  0.00339521  
823         1.47632000  1.35875412  0.00339410  
824         1.31312000  1.35869874  0.00339043  
825         1.55268000  1.35893387  0.00339447  
826         1.23264000  1.35878097  0.00339380  
827         1.34460000  1.35876382  0.00338974  
828         1.35640000  1.35876097  0.00338565  
829         1.35812000  1.35876019  0.00338156  
830         1.49596000  1.35892549  0.00338152  
831         1.44836000  1.35903312  0.00337917  
832         1.27224000  1.35892880  0.00337672  
833         1.38032000  1.35895448  0.00337276  
834         1.39184000  1.35899391  0.00336894  
835         1.17060000  1.35876829  0.00337246  
836         1.32112000  1.35872325  0.00336872  
837         1.40712000  1.35878108  0.00336519  
838         1.50012000  1.35894974  0.00336540  
839         1.20596000  1.35876739  0.00336633  
840         1.30040000  1.35869790  0.00336304  
841         1.41264000  1.35876205  0.00335965  
842         1.58308000  1.35902846  0.00336622  
843         1.53456000  1.35923668  0.00336866  
844         1.42692000  1.35931687  0.00336563  
845         1.50624000  1.35949075  0.00336614  
846         1.32636000  1.35945158  0.00336238  
847         1.18148000  1.35924146  0.00336498  
848         1.40536000  1.35929585  0.00336145  
849         1.54564000  1.35951534  0.00336465  
850         1.26792000  1.35940758  0.00336242  
851         1.34408000  1.35938957  0.00335851  
852         1.43480000  1.35947808  0.00335574  
853         1.34616000  1.35946246  0.00335184  
854         1.41940000  1.35953265  0.00334864  
855         1.27492000  1.35943368  0.00334619  
856         1.25044000  1.35930636  0.00334470  
857         1.35808000  1.35930492  0.00334080  
858         1.41816000  1.35937352  0.00333761  
859         1.37716000  1.35939423  0.00333378  
860         1.44208000  1.35949037  0.00333129  
861         1.29292000  1.35941305  0.00332832  
862         1.26724000  1.35930613  0.00332617  
863         1.29504000  1.35923166  0.00332315  
864         1.43152000  1.35931532  0.00332036  
865         1.36424000  1.35932102  0.00331652  
866         1.13808000  1.35906554  0.00332253  
867         1.30380000  1.35900180  0.00331930  
868         1.32992000  1.35896829  0.00331565  
869         1.46828000  1.35909409  0.00331422  
870         1.28260000  1.35900616  0.00331157  
871         1.32704000  1.35896946  0.00330797  
872         1.28280000  1.35888211  0.00330533  
873         1.32048000  1.35883812  0.00330184  
874         1.53048000  1.35903451  0.00330390  
875         1.31108000  1.35897970  0.00330058  
876         1.29300000  1.35890438  0.00329767  
877         1.36256000  1.35890855  0.00329391  
878         1.31580000  1.35885945  0.00329052  
879         1.32292000  1.35881857  0.00328703  
880         1.48352000  1.35896027  0.00328635  
881         1.39868000  1.35900536  0.00328292  
882         1.34344000  1.35898771  0.00327925  
883         1.58340000  1.35924186  0.00328538  
884         1.44336000  1.35933701  0.00328304  
885         1.33256000  1.35930676  0.00327946  
886         1.40884000  1.35936266  0.00327624  
887         1.37520000  1.35938052  0.00327259  
888         1.26596000  1.35927532  0.00327060  
889         1.32512000  1.35923690  0.00326714  
890         1.37148000  1.35925065  0.00326350  
891         1.38208000  1.35927627  0.00325993  
892         1.42688000  1.35935206  0.00325716  
893         1.48700000  1.35949501  0.00325665  
894         1.31704000  1.35944752  0.00325335  
895         1.35132000  1.35943844  0.00324972  
896         1.23920000  1.35930424  0.00324887  
897         1.46120000  1.35941784  0.00324723  
898         1.47092000  1.35954200  0.00324599  
899         1.21592000  1.35938225  0.00324631  
900         1.49892000  1.35953729  0.00324641  
901         1.43312000  1.35961896  0.00324383  
902         1.35744000  1.35961654  0.00324023  
903         1.34280000  1.35959792  0.00323669  
904         1.43744000  1.35968403  0.00323426  
905         1.31440000  1.35963399  0.00323107  
906         1.47204000  1.35975806  0.00322989  
907         1.40764000  1.35981085  0.00322675  
908         1.42588000  1.35988361  0.00322402  
909         1.31656000  1.35983595  0.00322082  
910         1.30372000  1.35977429  0.00321787  
911         1.32672000  1.35973800  0.00321454  
912         1.32964000  1.35970500  0.00321119  
913         1.26676000  1.35960320  0.00320928  
914         1.31592000  1.35955540  0.00320613  
915         1.33572000  1.35952936  0.00320273  
916         1.44188000  1.35961926  0.00320049  
917         1.50216000  1.35977470  0.00320078  
918         1.11992000  1.35951342  0.00320794  
919         1.27564000  1.35942215  0.00320575  
920         1.35236000  1.35941448  0.00320227  
921         1.43428000  1.35949577  0.00319983  
922         1.46548000  1.35961072  0.00319842  
923         1.30736000  1.35955411  0.00319546  
924         1.31672000  1.35950775  0.00319233  
925         1.16932000  1.35930214  0.00319550  
926         1.12988000  1.35905438  0.00320165  
927         1.29016000  1.35898006  0.00319906  
928         1.33176000  1.35895073  0.00319574  
929         1.46836000  1.35906850  0.00319447  
930         1.39676000  1.35910903  0.00319129  
931         1.29792000  1.35904331  0.00318854  
932         1.42872000  1.35911807  0.00318600  
933         1.40748000  1.35916990  0.00318300  
934         1.48912000  1.35930904  0.00318263  
935         1.54444000  1.35950704  0.00318539  
936         1.29504000  1.35943816  0.00318273  
937         1.17912000  1.35924572  0.00318515  
938         1.35236000  1.35923838  0.00318176  
939         1.32472000  1.35920162  0.00317858  
940         1.41312000  1.35925898  0.00317572  
941         1.35900000  1.35925870  0.00317234  
942         1.28356000  1.35917834  0.00316999  
943         1.38136000  1.35920187  0.00316671  
944         1.49296000  1.35934356  0.00316653  
945         1.26260000  1.35924119  0.00316483  
946         1.32996000  1.35921023  0.00316164  
947         1.40084000  1.35925419  0.00315860  
948         1.20844000  1.35909511  0.00315928  
949         1.39048000  1.35912818  0.00315612  
950         1.24296000  1.35900589  0.00315516  
951         1.44308000  1.35909430  0.00315309  
952         1.49004000  1.35923185  0.00315277  
953         1.38372000  1.35925754  0.00314957  
954         1.42664000  1.35932818  0.00314706  
955         1.42868000  1.35940080  0.00314460  
956         1.35796000  1.35939929  0.00314131  
957         1.28776000  1.35932443  0.00313892  
958         1.20016000  1.35915829  0.00314004  
959         1.27088000  1.35906624  0.00313811  
960         1.35272000  1.35905963  0.00313485  
961         1.42720000  1.35913053  0.00313239  
962         1.37828000  1.35915044  0.00312919  
963         1.36760000  1.35915921  0.00312595  
964         1.21876000  1.35901357  0.00312610  
965         1.48996000  1.35914926  0.00312581  
966         1.32276000  1.35911159  0.00312280  
967         1.26940000  1.35901882  0.00312095  
968         1.34704000  1.35900645  0.00311775  
969         1.31768000  1.35896380  0.00311482  
970         1.43920000  1.35904652  0.00311271  
971         1.31012000  1.35899613  0.00310991  
972         1.38464000  1.35902251  0.00310682  
973         1.32980000  1.35899248  0.00310377  
974         1.37036000  1.35900415  0.00310060  
975         1.45064000  1.35909813  0.00309885  
976         1.36280000  1.35910193  0.00309567  
977         1.32876000  1.35907087  0.00309266  
978         1.37108000  1.35908315  0.00308952  
979         1.29676000  1.35901949  0.00308702  
980         1.35692000  1.35901735  0.00308387  
981         1.43024000  1.35908995  0.00308158  
982         1.24060000  1.35896929  0.00308080  
983         1.47932000  1.35909172  0.00308010  
984         1.26752000  1.35899866  0.00307837  
985         1.38300000  1.35902303  0.00307534  
986         1.31844000  1.35898187  0.00307250  
987         1.46244000  1.35908669  0.00307117  
988         1.50708000  1.35923648  0.00307172  
989         1.30992000  1.35918661  0.00306902  
990         1.36060000  1.35918804  0.00306591  
991         1.28980000  1.35911802  0.00306362  
992         1.18572000  1.35894323  0.00306552  
993         1.23920000  1.35882264  0.00306480  
994         1.27712000  1.35874044  0.00306282  
995         1.51756000  1.35890006  0.00306390  
996         1.51988000  1.35906169  0.00306509  
997         1.47332000  1.35917629  0.00306415  
998         1.46124000  1.35927856  0.00306279  
999         1.34760000  1.35926687  0.00305975  
1000        1.35740000  1.35926500  0.00305668  
1001        1.37772000  1.35928344  0.00305369  
1002        1.38300000  1.35930711  0.00305073  
1003        1.46256000  1.35941005  0.00304942  
1004        1.33472000  1.35938546  0.00304648  
1005        1.47964000  1.35950511  0.00304580  
1006        1.46996000  1.35961491  0.00304475  
1007        1.36324000  1.35961851  0.00304173  
1008        1.32908000  1.35958821  0.00303886  
1009        1.27228000  1.35950168  0.00303708  
1010        1.28100000  1.35942396  0.00303507  
1011        1.28324000  1.35934861  0.00303300  
1012        1.34300000  1.35933245  0.00303005  
1013        1.23540000  1.35921011  0.00302952  
1014        1.42272000  1.35927274  0.00302718  
1015        1.31816000  1.35923224  0.00302447  
1016        1.38892000  1.35926146  0.00302163  
1017        1.24332000  1.35914745  0.00302081  
1018        1.42948000  1.35921654  0.00301864  
1019        1.49952000  1.35935423  0.00301881  
1020        1.43108000  1.35942455  0.00301667  
1021        1.54040000  1.35960180  0.00301892  
1022        1.33348000  1.35957624  0.00301608  
1023        1.33376000  1.35955101  0.00301323  
1024        1.39676000  1.35958734  0.00301051  
1025        1.35144000  1.35957940  0.00300758  
1026        1.30632000  1.35952749  0.00300510  
1027        1.36656000  1.35953433  0.00300218  
1028        1.24416000  1.35942210  0.00300135  
1029        1.15972000  1.35922803  0.00300471  
1030        1.39012000  1.35925802  0.00300194  
1031        1.30672000  1.35920706  0.00299946  
1032        1.34252000  1.35919089  0.00299660  
1033        1.39852000  1.35922896  0.00299394  
1034        1.44540000  1.35931230  0.00299220  
1035        1.51128000  1.35945913  0.00299291  
1036        1.25988000  1.35936301  0.00299156  
1037        1.42940000  1.35943055  0.00298944  
1038        1.39164000  1.35946158  0.00298672  
1039        1.46160000  1.35955988  0.00298546  
1040        1.22140000  1.35942704  0.00298555  
1041        1.70528000  1.35975927  0.00300113  
1042        1.45084000  1.35984668  0.00299952  
1043        1.61672000  1.36009296  0.00300674  
1044        1.32372000  1.36005812  0.00300407  
1045        1.39716000  1.36009363  0.00300140  
1046        1.37824000  1.36011098  0.00299858  
1047        1.32104000  1.36007366  0.00299595  
1048        1.41268000  1.36012385  0.00299351  
1049        1.25000000  1.36001888  0.00299249  
1050        1.45016000  1.36010472  0.00299087  
1051        1.43984000  1.36018059  0.00298899  
1052        1.43212000  1.36024897  0.00298693  
1053        1.63664000  1.36051145  0.00299561  
1054        1.26372000  1.36041962  0.00299418  
1055        1.39932000  1.36045649  0.00299157  
1056        1.43112000  1.36052341  0.00298948  
1057        1.39132000  1.36055254  0.00298679  
1058        1.52476000  1.36070775  0.00298800  
1059        1.43288000  1.36077590  0.00298596  
1060        1.32012000  1.36073755  0.00298339  
1061        1.33628000  1.36071450  0.00298066  
1062        1.39700000  1.36074866  0.00297805  
1063        1.50528000  1.36088463  0.00297835  
1064        1.23056000  1.36076214  0.00297807  
1065        1.28864000  1.36069442  0.00297605  
1066        1.23396000  1.36057553  0.00297563  
1067        1.37036000  1.36058470  0.00297285  
1068        1.21428000  1.36044772  0.00297323  
1069        1.42808000  1.36051098  0.00297112  
1070        1.25972000  1.36041679  0.00296983  
1071        1.48644000  1.36053445  0.00296939  
1072        1.31828000  1.36049504  0.00296688  
1073        1.37120000  1.36050501  0.00296413  
1074        1.38500000  1.36052782  0.00296146  
1075        1.24536000  1.36042069  0.00296064  
1076        1.21888000  1.36028914  0.00296081  
1077        1.32584000  1.36025716  0.00295823  
1078        1.31448000  1.36021469  0.00295579  
1079        1.28196000  1.36014217  0.00295394  
1080        1.33348000  1.36011748  0.00295131  
1081        1.34248000  1.36010117  0.00294862  
1082        1.60028000  1.36032314  0.00295425  
1083        1.28776000  1.36025614  0.00295228  
1084        1.41308000  1.36030487  0.00294996  
1085        1.46060000  1.36039731  0.00294869  
1086        1.29400000  1.36033617  0.00294661  
1087        1.36308000  1.36033869  0.00294389  
1088        1.23324000  1.36022188  0.00294351  
1089        1.39176000  1.36025084  0.00294094  
1090        1.11660000  1.36002730  0.00294674  
1091        1.46468000  1.36012323  0.00294560  
1092        1.49988000  1.36025121  0.00294568  
1093        1.29152000  1.36018833  0.00294365  
1094        1.24240000  1.36008066  0.00294293  
1095        1.46764000  1.36017889  0.00294188  
1096        1.38016000  1.36019712  0.00293926  
1097        1.31736000  1.36015807  0.00293683  
1098        1.25940000  1.36006630  0.00293559  
1099        1.26568000  1.35998042  0.00293418  
1100        1.26756000  1.35989640  0.00293271  
1101        1.17520000  1.35972865  0.00293485  
1102        1.46912000  1.35982791  0.00293386  
1103        1.49700000  1.35995228  0.00293384  
1104        1.16940000  1.35977967  0.00293626  
1105        1.27716000  1.35970490  0.00293455  
1106        1.36384000  1.35970864  0.00293190  
1107        1.27908000  1.35963581  0.00293015  
1108        1.18952000  1.35948227  0.00293153  
1109        1.52644000  1.35963282  0.00293275  
1110        1.24888000  1.35953305  0.00293181  
1111        1.34080000  1.35951618  0.00292922  
1112        1.38460000  1.35953874  0.00292667  
1113        1.30196000  1.35948701  0.00292450  
1114        1.43592000  1.35955562  0.00292267  
1115        1.33544000  1.35953399  0.00292013  
1116        1.42876000  1.35959602  0.00291817  
1117        1.28992000  1.35953364  0.00291623  
1118        1.33388000  1.35951070  0.00291371  
1119        1.35484000  1.35950652  0.00291111  
1120        1.23864000  1.35939861  0.00291051  
1121        1.24992000  1.35930095  0.00290955  
1122        1.37856000  1.35931811  0.00290701  
1123        1.41368000  1.35936652  0.00290482  
1124        1.31108000  1.35932356  0.00290255  
1125        1.28848000  1.35926059  0.00290065  
1126        1.28320000  1.35919304  0.00289886  
1127        1.39940000  1.35922871  0.00289651  
1128        1.31116000  1.35918610  0.00289426  
1129        1.26172000  1.35909977  0.00289298  
1130        1.38656000  1.35912407  0.00289052  
1131        1.30224000  1.35907378  0.00288840  
1132        1.41712000  1.35912505  0.00288630  
1133        1.30204000  1.35907467  0.00288419  
1134        1.25832000  1.35898582  0.00288302  
1135        1.30112000  1.35893484  0.00288093  
1136        1.37524000  1.35894919  0.00287843  
1137        1.14588000  1.35876179  0.00288199  
1138        1.42048000  1.35881603  0.00287997  
1139        1.51380000  1.35895210  0.00288066  
1140        1.32740000  1.35892442  0.00287826  
1141        1.48428000  1.35903429  0.00287784  
1142        1.28736000  1.35897152  0.00287600  
1143        1.29568000  1.35891615  0.00287402  
1144        1.35520000  1.35891290  0.00287151  
1145        1.44308000  1.35898641  0.00286994  
1146        1.33588000  1.35896625  0.00286750  
1147        1.44688000  1.35904289  0.00286603  
1148        1.38604000  1.35906641  0.00286363  
1149        1.21344000  1.35893967  0.00286394  
1150        1.40728000  1.35898170  0.00286176  
1151        1.21496000  1.35885658  0.00286201  
1152        1.37936000  1.35887438  0.00285958  
1153        1.23296000  1.35876517  0.00285918  
1154        1.23888000  1.35866128  0.00285859  
1155        1.35144000  1.35865503  0.00285612  
1156        1.25600000  1.35856623  0.00285503  
1157        1.35116000  1.35855983  0.00285257  
1158        1.28280000  1.35849440  0.00285086  
1159        1.40412000  1.35853377  0.00284867  
1160        1.36168000  1.35853648  0.00284621  
1161        1.47904000  1.35864028  0.00284565  
1162        1.43872000  1.35870919  0.00284404  
1163        1.37116000  1.35871990  0.00284161  
1164        1.21336000  1.35859502  0.00284191  
1165        1.46608000  1.35868728  0.00284097  
1166        1.33364000  1.35866580  0.00283862  
1167        1.38704000  1.35869011  0.00283629  
1168        1.33284000  1.35866798  0.00283394  
1169        1.36084000  1.35866984  0.00283152  
1170        1.31640000  1.35863371  0.00282933  
1171        1.22640000  1.35852079  0.00282917  
1172        1.45308000  1.35860147  0.00282790  
1173        1.22852000  1.35849057  0.00282766  
1174        1.41384000  1.35853772  0.00282565  
1175        1.53532000  1.35868817  0.00282725  
1176        1.34268000  1.35867456  0.00282488  
1177        1.35388000  1.35867048  0.00282248  
1178        1.39540000  1.35870166  0.00282025  
1179        1.21896000  1.35858314  0.00282035  
1180        1.42208000  1.35863695  0.00281847  
1181        1.26432000  1.35855709  0.00281722  
1182        1.35384000  1.35855310  0.00281484  
1183        1.29808000  1.35850198  0.00281292  
1184        1.26496000  1.35842297  0.00281166  
1185        1.24524000  1.35832746  0.00281090  
1186        1.30164000  1.35827966  0.00280894  
1187        1.37448000  1.35829331  0.00280661  
1188        1.21128000  1.35816956  0.00280697  
1189        1.28924000  1.35811159  0.00280521  
1190        1.56312000  1.35828387  0.00280814  
1191        1.25028000  1.35819318  0.00280725  
1192        1.37600000  1.35820812  0.00280493  
1193        1.35164000  1.35820262  0.00280258  
1194        1.26036000  1.35812067  0.00280143  
1195        1.26928000  1.35804633  0.00280008  
1196        1.47596000  1.35814492  0.00279947  
1197        1.18876000  1.35800341  0.00280071  
1198        1.56976000  1.35818017  0.00280395  
1199        1.39948000  1.35821461  0.00280182  
1200        1.30688000  1.35817183  0.00279981  
1201        1.38932000  1.35819777  0.00279760  
1202        1.24576000  1.35810423  0.00279683  
1203        1.40156000  1.35814035  0.00279474  
1204        1.36928000  1.35814960  0.00279243  
1205        1.35048000  1.35814324  0.00279012  
1206        1.17444000  1.35799091  0.00279197  
1207        1.44036000  1.35805915  0.00279049  
1208        1.25220000  1.35797152  0.00278955  
1209        1.33404000  1.35795173  0.00278732  
1210        1.35128000  1.35794621  0.00278502  
1211        1.28292000  1.35788426  0.00278341  
1212        1.27480000  1.35781571  0.00278195  
1213        1.16812000  1.35765932  0.00278405  
1214        1.35744000  1.35765914  0.00278176  
1215        1.31776000  1.35762630  0.00277966  
1216        1.41364000  1.35767237  0.00277776  
1217        1.42948000  1.35773137  0.00277610  
1218        1.46156000  1.35781662  0.00277513  
1219        1.39184000  1.35784453  0.00277299  
1220        1.19372000  1.35771000  0.00277398  
1221        1.32044000  1.35767948  0.00277188  
1222        1.42932000  1.35773810  0.00277023  
1223        1.62208000  1.35795424  0.00277639  
1224        1.32744000  1.35792931  0.00277423  
1225        1.21428000  1.35781205  0.00277445  
1226        1.23020000  1.35770796  0.00277414  
1227        1.23400000  1.35760714  0.00277371  
1228        1.29188000  1.35755362  0.00277197  
1229        1.51860000  1.35768465  0.00277281  
1230        1.52668000  1.35782205  0.00277396  
1231        1.33656000  1.35780478  0.00277176  
1232        1.35656000  1.35780377  0.00276951  
1233        1.36132000  1.35780662  0.00276726  
1234        1.39544000  1.35783712  0.00276518  
1235        1.45524000  1.35791598  0.00276407  
1236        1.28176000  1.35785437  0.00276252  
1237        1.37692000  1.35786978  0.00276033  
1238        1.32392000  1.35784236  0.00275823  
1239        1.38368000  1.35786321  0.00275609  
1240        1.38652000  1.35788632  0.00275396  
1241        1.22740000  1.35778118  0.00275375  
1242        1.20200000  1.35765575  0.00275439  
1243        1.34452000  1.35764518  0.00275219  
1244        1.28640000  1.35758791  0.00275057  
1245        1.32864000  1.35756466  0.00274846  
1246        1.49244000  1.35767291  0.00274839  
1247        1.31536000  1.35763897  0.00274639  
1248        1.45992000  1.35772093  0.00274541  
1249        1.33080000  1.35769938  0.00274330  
1250        1.53692000  1.35784275  0.00274485  
1251        1.35828000  1.35784310  0.00274266  
1252        1.48420000  1.35794403  0.00274232  
1253        1.43512000  1.35800562  0.00274083  
1254        1.38964000  1.35803085  0.00273876  
1255        1.35644000  1.35802958  0.00273657  
1256        1.25480000  1.35794739  0.00273563  
1257        1.29468000  1.35789706  0.00273391  
1258        1.22008000  1.35778750  0.00273394  
1259        1.37780000  1.35780340  0.00273181  
1260        1.32468000  1.35777711  0.00272977  
1261        1.19084000  1.35764473  0.00273081  
1262        1.30236000  1.35760092  0.00272900  
1263        1.21128000  1.35748507  0.00272930  
1264        1.42564000  1.35753899  0.00272767  
1265        1.19540000  1.35741081  0.00272853  
1266        1.36172000  1.35741422  0.00272637  
1267        1.34368000  1.35740338  0.00272424  
1268        1.40884000  1.35744394  0.00272239  
1269        1.25436000  1.35736271  0.00272146  
1270        1.18672000  1.35722835  0.00272263  
1271        1.33260000  1.35720897  0.00272056  
1272        1.36056000  1.35721160  0.00271842  
1273        1.39940000  1.35724474  0.00271649  
1274        1.31264000  1.35720973  0.00271458  
1275        1.43904000  1.35727391  0.00271321  
1276        1.31360000  1.35723969  0.00271130  
1277        1.30760000  1.35720081  0.00270945  
1278        1.40732000  1.35724003  0.00270762  
1279        1.16200000  1.35708738  0.00270980  
1280        1.29036000  1.35703525  0.00270819  
1281        1.28680000  1.35698042  0.00270663  
1282        1.32276000  1.35695373  0.00270465  
1283        1.41728000  1.35700075  0.00270295  
1284        1.16420000  1.35685059  0.00270501  
1285        1.29792000  1.35680473  0.00270329  
1286        1.44756000  1.35687530  0.00270211  
1287        1.49348000  1.35698145  0.00270210  
1288        1.28920000  1.35692882  0.00270051  
1289        1.29888000  1.35688379  0.00269879  
1290        1.33372000  1.35686583  0.00269676  
1291        1.46496000  1.35694956  0.00269597  
1292        1.63740000  1.35716663  0.00270261  
1293        1.22928000  1.35706772  0.00270233  
1294        1.25880000  1.35699178  0.00270131  
1295        1.20296000  1.35687283  0.00270184  
1296        1.41700000  1.35691923  0.00270016  
1297        1.27832000  1.35685863  0.00269875  
1298        1.39920000  1.35689125  0.00269687  
1299        1.50444000  1.35700483  0.00269719  
1300        1.38180000  1.35702391  0.00269518  
1301        1.34172000  1.35701214  0.00269313  
1302        1.45912000  1.35709057  0.00269221  
1303        1.55348000  1.35724129  0.00269436  
1304        1.41420000  1.35728497  0.00269265  
1305        1.35920000  1.35728644  0.00269058  
1306        1.35416000  1.35728404  0.00268852  
1307        1.20496000  1.35716750  0.00268899  
1308        1.37876000  1.35718401  0.00268698  
1309        1.36724000  1.35719169  0.00268494  
1310        1.40272000  1.35722644  0.00268312  
1311        1.28160000  1.35716876  0.00268169  
1312        1.45864000  1.35724610  0.00268076  
1313        1.25796000  1.35717048  0.00267979  
1314        1.37176000  1.35718158  0.00267777  
1315        1.31012000  1.35714579  0.00267597  
1316        1.47492000  1.35723529  0.00267543  
1317        1.25844000  1.35716027  0.00267445  
1318        1.45584000  1.35723514  0.00267347  
1319        1.31308000  1.35720167  0.00267165  
1320        1.22384000  1.35710064  0.00267154  
1321        1.43476000  1.35715942  0.00267017  
1322        1.43160000  1.35721573  0.00266874  
1323        1.36456000  1.35722128  0.00266673  
1324        1.34288000  1.35721045  0.00266473  
1325        1.28156000  1.35715336  0.00266333  
1326        1.33892000  1.35713961  0.00266136  
1327        1.49388000  1.35724265  0.00266135  
1328        1.31684000  1.35721223  0.00265952  
1329        1.38704000  1.35723467  0.00265761  
1330        1.27620000  1.35717374  0.00265631  
1331        1.36648000  1.35718074  0.00265432  
1332        1.28032000  1.35712303  0.00265296  
1333        1.36992000  1.35713263  0.00265098  
1334        1.27216000  1.35706894  0.00264976  
1335        1.40836000  1.35710736  0.00264806  
1336        1.26508000  1.35703847  0.00264697  
1337        1.53696000  1.35717304  0.00264841  
1338        1.26844000  1.35710673  0.00264726  
1339        1.29996000  1.35706405  0.00264563  
1340        1.26700000  1.35699684  0.00264451  
1341        1.46128000  1.35707460  0.00264368  
1342        1.25080000  1.35699541  0.00264289  
1343        1.32084000  1.35696849  0.00264106  
1344        1.22956000  1.35687369  0.00264080  
1345        1.31880000  1.35684538  0.00263899  
1346        1.24520000  1.35676244  0.00263833  
1347        1.33220000  1.35674420  0.00263643  
1348        1.34388000  1.35673466  0.00263449  
1349        1.44036000  1.35679665  0.00263327  
1350        1.35884000  1.35679816  0.00263132  
1351        1.30852000  1.35676243  0.00262961  
1352        1.32820000  1.35674130  0.00262775  
1353        1.32144000  1.35671521  0.00262594  
1354        1.50524000  1.35682490  0.00262629  
1355        1.21172000  1.35671782  0.00262654  
1356        1.52416000  1.35684130  0.00262750  
1357        1.33784000  1.35682730  0.00262560  
1358        1.36048000  1.35682999  0.00262367  
1359        1.32088000  1.35680353  0.00262187  
1360        1.35248000  1.35680035  0.00261994  
1361        1.37616000  1.35681458  0.00261806  
1362        1.32012000  1.35678764  0.00261627  
1363        1.47564000  1.35687483  0.00261581  
1364        1.27884000  1.35681762  0.00261451  
1365        1.38180000  1.35683593  0.00261266  
1366        1.19256000  1.35671567  0.00261352  
1367        1.36200000  1.35671953  0.00261161  
1368        1.43048000  1.35677345  0.00261025  
1369        1.25212000  1.35669701  0.00260947  
1370        1.36824000  1.35670543  0.00260758  
1371        1.47880000  1.35679449  0.00260719  
1372        1.24080000  1.35670994  0.00260666  
1373        1.35184000  1.35670639  0.00260477  
1374        1.28844000  1.35665671  0.00260335  
1375        1.30948000  1.35662240  0.00260168  
1376        1.32336000  1.35659823  0.00259990  
1377        1.38816000  1.35662115  0.00259811  
1378        1.43788000  1.35668012  0.00259689  
1379        1.29716000  1.35663695  0.00259537  
1380        1.44524000  1.35670116  0.00259428  
1381        1.25132000  1.35662485  0.00259353  
1382        1.30764000  1.35658941  0.00259189  
1383        1.36016000  1.35659199  0.00259002  
1384        1.42568000  1.35664191  0.00258863  
1385        1.28440000  1.35658975  0.00258728  
1386        1.33564000  1.35657463  0.00258546  
1387        1.39896000  1.35660519  0.00258378  
1388        1.45608000  1.35667686  0.00258291  
1389        1.47784000  1.35676409  0.00258252  
1390        1.22792000  1.35667140  0.00258233  
1391        1.31544000  1.35664175  0.00258064  
1392        1.38216000  1.35666009  0.00257885  
1393        1.30836000  1.35662541  0.00257723  
1394        1.27772000  1.35656881  0.00257600  
1395        1.23736000  1.35648335  0.00257558  
1396        1.43704000  1.35654106  0.00257438  
1397        1.39424000  1.35656805  0.00257267  
1398        1.22804000  1.35647611  0.00257248  
1399        1.36728000  1.35648383  0.00257065  
1400        1.51980000  1.35660049  0.00257146  
1401        1.37640000  1.35661462  0.00256966  
1402        1.37436000  1.35662728  0.00256786  
1403        1.45316000  1.35669608  0.00256695  
1404        1.37668000  1.35671031  0.00256516  
1405        1.59924000  1.35688293  0.00256914  
1406        1.31396000  1.35685240  0.00256750  
1407        1.17012000  1.35671969  0.00256910  
1408        1.28048000  1.35666554  0.00256785  
1409        1.44440000  1.35672781  0.00256678  
1410        1.63804000  1.35692732  0.00257270  
1411        1.35352000  1.35692490  0.00257088  
1412        1.56108000  1.35706949  0.00257313  
1413        1.33636000  1.35705483  0.00257135  
1414        1.35940000  1.35705649  0.00256953  
1415        1.32300000  1.35703242  0.00256782  
1416        1.44260000  1.35709285  0.00256672  
1417        1.34216000  1.35708231  0.00256493  
1418        1.35248000  1.35707907  0.00256312  
1419        1.40076000  1.35710985  0.00256150  
1420        1.37732000  1.35712408  0.00255974  
1421        1.37352000  1.35713562  0.00255796  
1422        1.37628000  1.35714909  0.00255620  
1423        1.28980000  1.35710176  0.00255484  
1424        1.27512000  1.35704419  0.00255369  
1425        1.31464000  1.35701443  0.00255207  
1426        1.25368000  1.35694196  0.00255131  
1427        1.42860000  1.35699218  0.00255002  
1428        1.44284000  1.35705230  0.00254894  
1429        1.30352000  1.35701484  0.00254743  
1430        1.28408000  1.35696383  0.00254616  
1431        1.19096000  1.35684783  0.00254702  
1432        1.25924000  1.35677966  0.00254616  
1433        1.32352000  1.35675645  0.00254449  
1434        1.26432000  1.35669199  0.00254353  
1435        1.42936000  1.35674263  0.00254226  
1436        1.20636000  1.35663791  0.00254265  
1437        1.34824000  1.35663207  0.00254088  
1438        1.32212000  1.35660807  0.00253923  
1439        1.26892000  1.35654713  0.00253819  
1440        1.61784000  1.35672858  0.00254291  
1441        1.49456000  1.35682423  0.00254295  
1442        1.61232000  1.35700141  0.00254735  
1443        1.29084000  1.35695556  0.00254600  
1444        1.26560000  1.35689230  0.00254502  
1445        1.29408000  1.35684883  0.00254363  
1446        1.35144000  1.35684509  0.00254187  
1447        1.45684000  1.35691419  0.00254106  
1448        1.41348000  1.35695326  0.00253960  
1449        1.44556000  1.35701441  0.00253859  
1450        1.39900000  1.35704337  0.00253700  
1451        1.48716000  1.35713304  0.00253684  
1452        1.24476000  1.35705565  0.00253627  
1453        1.38112000  1.35707221  0.00253458  
1454        1.27400000  1.35701508  0.00253348  
1455        1.41968000  1.35705814  0.00253210  
1456        1.46872000  1.35713484  0.00253152  
1457        1.21548000  1.35703761  0.00253165  
1458        1.35036000  1.35703303  0.00252992  
1459        1.44320000  1.35709209  0.00252888  
1460        1.47552000  1.35717321  0.00252844  
1461        1.59536000  1.35733624  0.00253197  
1462        1.25512000  1.35726632  0.00253120  
1463        1.29620000  1.35722458  0.00252981  
1464        1.20468000  1.35712038  0.00253023  
1465        1.33944000  1.35710831  0.00252853  
1466        1.15068000  1.35696750  0.00253073  
1467        1.33724000  1.35695406  0.00252904  
1468        1.44204000  1.35701202  0.00252798  
1469        1.19540000  1.35690200  0.00252865  
1470        1.51556000  1.35700993  0.00252924  
1471        1.39376000  1.35703492  0.00252764  
1472        1.52612000  1.35714978  0.00252853  
1473        1.26832000  1.35708948  0.00252753  
1474        1.38868000  1.35711091  0.00252591  
1475        1.52256000  1.35722308  0.00252669  
1476        1.41880000  1.35726480  0.00252532  
1477        1.36740000  1.35727166  0.00252362  
1478        1.29164000  1.35722725  0.00252230  
1479        1.45852000  1.35729574  0.00252153  
1480        1.44580000  1.35735554  0.00252053  
1481        1.27816000  1.35730207  0.00251940  
1482        1.36904000  1.35730999  0.00251771  
1483        1.45004000  1.35737252  0.00251679  
1484        1.27716000  1.35731846  0.00251567  
1485        1.44912000  1.35738028  0.00251474  
1486        1.36524000  1.35738557  0.00251305  
1487        1.28988000  1.35734017  0.00251177  
1488        1.20936000  1.35724073  0.00251205  
1489        1.33600000  1.35722646  0.00251040  
1490        1.33728000  1.35721307  0.00250875  
1491        1.23812000  1.35713320  0.00250834  
1492        1.25440000  1.35706434  0.00250761  
1493        1.28708000  1.35701747  0.00250636  
1494        1.43572000  1.35707015  0.00250524  
1495        1.47152000  1.35714670  0.00250473  
1496        1.47752000  1.35722717  0.00250435  
1497        1.43408000  1.35727850  0.00250320  
1498        1.37288000  1.35728892  0.00250155  
1499        1.27196000  1.35723199  0.00250053  
1500        1.43488000  1.35728376  0.00249940  
1501        1.47660000  1.35736325  0.00249900  
1502        1.29124000  1.35731923  0.00249772  
1503        1.19372000  1.35721038  0.00249843  
1504        1.35268000  1.35720737  0.00249677  
1505        1.22096000  1.35711684  0.00249676  
1506        1.25932000  1.35705190  0.00249594  
1507        1.37544000  1.35706410  0.00249432  
1508        1.46112000  1.35713310  0.00249362  
1509        1.45800000  1.35719995  0.00249286  
1510        1.57640000  1.35734511  0.00249543  
1511        1.43988000  1.35739974  0.00249438  
1512        1.34208000  1.35738960  0.00249275  
1513        1.39828000  1.35741663  0.00249125  
1514        1.42736000  1.35746283  0.00249003  
1515        1.32732000  1.35744293  0.00248847  
1516        1.31720000  1.35741639  0.00248697  
1517        1.22744000  1.35733071  0.00248680  
1518        1.36480000  1.35733563  0.00248517  
1519        1.38164000  1.35735163  0.00248358  
1520        1.54484000  1.35747497  0.00248501  
1521        1.26308000  1.35741291  0.00248415  
1522        1.31780000  1.35738689  0.00248266  
1523        1.27376000  1.35733198  0.00248163  
1524        1.40124000  1.35736079  0.00248017  
1525        1.29896000  1.35732249  0.00247884  
1526        1.37872000  1.35733651  0.00247726  
1527        1.29100000  1.35729307  0.00247602  
1528        1.31092000  1.35726272  0.00247458  
1529        1.50656000  1.35736037  0.00247489  
1530        1.39936000  1.35738782  0.00247342  
1531        1.39188000  1.35741035  0.00247191  
1532        1.42292000  1.35745311  0.00247067  
1533        1.33136000  1.35743609  0.00246911  
1534        1.33896000  1.35742404  0.00246753  
1535        1.36720000  1.35743041  0.00246593  
1536        1.52480000  1.35753938  0.00246673  
1537        1.51472000  1.35764164  0.00246725  
1538        1.24380000  1.35756762  0.00246675  
1539        1.23868000  1.35749037  0.00246636  
1540        1.36520000  1.35749538  0.00246476  
1541        1.43668000  1.35754676  0.00246370  
1542        1.32976000  1.35752874  0.00246217  
1543        1.49352000  1.35761688  0.00246215  
1544        1.23432000  1.35753702  0.00246185  
1545        1.21304000  1.35744350  0.00246203  
1546        1.37168000  1.35745270  0.00246046  
1547        1.42828000  1.35749849  0.00245929  
1548        1.34800000  1.35749235  0.00245771  
1549        1.41540000  1.35752974  0.00245641  
1550        1.16800000  1.35740746  0.00245787  
1551        1.44964000  1.35746692  0.00245700  
1552        1.36172000  1.35746966  0.00245542  
1553        1.17812000  1.35735418  0.00245655  
1554        1.38024000  1.35736891  0.00245502  
1555        1.42644000  1.35741332  0.00245384  
1556        1.36688000  1.35741941  0.00245227  
1557        1.37676000  1.35743183  0.00245072  
1558        1.43016000  1.35747851  0.00244960  
1559        1.26768000  1.35742091  0.00244870  
1560        1.21100000  1.35732705  0.00244893  
1561        1.40272000  1.35735613  0.00244753  
1562        1.37584000  1.35736796  0.00244600  
1563        1.46492000  1.35743678  0.00244540  
1564        1.32244000  1.35741440  0.00244394  
1565        1.26724000  1.35735678  0.00244305  
1566        1.51264000  1.35745594  0.00244351  
1567        1.35800000  1.35745629  0.00244195  
1568        1.27648000  1.35740464  0.00244093  
1569        1.20156000  1.35730532  0.00244140  
1570        1.36344000  1.35730922  0.00243985  
1571        1.25292000  1.35724278  0.00243920  
1572        1.45740000  1.35730649  0.00243848  
1573        1.34000000  1.35729549  0.00243695  
1574        1.50860000  1.35739161  0.00243730  
1575        1.40480000  1.35742171  0.00243594  
1576        1.36260000  1.35742500  0.00243440  
1577        1.34556000  1.35741748  0.00243286  
1578        1.44080000  1.35747032  0.00243189  
1579        1.45984000  1.35753515  0.00243122  
1580        1.33540000  1.35752114  0.00242972  
1581        1.34836000  1.35751534  0.00242819  
1582        1.39416000  1.35753851  0.00242676  
1583        1.39800000  1.35756407  0.00242537  
1584        1.54968000  1.35768535  0.00242687  
1585        1.33896000  1.35767354  0.00242536  
1586        1.40824000  1.35770542  0.00242404  
1587        1.43044000  1.35775125  0.00242295  
1588        1.15160000  1.35762144  0.00242490  
1589        1.32304000  1.35759967  0.00242347  
1590        1.41548000  1.35763608  0.00242222  
1591        1.43976000  1.35768769  0.00242125  
1592        1.37836000  1.35770068  0.00241976  
1593        1.38972000  1.35772078  0.00241833  
1594        1.30712000  1.35768903  0.00241702  
1595        1.37536000  1.35770011  0.00241553  
1596        1.48804000  1.35778178  0.00241539  
1597        1.30288000  1.35774740  0.00241413  
1598        1.43152000  1.35779357  0.00241306  
1599        1.39336000  1.35781581  0.00241165  
1600        1.30720000  1.35778418  0.00241035  
1601        1.45240000  1.35784327  0.00240957  
1602        1.39256000  1.35786494  0.00240816  
1603        1.28936000  1.35782221  0.00240704  
1604        1.22676000  1.35774050  0.00240692  
1605        1.35140000  1.35773655  0.00240543  
1606        1.49280000  1.35782065  0.00240540  
1607        1.48948000  1.35790258  0.00240530  
1608        1.41556000  1.35793843  0.00240407  
1609        1.15348000  1.35781136  0.00240593  
1610        1.36784000  1.35781759  0.00240444  
1611        1.17076000  1.35770148  0.00240576  
1612        1.69528000  1.35791089  0.00241337  
1613        1.43076000  1.35795606  0.00241229  
1614        1.39892000  1.35798144  0.00241093  
1615        1.43220000  1.35802739  0.00240988  
1616        1.30556000  1.35799493  0.00240860  
1617        1.40816000  1.35802595  0.00240731  
1618        1.39536000  1.35804902  0.00240593  
1619        1.42568000  1.35809080  0.00240481  
1620        1.30292000  1.35805674  0.00240357  
1621        1.38216000  1.35807161  0.00240213  
1622        1.33724000  1.35805877  0.00240068  
1623        1.48708000  1.35813826  0.00240052  
1624        1.45660000  1.35819889  0.00239981  
1625        1.38928000  1.35821802  0.00239841  
1626        1.45456000  1.35827727  0.00239766  
1627        1.28136000  1.35822999  0.00239666  
1628        1.27744000  1.35818037  0.00239570  
1629        1.31048000  1.35815109  0.00239440  
1630        1.24756000  1.35808324  0.00239390  
1631        1.35204000  1.35807953  0.00239243  
1632        1.29484000  1.35804078  0.00239128  
1633        1.36336000  1.35804404  0.00238982  
1634        1.40292000  1.35807151  0.00238851  
1635        1.33020000  1.35805446  0.00238711  
1636        1.20760000  1.35796249  0.00238742  
1637        1.34136000  1.35795235  0.00238599  
1638        1.34276000  1.35794308  0.00238455  
1639        1.39292000  1.35796442  0.00238319  
1640        1.29632000  1.35792683  0.00238203  
1641        1.40884000  1.35795785  0.00238078  
1642        1.37372000  1.35796745  0.00237935  
1643        1.31804000  1.35794315  0.00237803  
1644        1.51532000  1.35803888  0.00237851  
1645        1.18524000  1.35793384  0.00237938  
1646        1.18152000  1.35782666  0.00238035  
1647        1.49656000  1.35791089  0.00238039  
1648        1.45928000  1.35797240  0.00237974  
1649        1.25808000  1.35791183  0.00237907  
1650        1.32796000  1.35789367  0.00237770  
1651        1.34256000  1.35788439  0.00237627  
1652        1.52952000  1.35798828  0.00237711  
1653        1.21296000  1.35790054  0.00237729  
1654        1.32784000  1.35788237  0.00237592  
1655        1.36208000  1.35788491  0.00237449  
1656        1.26200000  1.35782700  0.00237376  
1657        1.29000000  1.35778607  0.00237268  
1658        1.33940000  1.35777498  0.00237127  
1659        1.33388000  1.35776058  0.00236989  
1660        1.58500000  1.35789747  0.00237241  
1661        1.37280000  1.35790644  0.00237100  
1662        1.39468000  1.35792857  0.00236968  
1663        1.33028000  1.35791194  0.00236831  
1664        1.26240000  1.35785454  0.00236758  
1665        1.39172000  1.35787488  0.00236625  
1666        1.45812000  1.35793505  0.00236559  
1667        1.26308000  1.35787815  0.00236486  
1668        1.52452000  1.35797806  0.00236555  
1669        1.30104000  1.35794394  0.00236438  
1670        1.42028000  1.35798127  0.00236325  
1671        1.39260000  1.35800199  0.00236193  
1672        1.41104000  1.35803371  0.00236073  
1673        1.36508000  1.35803792  0.00235932  
1674        1.51972000  1.35813450  0.00235989  
1675        1.30360000  1.35810195  0.00235871  
1676        1.21400000  1.35801597  0.00235887  
1677        1.31228000  1.35798869  0.00235762  
1678        1.29196000  1.35794934  0.00235654  
1679        1.38992000  1.35796839  0.00235521  
1680        1.35464000  1.35796640  0.00235381  
1681        1.34648000  1.35795957  0.00235242  
1682        1.42340000  1.35799848  0.00235134  
1683        1.39060000  1.35801785  0.00235003  
1684        1.46284000  1.35808010  0.00234945  
1685        1.27820000  1.35803269  0.00234854  
1686        1.44196000  1.35808247  0.00234767  
1687        1.44576000  1.35813444  0.00234686  
1688        1.46612000  1.35819841  0.00234634  
1689        1.44496000  1.35824978  0.00234551  
1690        1.39744000  1.35827297  0.00234424  
1691        1.40584000  1.35830110  0.00234302  
1692        1.30148000  1.35826752  0.00234187  
1693        1.19544000  1.35817134  0.00234247  
1694        1.32140000  1.35814963  0.00234118  
1695        1.30252000  1.35811681  0.00234003  
1696        1.45804000  1.35817573  0.00233939  
1697        1.43004000  1.35821808  0.00233840  
1698        1.26748000  1.35816464  0.00233763  
1699        1.35740000  1.35816419  0.00233626  
1700        1.23284000  1.35809047  0.00233604  
1701        1.44424000  1.35814112  0.00233522  
1702        1.34356000  1.35813255  0.00233386  
1703        1.39168000  1.35815225  0.00233258  
1704        1.65636000  1.35832725  0.00233777  
1705        1.40312000  1.35835352  0.00233654  
1706        1.43468000  1.35839826  0.00233560  
1707        1.31272000  1.35837151  0.00233439  
1708        1.37596000  1.35838180  0.00233304  
1709        1.32152000  1.35836023  0.00233178  
1710        1.36248000  1.35836264  0.00233041  
1711        1.28760000  1.35832129  0.00232942  
1712        1.33704000  1.35830886  0.00232809  
1713        1.25648000  1.35824941  0.00232749  
1714        1.35792000  1.35824922  0.00232613  
1715        1.44316000  1.35829873  0.00232530  
1716        1.27980000  1.35825298  0.00232440  
1717        1.37240000  1.35826122  0.00232306  
1718        1.28992000  1.35822144  0.00232204  
1719        1.34268000  1.35821240  0.00232071  
1720        1.53676000  1.35831621  0.00232168  
1721        1.47112000  1.35838175  0.00232126  
1722        1.39072000  1.35840053  0.00231999  
1723        1.29968000  1.35836645  0.00231889  
1724        1.28624000  1.35832462  0.00231792  
1725        1.23728000  1.35825445  0.00231764  
1726        1.36372000  1.35825761  0.00231630  
1727        1.31412000  1.35823206  0.00231510  
1728        1.50252000  1.35831556  0.00231527  
1729        1.43172000  1.35835801  0.00231432  
1730        1.45624000  1.35841459  0.00231367  
1731        1.33532000  1.35840125  0.00231237  
1732        1.33364000  1.35838695  0.00231108  
1733        1.27084000  1.35833643  0.00231030  
1734        1.39644000  1.35835841  0.00230907  
1735        1.45184000  1.35841229  0.00230837  
1736        1.44400000  1.35846159  0.00230756  
1737        1.38084000  1.35847447  0.00230627  
1738        1.37524000  1.35848412  0.00230496  
1739        1.32232000  1.35846332  0.00230373  
1740        1.18532000  1.35836382  0.00230456  
1741        1.37472000  1.35837321  0.00230325  
1742        1.28800000  1.35833281  0.00230228  
1743        1.37368000  1.35834162  0.00230098  
1744        1.47912000  1.35841087  0.00230070  
1745        1.42520000  1.35844915  0.00229970  
1746        1.35464000  1.35844696  0.00229839  
1747        1.37588000  1.35845694  0.00229709  
1748        1.22796000  1.35838229  0.00229699  
1749        1.40480000  1.35840883  0.00229583  
1750        1.51300000  1.35849717  0.00229622  
1751        1.22476000  1.35842079  0.00229618  
1752        1.36496000  1.35842452  0.00229487  
1753        1.36124000  1.35842613  0.00229356  
1754        1.36956000  1.35843247  0.00229226  
1755        1.42860000  1.35847246  0.00229130  
1756        1.32464000  1.35845319  0.00229008  
1757        1.33836000  1.35844175  0.00228880  
1758        1.44212000  1.35848935  0.00228800  
1759        1.20400000  1.35840152  0.00228838  
1760        1.17488000  1.35829725  0.00228946  
1761        1.30548000  1.35826726  0.00228835  
1762        1.32808000  1.35825012  0.00228712  
1763        1.44212000  1.35829770  0.00228632  
1764        1.34136000  1.35828810  0.00228504  
1765        1.28332000  1.35824562  0.00228414  
1766        1.50472000  1.35832856  0.00228435  
1767        1.19684000  1.35823717  0.00228489  
1768        1.46124000  1.35829543  0.00228434  
1769        1.37340000  1.35830397  0.00228306  
1770        1.32176000  1.35828332  0.00228186  
1771        1.36124000  1.35828499  0.00228058  
1772        1.37968000  1.35829707  0.00227932  
1773        1.49328000  1.35837320  0.00227931  
1774        1.36000000  1.35837411  0.00227802  
1775        1.48948000  1.35844798  0.00227794  
1776        1.14240000  1.35832633  0.00227990  
1777        1.54484000  1.35843129  0.00228103  
1778        1.26104000  1.35837651  0.00228041  
1779        1.23912000  1.35830948  0.00228011  
1780        1.37988000  1.35832160  0.00227886  
1781        1.33624000  1.35830920  0.00227762  
1782        1.42836000  1.35834851  0.00227668  
1783        1.51216000  1.35843477  0.00227703  
1784        1.20952000  1.35835130  0.00227729  
1785        1.42832000  1.35839050  0.00227635  
1786        1.44940000  1.35844146  0.00227564  
1787        1.38120000  1.35845419  0.00227441  
1788        1.15348000  1.35833955  0.00227602  
1789        1.24276000  1.35827495  0.00227567  
1790        1.34296000  1.35826639  0.00227441  
1791        1.28760000  1.35822693  0.00227348  
1792        1.27528000  1.35818065  0.00227269  
1793        1.42388000  1.35821729  0.00227171  
1794        1.39560000  1.35823813  0.00227054  
1795        1.44900000  1.35828869  0.00226984  
1796        1.37156000  1.35829608  0.00226859  
1797        1.27216000  1.35824815  0.00226783  
1798        1.32280000  1.35822843  0.00226666  
1799        1.31988000  1.35820712  0.00226550  
1800        1.29604000  1.35817258  0.00226450  
1801        1.36464000  1.35817617  0.00226325  
1802        1.57388000  1.35829587  0.00226516  
1803        1.33432000  1.35828257  0.00226394  
1804        1.43132000  1.35832306  0.00226304  
1805        1.23564000  1.35825509  0.00226281  
1806        1.36904000  1.35826106  0.00226157  
1807        1.41080000  1.35829014  0.00226050  
1808        1.34084000  1.35828049  0.00225927  
1809        1.43416000  1.35832243  0.00225841  
1810        1.20368000  1.35823699  0.00225878  
1811        1.45984000  1.35829310  0.00225823  
1812        1.25228000  1.35823459  0.00225774  
1813        1.53092000  1.35832984  0.00225850  
1814        1.48336000  1.35839877  0.00225831  
1815        1.32244000  1.35837895  0.00225715  
1816        1.31624000  1.35835575  0.00225603  
1817        1.40428000  1.35838102  0.00225493  
1818        1.29728000  1.35834741  0.00225394  
1819        1.37812000  1.35835828  0.00225273  
1820        1.37212000  1.35836585  0.00225150  
1821        1.31352000  1.35834122  0.00225040  
1822        1.33624000  1.35832909  0.00224920  
1823        1.29096000  1.35829213  0.00224827  
1824        1.45940000  1.35834757  0.00224772  
1825        1.44812000  1.35839676  0.00224702  
1826        1.46688000  1.35845617  0.00224658  
1827        1.24024000  1.35839146  0.00224628  
1828        1.37356000  1.35839976  0.00224507  
1829        1.27588000  1.35835464  0.00224429  
1830        1.33476000  1.35834175  0.00224310  
1831        1.25808000  1.35828699  0.00224255  
1832        1.38168000  1.35829976  0.00224136  
1833        1.28020000  1.35825715  0.00224054  
1834        1.31872000  1.35823559  0.00223942  
1835        1.32464000  1.35821729  0.00223828  
1836        1.23584000  1.35815063  0.00223805  
1837        1.45716000  1.35820453  0.00223748  
1838        1.19032000  1.35811319  0.00223813  
1839        1.35832000  1.35811330  0.00223691  
1840        1.37888000  1.35812459  0.00223572  
1841        1.47232000  1.35818662  0.00223537  
1842        1.26808000  1.35813770  0.00223469  
1843        1.49416000  1.35821150  0.00223470  
1844        1.39452000  1.35823119  0.00223357  
1845        1.38728000  1.35824694  0.00223241  
1846        1.41360000  1.35827692  0.00223141  
1847        1.41260000  1.35830633  0.00223039  
1848        1.33508000  1.35829377  0.00222922  
1849        1.39548000  1.35831388  0.00222810  
1850        1.50044000  1.35839070  0.00222822  
1851        1.30924000  1.35836415  0.00222718  
1852        1.16644000  1.35826052  0.00222839  
1853        1.37332000  1.35826865  0.00222720  
1854        1.39128000  1.35828645  0.00222607  
1855        1.37428000  1.35829507  0.00222488  
1856        1.42752000  1.35833237  0.00222400  
1857        1.27964000  1.35828999  0.00222320  
1858        1.45124000  1.35834002  0.00222257  
1859        1.38452000  1.35835410  0.00222142  
1860        1.24028000  1.35829062  0.00222113  
1861        1.28176000  1.35824950  0.00222032  
1862        1.22612000  1.35817854  0.00222026  
1863        1.41212000  1.35820749  0.00221926  
1864        1.34540000  1.35820062  0.00221808  
1865        1.40868000  1.35822769  0.00221705  
1866        1.43856000  1.35827074  0.00221628  
1867        1.35524000  1.35826912  0.00221510  
1868        1.48988000  1.35833957  0.00221503  
1869        1.17272000  1.35824026  0.00221607  
1870        1.23552000  1.35817463  0.00221586  
1871        1.27716000  1.35813133  0.00221510  
1872        1.26332000  1.35808068  0.00221449  
1873        1.34856000  1.35807560  0.00221332  
1874        1.23228000  1.35800847  0.00221315  
1875        1.49328000  1.35808062  0.00221315  
1876        1.37480000  1.35808953  0.00221199  
1877        1.34488000  1.35808249  0.00221082  
1878        1.62484000  1.35822454  0.00221420  
1879        1.28832000  1.35818733  0.00221334  
1880        1.34668000  1.35818121  0.00221217  
1881        1.18960000  1.35809159  0.00221281  
1882        1.34796000  1.35808621  0.00221164  
1883        1.44808000  1.35813400  0.00221098  
1884        1.42284000  1.35816834  0.00221007  
1885        1.48476000  1.35823550  0.00220992  
1886        1.47284000  1.35829627  0.00220958  
1887        1.33932000  1.35828621  0.00220843  
1888        1.41356000  1.35831549  0.00220746  
1889        1.41060000  1.35834317  0.00220646  
1890        1.25084000  1.35828629  0.00220603  
1891        1.32700000  1.35826974  0.00220492  
1892        1.36840000  1.35827510  0.00220376  
1893        1.39748000  1.35829581  0.00220270  
1894        1.27044000  1.35824942  0.00220202  
1895        1.28424000  1.35821036  0.00220121  
1896        1.33460000  1.35819791  0.00220008  
1897        1.28720000  1.35816048  0.00219924  
1898        1.34172000  1.35815182  0.00219810  
1899        1.28472000  1.35811315  0.00219728  
1900        1.28340000  1.35807383  0.00219648  
1901        1.47556000  1.35813563  0.00219619  
1902        1.37872000  1.35814646  0.00219506  
1903        1.37136000  1.35815340  0.00219392  
1904        1.27668000  1.35811061  0.00219318  
1905        1.36220000  1.35811276  0.00219203  
1906        1.31732000  1.35809135  0.00219099  
1907        1.36384000  1.35809437  0.00218984  
1908        1.32116000  1.35807501  0.00218878  
1909        1.40516000  1.35809968  0.00218777  
1910        1.36520000  1.35810339  0.00218663  
1911        1.26632000  1.35805536  0.00218601  
1912        1.43160000  1.35809383  0.00218520  
1913        1.25400000  1.35803941  0.00218474  
1914        1.47460000  1.35810031  0.00218445  
1915        1.29844000  1.35806916  0.00218353  
1916        1.37824000  1.35807969  0.00218241  
1917        1.40592000  1.35810464  0.00218142  
1918        1.17436000  1.35800884  0.00218238  
1919        1.09588000  1.35787225  0.00218552  
1920        1.41596000  1.35790250  0.00218459  
1921        1.31644000  1.35788092  0.00218356  
1922        1.50604000  1.35795800  0.00218378  
1923        1.55136000  1.35805858  0.00218496  
1924        1.42416000  1.35809293  0.00218410  
1925        1.28104000  1.35805290  0.00218333  
1926        1.38980000  1.35806939  0.00218226  
1927        1.23148000  1.35800369  0.00218211  
1928        1.29828000  1.35797272  0.00218120  
1929        1.45676000  1.35802393  0.00218067  
1930        1.49636000  1.35809561  0.00218072  
1931        1.32376000  1.35807782  0.00217966  
1932        1.46020000  1.35813068  0.00217918  
1933        1.28688000  1.35809382  0.00217836  
1934        1.32464000  1.35807653  0.00217730  
1935        1.23176000  1.35801125  0.00217716  
1936        1.26976000  1.35796566  0.00217651  
1937        1.14372000  1.35785505  0.00217820  
1938        1.36076000  1.35785655  0.00217707  
1939        1.25412000  1.35780305  0.00217661  
1940        1.24508000  1.35774495  0.00217626  
1941        1.42172000  1.35777791  0.00217539  
1942        1.26396000  1.35772960  0.00217480  
1943        1.44748000  1.35777579  0.00217418  
1944        1.41128000  1.35780331  0.00217323  
1945        1.37512000  1.35781222  0.00217213  
1946        1.51112000  1.35789100  0.00217244  
1947        1.26656000  1.35784409  0.00217183  
1948        1.37948000  1.35785520  0.00217075  
1949        1.54108000  1.35794920  0.00217167  
1950        1.46220000  1.35800267  0.00217121  
1951        1.23116000  1.35793765  0.00217107  
1952        1.54904000  1.35803555  0.00217217  
1953        1.35184000  1.35803238  0.00217106  
1954        1.40896000  1.35805844  0.00217010  
1955        1.36252000  1.35806073  0.00216899  
1956        1.55756000  1.35816272  0.00217028  
1957        1.46536000  1.35821750  0.00216987  
1958        1.31452000  1.35819518  0.00216887  
1959        1.24696000  1.35813840  0.00216851  
1960        1.23056000  1.35807331  0.00216838  
1961        1.26600000  1.35802635  0.00216778  
1962        1.43004000  1.35806306  0.00216699  
1963        1.38164000  1.35807507  0.00216592  
1964        1.28528000  1.35803800  0.00216513  
1965        1.39736000  1.35805802  0.00216412  
1966        1.29836000  1.35802765  0.00216323  
1967        1.32576000  1.35801125  0.00216219  
1968        1.26176000  1.35796234  0.00216165  
1969        1.46296000  1.35801566  0.00216121  
1970        1.42808000  1.35805123  0.00216040  
1971        1.55760000  1.35815247  0.00216168  
1972        1.31632000  1.35813126  0.00216069  
1973        1.35744000  1.35813091  0.00215959  
1974        1.35848000  1.35813108  0.00215850  
1975        1.44572000  1.35817543  0.00215786  
1976        1.40788000  1.35820059  0.00215692  
1977        1.50232000  1.35827349  0.00215706  
1978        1.42772000  1.35830859  0.00215625  
1979        1.39652000  1.35832790  0.00215525  
1980        1.35572000  1.35832659  0.00215416  
1981        1.36740000  1.35833117  0.00215308  
1982        1.31988000  1.35831177  0.00215208  
1983        1.47508000  1.35837065  0.00215180  
1984        1.54180000  1.35846310  0.00215270  
1985        1.53004000  1.35854954  0.00215335  
1986        1.11232000  1.35842556  0.00215583  
1987        1.25960000  1.35837582  0.00215532  
1988        1.29848000  1.35834569  0.00215445  
1989        1.35392000  1.35834347  0.00215337  
1990        1.32100000  1.35832470  0.00215237  
1991        1.31284000  1.35830186  0.00215141  
1992        1.45200000  1.35834890  0.00215084  
1993        1.29608000  1.35831765  0.00214999  
1994        1.40024000  1.35833868  0.00214901  
1995        1.25972000  1.35828924  0.00214850  
1996        1.29408000  1.35825707  0.00214767  
1997        1.15284000  1.35815421  0.00214905  
1998        1.45120000  1.35820078  0.00214848  
1999        1.32696000  1.35818515  0.00214747  
2000        1.30036000  1.35815624  0.00214659  
