1           -0.46056000 -0.46056000 0.00000000  
2           -0.46176000 -0.46116000 0.00060000  
3           -0.46056000 -0.46096000 0.00040000  
4           -0.45776000 -0.46016000 0.00084853  
5           -0.47408000 -0.46294400 0.00286053  
6           -0.46288000 -0.46293333 0.00233564  
7           -0.45728000 -0.46212571 0.00213280  
8           -0.46048000 -0.46192000 0.00185848  
9           -0.45408000 -0.46104889 0.00185613  
10          -0.46128000 -0.46107200 0.00166034  
11          -0.46176000 -0.46113455 0.00150313  
12          -0.46680000 -0.46160667 0.00145112  
13          -0.45832000 -0.46135385 0.00135857  
14          -0.46560000 -0.46165714 0.00129384  
15          -0.46632000 -0.46196800 0.00124396  
16          -0.47464000 -0.46276000 0.00140758  
17          -0.46144000 -0.46268235 0.00132447  
18          -0.46072000 -0.46257333 0.00125347  
19          -0.46856000 -0.46288842 0.00122682  
20          -0.45760000 -0.46262400 0.00119352  
21          -0.46248000 -0.46261714 0.00113529  
22          -0.46992000 -0.46294909 0.00113221  
23          -0.45480000 -0.46259478 0.00113840  
24          -0.45448000 -0.46225667 0.00114118  
25          -0.47344000 -0.46270400 0.00118246  
26          -0.45480000 -0.46240000 0.00117604  
27          -0.46696000 -0.46256889 0.00114418  
28          -0.45832000 -0.46241714 0.00111295  
29          -0.46488000 -0.46250207 0.00107724  
30          -0.45688000 -0.46231467 0.00105745  
31          -0.45272000 -0.46200516 0.00106858  
32          -0.45432000 -0.46176500 0.00106215  
33          -0.46464000 -0.46185212 0.00103314  
34          -0.45928000 -0.46177647 0.00100515  
35          -0.46536000 -0.46187886 0.00098136  
36          -0.45656000 -0.46173111 0.00096509  
37          -0.45736000 -0.46161297 0.00094605  
38          -0.46392000 -0.46167368 0.00092281  
39          -0.45272000 -0.46144410 0.00092770  
40          -0.45352000 -0.46124600 0.00092565  
41          -0.46240000 -0.46127415 0.00090323  
42          -0.46512000 -0.46136571 0.00088621  
43          -0.45432000 -0.46120186 0.00088073  
44          -0.46136000 -0.46120545 0.00086049  
45          -0.46208000 -0.46122489 0.00084137  
46          -0.46632000 -0.46133565 0.00083030  
47          -0.46392000 -0.46139064 0.00081430  
48          -0.45688000 -0.46129667 0.00080268  
49          -0.44600000 -0.46098449 0.00084584  
50          -0.46128000 -0.46099040 0.00082877  
51          -0.47592000 -0.46128314 0.00086349  
52          -0.45768000 -0.46121385 0.00084956  
53          -0.45824000 -0.46115774 0.00083526  
54          -0.46960000 -0.46131407 0.00083442  
55          -0.45096000 -0.46112582 0.00084047  
56          -0.46224000 -0.46114571 0.00082556  
57          -0.46136000 -0.46114947 0.00081096  
58          -0.46296000 -0.46118069 0.00079746  
59          -0.46592000 -0.46126102 0.00078794  
60          -0.46480000 -0.46132000 0.00077693  
61          -0.46272000 -0.46134295 0.00076444  
62          -0.47408000 -0.46154839 0.00077956  
63          -0.45360000 -0.46142222 0.00077739  
64          -0.45600000 -0.46133750 0.00076983  
65          -0.46264000 -0.46135754 0.00075816  
66          -0.46984000 -0.46148606 0.00075756  
67          -0.45704000 -0.46141970 0.00074911  
68          -0.45864000 -0.46137882 0.00073915  
69          -0.47040000 -0.46150957 0.00074000  
70          -0.46352000 -0.46153829 0.00072991  
71          -0.46360000 -0.46156732 0.00072015  
72          -0.46152000 -0.46156667 0.00071007  
73          -0.46144000 -0.46156493 0.00070028  
74          -0.46288000 -0.46158270 0.00069098  
75          -0.45296000 -0.46146773 0.00069133  
76          -0.45512000 -0.46138421 0.00068727  
77          -0.46008000 -0.46136727 0.00067850  
78          -0.46480000 -0.46141128 0.00067119  
79          -0.46432000 -0.46144810 0.00066366  
80          -0.46888000 -0.46154100 0.00066186  
81          -0.46800000 -0.46162074 0.00065849  
82          -0.46656000 -0.46168098 0.00065319  
83          -0.47144000 -0.46179855 0.00065590  
84          -0.45496000 -0.46171714 0.00065313  
85          -0.46672000 -0.46177600 0.00064808  
86          -0.46248000 -0.46178419 0.00064056  
87          -0.46944000 -0.46187218 0.00063924  
88          -0.45696000 -0.46181636 0.00063439  
89          -0.46608000 -0.46186427 0.00062905  
90          -0.46920000 -0.46194578 0.00062734  
91          -0.45720000 -0.46189363 0.00062259  
92          -0.45752000 -0.46184609 0.00061762  
93          -0.45888000 -0.46181419 0.00061178  
94          -0.46448000 -0.46184255 0.00060590  
95          -0.46440000 -0.46186947 0.00060009  
96          -0.45992000 -0.46184917 0.00059415  
97          -0.46144000 -0.46184495 0.00058801  
98          -0.46808000 -0.46190857 0.00058545  
99          -0.46232000 -0.46191273 0.00057952  
100         -0.45992000 -0.46189280 0.00057404  
101         -0.46192000 -0.46189307 0.00056833  
102         -0.46096000 -0.46188392 0.00056280  
103         -0.47000000 -0.46196272 0.00056285  
104         -0.44872000 -0.46183538 0.00057178  
105         -0.46024000 -0.46182019 0.00056651  
106         -0.46952000 -0.46189283 0.00056582  
107         -0.45960000 -0.46187140 0.00056092  
108         -0.45304000 -0.46178963 0.00056168  
109         -0.46576000 -0.46182606 0.00055770  
110         -0.46608000 -0.46186473 0.00055395  
111         -0.46696000 -0.46191063 0.00055086  
112         -0.45496000 -0.46184857 0.00054943  
113         -0.45784000 -0.46181310 0.00054570  
114         -0.46496000 -0.46184070 0.00054160  
115         -0.45608000 -0.46179061 0.00053920  
116         -0.46408000 -0.46181034 0.00053490  
117         -0.45448000 -0.46174769 0.00053399  
118         -0.46976000 -0.46181559 0.00053378  
119         -0.46304000 -0.46182588 0.00052938  
120         -0.46760000 -0.46187400 0.00052715  
121         -0.45600000 -0.46182545 0.00052503  
122         -0.46344000 -0.46183869 0.00052087  
123         -0.45928000 -0.46181789 0.00051704  
124         -0.45712000 -0.46178000 0.00051425  
125         -0.46648000 -0.46181760 0.00051150  
126         -0.46328000 -0.46182921 0.00050756  
127         -0.46688000 -0.46186898 0.00050512  
128         -0.46816000 -0.46191812 0.00050356  
129         -0.46112000 -0.46191194 0.00049968  
130         -0.46848000 -0.46196246 0.00049839  
131         -0.46504000 -0.46198595 0.00049512  
132         -0.46984000 -0.46204545 0.00049495  
133         -0.46848000 -0.46209383 0.00049359  
134         -0.46080000 -0.46208418 0.00048999  
135         -0.46952000 -0.46213926 0.00048945  
136         -0.45112000 -0.46205824 0.00049255  
137         -0.46240000 -0.46206073 0.00048895  
138         -0.46680000 -0.46209507 0.00048661  
139         -0.47024000 -0.46215367 0.00048663  
140         -0.46288000 -0.46215886 0.00048317  
141         -0.46840000 -0.46220312 0.00048177  
142         -0.46336000 -0.46221127 0.00047844  
143         -0.46752000 -0.46224839 0.00047653  
144         -0.46072000 -0.46223778 0.00047333  
145         -0.46472000 -0.46225490 0.00047036  
146         -0.46248000 -0.46225644 0.00046713  
147         -0.46824000 -0.46229714 0.00046573  
148         -0.45848000 -0.46227135 0.00046329  
149         -0.46528000 -0.46229154 0.00046061  
150         -0.47160000 -0.46235360 0.00046172  
151         -0.45664000 -0.46231576 0.00046021  
152         -0.46600000 -0.46234000 0.00045781  
153         -0.47248000 -0.46240627 0.00045961  
154         -0.45656000 -0.46236831 0.00045819  
155         -0.46728000 -0.46240000 0.00045633  
156         -0.45392000 -0.46234564 0.00045664  
157         -0.46312000 -0.46235057 0.00045375  
158         -0.45848000 -0.46232608 0.00045154  
159         -0.46352000 -0.46233358 0.00044875  
160         -0.47304000 -0.46240050 0.00045093  
161         -0.46008000 -0.46238609 0.00044835  
162         -0.46616000 -0.46240938 0.00044618  
163         -0.45592000 -0.46236957 0.00044522  
164         -0.46184000 -0.46236634 0.00044251  
165         -0.46144000 -0.46236073 0.00043986  
166         -0.46032000 -0.46234843 0.00043737  
167         -0.46712000 -0.46237701 0.00043568  
168         -0.46808000 -0.46241095 0.00043441  
169         -0.45248000 -0.46235219 0.00043581  
170         -0.46376000 -0.46236047 0.00043332  
171         -0.46128000 -0.46235415 0.00043082  
172         -0.46560000 -0.46237302 0.00042873  
173         -0.47120000 -0.46242405 0.00042928  
174         -0.44736000 -0.46233747 0.00043550  
175         -0.46584000 -0.46235749 0.00043347  
176         -0.46320000 -0.46236227 0.00043103  
177         -0.46560000 -0.46238056 0.00042897  
178         -0.45656000 -0.46234787 0.00042781  
179         -0.46960000 -0.46238838 0.00042734  
180         -0.47032000 -0.46243244 0.00042723  
181         -0.46288000 -0.46243492 0.00042487  
182         -0.46720000 -0.46246110 0.00042334  
183         -0.46136000 -0.46245508 0.00042107  
184         -0.46760000 -0.46248304 0.00041970  
185         -0.45968000 -0.46246789 0.00041770  
186         -0.45712000 -0.46243914 0.00041645  
187         -0.46280000 -0.46244107 0.00041422  
188         -0.45432000 -0.46239787 0.00041427  
189         -0.44944000 -0.46232931 0.00041773  
190         -0.46656000 -0.46235158 0.00041613  
191         -0.45688000 -0.46232293 0.00041493  
192         -0.45816000 -0.46230125 0.00041333  
193         -0.46088000 -0.46229389 0.00041125  
194         -0.46768000 -0.46232165 0.00041007  
195         -0.46032000 -0.46231138 0.00040809  
196         -0.45704000 -0.46228449 0.00040689  
197         -0.45728000 -0.46225909 0.00040562  
198         -0.44720000 -0.46218303 0.00041067  
199         -0.46688000 -0.46220663 0.00040928  
200         -0.46928000 -0.46224200 0.00040876  
201         -0.47368000 -0.46229891 0.00041068  
202         -0.45792000 -0.46227723 0.00040922  
203         -0.47048000 -0.46231764 0.00040920  
204         -0.46200000 -0.46231608 0.00040719  
205         -0.46520000 -0.46233015 0.00040544  
206         -0.46712000 -0.46235340 0.00040414  
207         -0.45600000 -0.46232271 0.00040335  
208         -0.46448000 -0.46233308 0.00040154  
209         -0.46984000 -0.46236900 0.00040123  
210         -0.46080000 -0.46236152 0.00039938  
211         -0.45544000 -0.46232872 0.00039884  
212         -0.46040000 -0.46231962 0.00039706  
213         -0.46968000 -0.46235418 0.00039670  
214         -0.46160000 -0.46235065 0.00039485  
215         -0.46256000 -0.46235163 0.00039301  
216         -0.46368000 -0.46235778 0.00039124  
217         -0.45376000 -0.46231816 0.00039144  
218         -0.46128000 -0.46231339 0.00038967  
219         -0.46064000 -0.46230575 0.00038796  
220         -0.46376000 -0.46231236 0.00038625  
221         -0.46600000 -0.46232905 0.00038486  
222         -0.46080000 -0.46232216 0.00038319  
223         -0.45640000 -0.46229561 0.00038239  
224         -0.47104000 -0.46233464 0.00038267  
225         -0.47384000 -0.46238578 0.00038438  
226         -0.46552000 -0.46239965 0.00038293  
227         -0.46064000 -0.46239189 0.00038132  
228         -0.45952000 -0.46237930 0.00037985  
229         -0.45184000 -0.46233328 0.00038098  
230         -0.45408000 -0.46229739 0.00038101  
231         -0.46144000 -0.46229368 0.00037938  
232         -0.46392000 -0.46230069 0.00037780  
233         -0.47416000 -0.46235159 0.00037961  
234         -0.45896000 -0.46233709 0.00037826  
235         -0.45936000 -0.46232443 0.00037686  
236         -0.45928000 -0.46231153 0.00037548  
237         -0.46400000 -0.46231865 0.00037396  
238         -0.45560000 -0.46229042 0.00037345  
239         -0.46480000 -0.46230092 0.00037204  
240         -0.46728000 -0.46232167 0.00037106  
241         -0.45912000 -0.46230838 0.00036976  
242         -0.46600000 -0.46232364 0.00036854  
243         -0.47168000 -0.46236214 0.00036904  
244         -0.46624000 -0.46237803 0.00036787  
245         -0.45336000 -0.46234122 0.00036821  
246         -0.46288000 -0.46234341 0.00036671  
247         -0.46160000 -0.46234040 0.00036524  
248         -0.46824000 -0.46236419 0.00036454  
249         -0.46488000 -0.46237430 0.00036321  
250         -0.46472000 -0.46238368 0.00036188  
251         -0.45648000 -0.46236016 0.00036120  
252         -0.46920000 -0.46238730 0.00036079  
253         -0.46536000 -0.46239905 0.00035955  
254         -0.44416000 -0.46232724 0.00036526  
255         -0.45296000 -0.46229051 0.00036567  
256         -0.46616000 -0.46230562 0.00036456  
257         -0.46952000 -0.46233370 0.00036422  
258         -0.46000000 -0.46232465 0.00036292  
259         -0.45176000 -0.46228386 0.00036381  
260         -0.46688000 -0.46230154 0.00036284  
261         -0.46216000 -0.46230100 0.00036144  
262         -0.46608000 -0.46231542 0.00036035  
263         -0.45680000 -0.46229445 0.00035959  
264         -0.46048000 -0.46228758 0.00035829  
265         -0.46584000 -0.46230098 0.00035719  
266         -0.45880000 -0.46228782 0.00035609  
267         -0.46960000 -0.46231521 0.00035581  
268         -0.45808000 -0.46229940 0.00035483  
269         -0.45840000 -0.46228491 0.00035380  
270         -0.47072000 -0.46231615 0.00035387  
271         -0.46512000 -0.46232649 0.00035272  
272         -0.46640000 -0.46234147 0.00035174  
273         -0.45896000 -0.46232908 0.00035066  
274         -0.45848000 -0.46231504 0.00034966  
275         -0.45584000 -0.46229149 0.00034918  
276         -0.47240000 -0.46232812 0.00034984  
277         -0.46632000 -0.46234253 0.00034887  
278         -0.46088000 -0.46233727 0.00034765  
279         -0.47056000 -0.46236674 0.00034766  
280         -0.46320000 -0.46236971 0.00034643  
281         -0.46360000 -0.46237409 0.00034522  
282         -0.46832000 -0.46239518 0.00034464  
283         -0.46504000 -0.46240452 0.00034355  
284         -0.45392000 -0.46237465 0.00034363  
285         -0.45832000 -0.46236042 0.00034272  
286         -0.45792000 -0.46234490 0.00034187  
287         -0.45200000 -0.46230885 0.00034258  
288         -0.46008000 -0.46230111 0.00034148  
289         -0.46128000 -0.46229758 0.00034031  
290         -0.46496000 -0.46230676 0.00033926  
291         -0.46208000 -0.46230598 0.00033810  
292         -0.45376000 -0.46227671 0.00033820  
293         -0.46216000 -0.46227631 0.00033705  
294         -0.46520000 -0.46228626 0.00033605  
295         -0.46088000 -0.46228149 0.00033494  
296         -0.46296000 -0.46228378 0.00033381  
297         -0.44944000 -0.46224054 0.00033549  
298         -0.46408000 -0.46224671 0.00033442  
299         -0.46752000 -0.46226435 0.00033376  
300         -0.47536000 -0.46230800 0.00033550  
301         -0.45496000 -0.46228359 0.00033527  
302         -0.46224000 -0.46228344 0.00033416  
303         -0.46136000 -0.46228040 0.00033307  
304         -0.45640000 -0.46226105 0.00033254  
305         -0.46936000 -0.46228433 0.00033226  
306         -0.47352000 -0.46232105 0.00033320  
307         -0.45176000 -0.46228664 0.00033389  
308         -0.46592000 -0.46229844 0.00033302  
309         -0.45736000 -0.46228246 0.00033232  
310         -0.45776000 -0.46226787 0.00033157  
311         -0.46808000 -0.46228656 0.00033103  
312         -0.46064000 -0.46228128 0.00033001  
313         -0.46424000 -0.46228754 0.00032901  
314         -0.45584000 -0.46226701 0.00032860  
315         -0.45856000 -0.46225524 0.00032777  
316         -0.46552000 -0.46226557 0.00032689  
317         -0.46696000 -0.46228038 0.00032620  
318         -0.46424000 -0.46228654 0.00032523  
319         -0.46528000 -0.46229592 0.00032434  
320         -0.47144000 -0.46232450 0.00032459  
321         -0.45840000 -0.46231227 0.00032381  
322         -0.46680000 -0.46232621 0.00032310  
323         -0.46648000 -0.46233907 0.00032236  
324         -0.46920000 -0.46236025 0.00032206  
325         -0.46488000 -0.46236800 0.00032116  
326         -0.46720000 -0.46238282 0.00032051  
327         -0.46072000 -0.46237774 0.00031957  
328         -0.46416000 -0.46238317 0.00031864  
329         -0.46000000 -0.46237593 0.00031775  
330         -0.45728000 -0.46236048 0.00031717  
331         -0.46416000 -0.46236592 0.00031625  
332         -0.45680000 -0.46234916 0.00031575  
333         -0.45368000 -0.46232312 0.00031587  
334         -0.46136000 -0.46232024 0.00031494  
335         -0.47208000 -0.46234937 0.00031534  
336         -0.47024000 -0.46237286 0.00031528  
337         -0.45752000 -0.46235846 0.00031467  
338         -0.45592000 -0.46233941 0.00031432  
339         -0.46208000 -0.46233864 0.00031339  
340         -0.46576000 -0.46234871 0.00031263  
341         -0.47512000 -0.46238616 0.00031395  
342         -0.46312000 -0.46238830 0.00031304  
343         -0.45448000 -0.46236525 0.00031298  
344         -0.45672000 -0.46234884 0.00031250  
345         -0.46320000 -0.46235130 0.00031160  
346         -0.46536000 -0.46236000 0.00031082  
347         -0.46272000 -0.46236104 0.00030992  
348         -0.46648000 -0.46237287 0.00030926  
349         -0.45696000 -0.46235736 0.00030876  
350         -0.46568000 -0.46236686 0.00030802  
351         -0.47192000 -0.46239407 0.00030835  
352         -0.45712000 -0.46237909 0.00030784  
353         -0.46560000 -0.46238822 0.00030710  
354         -0.46464000 -0.46239458 0.00030630  
355         -0.46280000 -0.46239572 0.00030543  
356         -0.45816000 -0.46238382 0.00030481  
357         -0.46448000 -0.46238969 0.00030401  
358         -0.47008000 -0.46241117 0.00030392  
359         -0.47032000 -0.46243320 0.00030387  
360         -0.46592000 -0.46244289 0.00030318  
361         -0.46496000 -0.46244986 0.00030242  
362         -0.45816000 -0.46243801 0.00030182  
363         -0.45728000 -0.46242380 0.00030132  
364         -0.45960000 -0.46241604 0.00030059  
365         -0.45888000 -0.46240636 0.00029992  
366         -0.46984000 -0.46242667 0.00029979  
367         -0.46168000 -0.46242463 0.00029898  
368         -0.46664000 -0.46243609 0.00029838  
369         -0.46880000 -0.46245333 0.00029807  
370         -0.45856000 -0.46244281 0.00029745  
371         -0.45184000 -0.46241423 0.00029802  
372         -0.45936000 -0.46240602 0.00029734  
373         -0.45432000 -0.46238434 0.00029733  
374         -0.46808000 -0.46239957 0.00029692  
375         -0.45704000 -0.46238528 0.00029648  
376         -0.46064000 -0.46238064 0.00029572  
377         -0.47120000 -0.46240403 0.00029586  
378         -0.46592000 -0.46241333 0.00029523  
379         -0.46152000 -0.46241098 0.00029446  
380         -0.46160000 -0.46240884 0.00029369  
381         -0.46176000 -0.46240714 0.00029292  
382         -0.46312000 -0.46240901 0.00029216  
383         -0.45152000 -0.46238057 0.00029278  
384         -0.46952000 -0.46239917 0.00029261  
385         -0.45960000 -0.46239190 0.00029194  
386         -0.46000000 -0.46238570 0.00029124  
387         -0.45640000 -0.46237023 0.00029090  
388         -0.45760000 -0.46235794 0.00029041  
389         -0.45432000 -0.46233728 0.00029040  
390         -0.47032000 -0.46235774 0.00029038  
391         -0.46904000 -0.46237483 0.00029014  
392         -0.46576000 -0.46238347 0.00028953  
393         -0.47504000 -0.46241567 0.00029058  
394         -0.46192000 -0.46241442 0.00028984  
395         -0.46296000 -0.46241580 0.00028911  
396         -0.45552000 -0.46239838 0.00028890  
397         -0.45352000 -0.46237602 0.00028904  
398         -0.46504000 -0.46238271 0.00028839  
399         -0.46376000 -0.46238617 0.00028769  
400         -0.46176000 -0.46238460 0.00028697  
401         -0.46512000 -0.46239142 0.00028634  
402         -0.45704000 -0.46237811 0.00028594  
403         -0.45888000 -0.46236943 0.00028536  
404         -0.45512000 -0.46235149 0.00028522  
405         -0.45904000 -0.46234331 0.00028463  
406         -0.46336000 -0.46234581 0.00028394  
407         -0.46432000 -0.46235066 0.00028328  
408         -0.46088000 -0.46234706 0.00028261  
409         -0.46160000 -0.46234523 0.00028192  
410         -0.45784000 -0.46233424 0.00028145  
411         -0.47512000 -0.46236535 0.00028248  
412         -0.45928000 -0.46235786 0.00028189  
413         -0.46624000 -0.46236726 0.00028137  
414         -0.46872000 -0.46238261 0.00028111  
415         -0.46576000 -0.46239075 0.00028055  
416         -0.46384000 -0.46239423 0.00027989  
417         -0.46448000 -0.46239923 0.00027926  
418         -0.46240000 -0.46239923 0.00027860  
419         -0.45576000 -0.46238339 0.00027838  
420         -0.45880000 -0.46237486 0.00027785  
421         -0.46128000 -0.46237226 0.00027720  
422         -0.46816000 -0.46238597 0.00027688  
423         -0.46904000 -0.46240170 0.00027668  
424         -0.46704000 -0.46241264 0.00027624  
425         -0.45992000 -0.46240678 0.00027565  
426         -0.47024000 -0.46242516 0.00027562  
427         -0.45280000 -0.46240262 0.00027589  
428         -0.47336000 -0.46242822 0.00027644  
429         -0.46352000 -0.46243077 0.00027580  
430         -0.45392000 -0.46241098 0.00027587  
431         -0.46320000 -0.46241281 0.00027524  
432         -0.46328000 -0.46241481 0.00027461  
433         -0.46224000 -0.46241441 0.00027397  
434         -0.46920000 -0.46243005 0.00027379  
435         -0.45856000 -0.46242115 0.00027330  
436         -0.47536000 -0.46245083 0.00027428  
437         -0.46240000 -0.46245071 0.00027365  
438         -0.45992000 -0.46244493 0.00027309  
439         -0.46056000 -0.46244064 0.00027250  
440         -0.46680000 -0.46245055 0.00027206  
441         -0.45584000 -0.46243556 0.00027186  
442         -0.46640000 -0.46244452 0.00027139  
443         -0.46456000 -0.46244930 0.00027082  
444         -0.46480000 -0.46245459 0.00027026  
445         -0.46064000 -0.46245052 0.00026968  
446         -0.45408000 -0.46243175 0.00026973  
447         -0.45544000 -0.46241611 0.00026958  
448         -0.45480000 -0.46239911 0.00026952  
449         -0.45072000 -0.46237310 0.00027017  
450         -0.45976000 -0.46236729 0.00026963  
451         -0.46752000 -0.46237871 0.00026928  
452         -0.46592000 -0.46238655 0.00026879  
453         -0.46240000 -0.46238658 0.00026820  
454         -0.45960000 -0.46238044 0.00026768  
455         -0.47144000 -0.46240035 0.00026783  
456         -0.45256000 -0.46237877 0.00026811  
457         -0.45616000 -0.46236516 0.00026787  
458         -0.46520000 -0.46237135 0.00026736  
459         -0.46208000 -0.46237072 0.00026677  
460         -0.46656000 -0.46237983 0.00026635  
461         -0.46144000 -0.46237779 0.00026578  
462         -0.47136000 -0.46239723 0.00026591  
463         -0.45336000 -0.46237771 0.00026606  
464         -0.45944000 -0.46237138 0.00026556  
465         -0.45480000 -0.46235510 0.00026549  
466         -0.46632000 -0.46236361 0.00026505  
467         -0.46496000 -0.46236916 0.00026454  
468         -0.47320000 -0.46239231 0.00026499  
469         -0.46136000 -0.46239011 0.00026443  
470         -0.46608000 -0.46239796 0.00026399  
471         -0.45896000 -0.46239066 0.00026353  
472         -0.46936000 -0.46240542 0.00026338  
473         -0.47176000 -0.46242520 0.00026357  
474         -0.47040000 -0.46244203 0.00026355  
475         -0.45128000 -0.46241853 0.00026404  
476         -0.45920000 -0.46241176 0.00026357  
477         -0.46144000 -0.46240973 0.00026303  
478         -0.45200000 -0.46238795 0.00026338  
479         -0.45552000 -0.46237361 0.00026322  
480         -0.45952000 -0.46236767 0.00026274  
481         -0.46328000 -0.46236956 0.00026220  
482         -0.45648000 -0.46235734 0.00026194  
483         -0.46000000 -0.46235246 0.00026144  
484         -0.45752000 -0.46234248 0.00026109  
485         -0.46000000 -0.46233765 0.00026060  
486         -0.46176000 -0.46233646 0.00026006  
487         -0.45856000 -0.46232871 0.00025964  
488         -0.45104000 -0.46230557 0.00026014  
489         -0.45944000 -0.46229971 0.00025967  
490         -0.46760000 -0.46231053 0.00025937  
491         -0.46488000 -0.46231576 0.00025889  
492         -0.46288000 -0.46231691 0.00025837  
493         -0.45736000 -0.46230686 0.00025804  
494         -0.46440000 -0.46231109 0.00025755  
495         -0.46360000 -0.46231370 0.00025705  
496         -0.47288000 -0.46233500 0.00025741  
497         -0.46288000 -0.46233610 0.00025689  
498         -0.46304000 -0.46233751 0.00025638  
499         -0.46160000 -0.46233603 0.00025587  
500         -0.45568000 -0.46232272 0.00025571  
501         -0.45752000 -0.46231313 0.00025537  
502         -0.46480000 -0.46231809 0.00025491  
503         -0.46376000 -0.46232095 0.00025442  
504         -0.45808000 -0.46231254 0.00025406  
505         -0.46048000 -0.46230891 0.00025358  
506         -0.45760000 -0.46229960 0.00025325  
507         -0.46696000 -0.46230880 0.00025292  
508         -0.45640000 -0.46229717 0.00025269  
509         -0.45632000 -0.46228542 0.00025246  
510         -0.46232000 -0.46228549 0.00025197  
511         -0.45760000 -0.46227632 0.00025164  
512         -0.47120000 -0.46229375 0.00025175  
513         -0.46672000 -0.46230238 0.00025141  
514         -0.45240000 -0.46228311 0.00025166  
515         -0.46320000 -0.46228489 0.00025117  
516         -0.44832000 -0.46225783 0.00025214  
517         -0.46200000 -0.46225733 0.00025166  
518         -0.46520000 -0.46226301 0.00025123  
519         -0.46208000 -0.46226266 0.00025075  
520         -0.46152000 -0.46226123 0.00025027  
521         -0.46200000 -0.46226073 0.00024979  
522         -0.46688000 -0.46226958 0.00024947  
523         -0.46040000 -0.46226600 0.00024902  
524         -0.46216000 -0.46226580 0.00024854  
525         -0.46048000 -0.46226240 0.00024809  
526         -0.45008000 -0.46223924 0.00024870  
527         -0.45952000 -0.46223408 0.00024828  
528         -0.47768000 -0.46226333 0.00024953  
529         -0.46440000 -0.46226737 0.00024909  
530         -0.45080000 -0.46224574 0.00024956  
531         -0.46792000 -0.46225642 0.00024932  
532         -0.45368000 -0.46224030 0.00024937  
533         -0.47240000 -0.46225936 0.00024963  
534         -0.44928000 -0.46223506 0.00025035  
535         -0.45528000 -0.46222206 0.00025022  
536         -0.45168000 -0.46220239 0.00025052  
537         -0.46016000 -0.46219858 0.00025008  
538         -0.46112000 -0.46219658 0.00024963  
539         -0.45880000 -0.46219028 0.00024924  
540         -0.46104000 -0.46218815 0.00024879  
541         -0.46432000 -0.46219209 0.00024836  
542         -0.46392000 -0.46219528 0.00024792  
543         -0.46304000 -0.46219683 0.00024747  
544         -0.46008000 -0.46219294 0.00024705  
545         -0.46256000 -0.46219361 0.00024659  
546         -0.46328000 -0.46219560 0.00024615  
547         -0.46320000 -0.46219744 0.00024571  
548         -0.47696000 -0.46222438 0.00024673  
549         -0.46424000 -0.46222805 0.00024631  
550         -0.45968000 -0.46222342 0.00024591  
551         -0.46080000 -0.46222083 0.00024547  
552         -0.46480000 -0.46222551 0.00024507  
553         -0.46360000 -0.46222799 0.00024464  
554         -0.46352000 -0.46223032 0.00024421  
555         -0.46280000 -0.46223135 0.00024377  
556         -0.46768000 -0.46224115 0.00024353  
557         -0.47376000 -0.46226183 0.00024397  
558         -0.45080000 -0.46224129 0.00024440  
559         -0.46024000 -0.46223771 0.00024399  
560         -0.45504000 -0.46222486 0.00024389  
561         -0.46768000 -0.46223458 0.00024365  
562         -0.46288000 -0.46223573 0.00024322  
563         -0.46336000 -0.46223773 0.00024279  
564         -0.46360000 -0.46224014 0.00024237  
565         -0.45840000 -0.46223335 0.00024204  
566         -0.46784000 -0.46224325 0.00024182  
567         -0.46400000 -0.46224635 0.00024141  
568         -0.46552000 -0.46225211 0.00024105  
569         -0.47208000 -0.46226938 0.00024125  
570         -0.46176000 -0.46226849 0.00024083  
571         -0.46440000 -0.46227222 0.00024043  
572         -0.45360000 -0.46225706 0.00024049  
573         -0.46568000 -0.46226304 0.00024014  
574         -0.46272000 -0.46226383 0.00023973  
575         -0.46472000 -0.46226810 0.00023935  
576         -0.46032000 -0.46226472 0.00023896  
577         -0.45872000 -0.46225858 0.00023862  
578         -0.46176000 -0.46225772 0.00023821  
579         -0.45608000 -0.46224705 0.00023804  
580         -0.46360000 -0.46224938 0.00023764  
581         -0.45272000 -0.46223298 0.00023779  
582         -0.46312000 -0.46223450 0.00023739  
583         -0.44872000 -0.46221132 0.00023811  
584         -0.45664000 -0.46220178 0.00023790  
585         -0.46512000 -0.46220677 0.00023754  
586         -0.45872000 -0.46220082 0.00023721  
587         -0.45792000 -0.46219353 0.00023692  
588         -0.46176000 -0.46219279 0.00023652  
589         -0.46184000 -0.46219219 0.00023612  
590         -0.47096000 -0.46220705 0.00023618  
591         -0.46488000 -0.46221157 0.00023583  
592         -0.45912000 -0.46220635 0.00023549  
593         -0.46072000 -0.46220384 0.00023510  
594         -0.45784000 -0.46219650 0.00023482  
595         -0.45896000 -0.46219106 0.00023449  
596         -0.45960000 -0.46218671 0.00023413  
597         -0.46376000 -0.46218935 0.00023376  
598         -0.46376000 -0.46219197 0.00023338  
599         -0.45760000 -0.46218431 0.00023312  
600         -0.45800000 -0.46217733 0.00023283  
601         -0.46520000 -0.46218236 0.00023250  
602         -0.46504000 -0.46218711 0.00023216  
603         -0.47064000 -0.46220113 0.00023220  
604         -0.46704000 -0.46220914 0.00023195  
605         -0.45896000 -0.46220377 0.00023163  
606         -0.46864000 -0.46221439 0.00023149  
607         -0.46872000 -0.46222511 0.00023136  
608         -0.45672000 -0.46221605 0.00023116  
609         -0.46480000 -0.46222030 0.00023081  
610         -0.46256000 -0.46222085 0.00023044  
611         -0.46320000 -0.46222245 0.00023007  
612         -0.45944000 -0.46221791 0.00022973  
613         -0.46392000 -0.46222069 0.00022938  
614         -0.45664000 -0.46221160 0.00022918  
615         -0.47024000 -0.46222465 0.00022918  
616         -0.46488000 -0.46222896 0.00022885  
617         -0.47008000 -0.46224169 0.00022883  
618         -0.46208000 -0.46224142 0.00022846  
619         -0.46376000 -0.46224388 0.00022811  
620         -0.45456000 -0.46223148 0.00022807  
621         -0.44864000 -0.46220960 0.00022876  
622         -0.46688000 -0.46221711 0.00022851  
623         -0.46576000 -0.46222279 0.00022822  
624         -0.46992000 -0.46223513 0.00022818  
625         -0.46472000 -0.46223910 0.00022785  
626         -0.47016000 -0.46225176 0.00022784  
627         -0.46456000 -0.46225544 0.00022751  
628         -0.45616000 -0.46224573 0.00022735  
629         -0.46536000 -0.46225068 0.00022704  
630         -0.45688000 -0.46224216 0.00022684  
631         -0.46184000 -0.46224152 0.00022648  
632         -0.46024000 -0.46223835 0.00022615  
633         -0.46032000 -0.46223532 0.00022581  
634         -0.45888000 -0.46223003 0.00022552  
635         -0.45112000 -0.46221254 0.00022584  
636         -0.46840000 -0.46222226 0.00022569  
637         -0.45720000 -0.46221438 0.00022548  
638         -0.46920000 -0.46222533 0.00022539  
639         -0.46624000 -0.46223161 0.00022512  
640         -0.46056000 -0.46222900 0.00022479  
641         -0.46400000 -0.46223176 0.00022445  
642         -0.46752000 -0.46224000 0.00022425  
643         -0.46072000 -0.46223764 0.00022392  
644         -0.45888000 -0.46223242 0.00022363  
645         -0.46888000 -0.46224273 0.00022352  
646         -0.45968000 -0.46223876 0.00022321  
647         -0.47144000 -0.46225298 0.00022332  
648         -0.45456000 -0.46224111 0.00022329  
649         -0.46472000 -0.46224493 0.00022298  
650         -0.45752000 -0.46223766 0.00022275  
651         -0.46200000 -0.46223730 0.00022241  
652         -0.45416000 -0.46222491 0.00022241  
653         -0.45616000 -0.46221562 0.00022227  
654         -0.46256000 -0.46221615 0.00022193  
655         -0.46216000 -0.46221606 0.00022159  
656         -0.45920000 -0.46221146 0.00022130  
657         -0.46352000 -0.46221346 0.00022097  
658         -0.45064000 -0.46219587 0.00022133  
659         -0.46944000 -0.46220686 0.00022127  
660         -0.46488000 -0.46221091 0.00022097  
661         -0.46480000 -0.46221483 0.00022067  
662         -0.46424000 -0.46221789 0.00022036  
663         -0.46072000 -0.46221563 0.00022004  
664         -0.46952000 -0.46222663 0.00021998  
665         -0.46288000 -0.46222761 0.00021966  
666         -0.45600000 -0.46221826 0.00021952  
667         -0.45376000 -0.46220558 0.00021956  
668         -0.46360000 -0.46220766 0.00021924  
669         -0.45264000 -0.46219336 0.00021938  
670         -0.46568000 -0.46219857 0.00021912  
671         -0.46496000 -0.46220268 0.00021883  
672         -0.47024000 -0.46221464 0.00021883  
673         -0.45888000 -0.46220969 0.00021856  
674         -0.45160000 -0.46219395 0.00021880  
675         -0.46808000 -0.46220267 0.00021865  
676         -0.45832000 -0.46219692 0.00021840  
677         -0.46600000 -0.46220254 0.00021815  
678         -0.46232000 -0.46220271 0.00021783  
679         -0.46088000 -0.46220077 0.00021752  
680         -0.47672000 -0.46222212 0.00021825  
681         -0.46120000 -0.46222062 0.00021793  
682         -0.46384000 -0.46222299 0.00021762  
683         -0.45992000 -0.46221962 0.00021733  
684         -0.46280000 -0.46222047 0.00021701  
685         -0.45752000 -0.46221361 0.00021681  
686         -0.46320000 -0.46221504 0.00021649  
687         -0.46744000 -0.46222265 0.00021631  
688         -0.45760000 -0.46221593 0.00021610  
689         -0.46008000 -0.46221283 0.00021581  
690         -0.46024000 -0.46220997 0.00021552  
691         -0.46528000 -0.46221441 0.00021525  
692         -0.45112000 -0.46219838 0.00021554  
693         -0.45784000 -0.46219209 0.00021532  
694         -0.45592000 -0.46218305 0.00021520  
695         -0.46528000 -0.46218751 0.00021493  
696         -0.46704000 -0.46219448 0.00021474  
697         -0.46592000 -0.46219983 0.00021449  
698         -0.47176000 -0.46221352 0.00021462  
699         -0.46520000 -0.46221780 0.00021436  
700         -0.45488000 -0.46220731 0.00021431  
701         -0.45968000 -0.46220371 0.00021403  
702         -0.45808000 -0.46219783 0.00021381  
703         -0.46336000 -0.46219949 0.00021351  
704         -0.45400000 -0.46218784 0.00021353  
705         -0.45672000 -0.46218009 0.00021336  
706         -0.46024000 -0.46217734 0.00021308  
707         -0.46352000 -0.46217924 0.00021279  
708         -0.47056000 -0.46219107 0.00021282  
709         -0.45712000 -0.46218392 0.00021264  
710         -0.45824000 -0.46217837 0.00021241  
711         -0.47432000 -0.46219544 0.00021280  
712         -0.46672000 -0.46220180 0.00021259  
713         -0.46384000 -0.46220410 0.00021231  
714         -0.45912000 -0.46219978 0.00021205  
715         -0.46344000 -0.46220151 0.00021176  
716         -0.45480000 -0.46219117 0.00021172  
717         -0.47216000 -0.46220508 0.00021188  
718         -0.45888000 -0.46220045 0.00021164  
719         -0.46344000 -0.46220217 0.00021135  
720         -0.46208000 -0.46220200 0.00021105  
721         -0.46640000 -0.46220782 0.00021084  
722         -0.46784000 -0.46221562 0.00021069  
723         -0.46168000 -0.46221488 0.00021040  
724         -0.46312000 -0.46221613 0.00021012  
725         -0.46456000 -0.46221937 0.00020985  
726         -0.45976000 -0.46221598 0.00020959  
727         -0.45600000 -0.46220743 0.00020948  
728         -0.47136000 -0.46222000 0.00020957  
729         -0.46312000 -0.46222123 0.00020928  
730         -0.45960000 -0.46221764 0.00020903  
731         -0.46008000 -0.46221472 0.00020876  
732         -0.46888000 -0.46222383 0.00020867  
733         -0.46352000 -0.46222559 0.00020840  
734         -0.45952000 -0.46222191 0.00020814  
735         -0.46776000 -0.46222944 0.00020800  
736         -0.47016000 -0.46224022 0.00020799  
737         -0.46504000 -0.46224402 0.00020775  
738         -0.46480000 -0.46224748 0.00020749  
739         -0.46304000 -0.46224855 0.00020721  
740         -0.45728000 -0.46224184 0.00020704  
741         -0.45944000 -0.46223806 0.00020680  
742         -0.46176000 -0.46223741 0.00020652  
743         -0.46056000 -0.46223515 0.00020625  
744         -0.45808000 -0.46222957 0.00020605  
745         -0.47472000 -0.46224634 0.00020646  
746         -0.44992000 -0.46222981 0.00020684  
747         -0.45896000 -0.46222544 0.00020661  
748         -0.46168000 -0.46222471 0.00020634  
749         -0.46736000 -0.46223156 0.00020617  
750         -0.46384000 -0.46223371 0.00020591  
751         -0.45976000 -0.46223041 0.00020566  
752         -0.45896000 -0.46222606 0.00020544  
753         -0.47112000 -0.46223788 0.00020550  
754         -0.47416000 -0.46225369 0.00020584  
755         -0.45280000 -0.46224117 0.00020595  
756         -0.47176000 -0.46225376 0.00020606  
757         -0.45856000 -0.46224888 0.00020584  
758         -0.46528000 -0.46225288 0.00020561  
759         -0.45744000 -0.46224653 0.00020544  
760         -0.46912000 -0.46225558 0.00020537  
761         -0.46752000 -0.46226250 0.00020521  
762         -0.45336000 -0.46225081 0.00020528  
763         -0.46232000 -0.46225090 0.00020501  
764         -0.45752000 -0.46224471 0.00020483  
765         -0.45848000 -0.46223979 0.00020462  
766         -0.46600000 -0.46224470 0.00020442  
767         -0.45728000 -0.46223823 0.00020425  
768         -0.45576000 -0.46222979 0.00020416  
769         -0.46840000 -0.46223782 0.00020405  
770         -0.46256000 -0.46223823 0.00020379  
771         -0.46200000 -0.46223792 0.00020352  
772         -0.46328000 -0.46223927 0.00020326  
773         -0.46336000 -0.46224072 0.00020301  
774         -0.46200000 -0.46224041 0.00020274  
775         -0.46088000 -0.46223866 0.00020249  
776         -0.46824000 -0.46224639 0.00020238  
777         -0.45872000 -0.46224185 0.00020217  
778         -0.46664000 -0.46224751 0.00020198  
779         -0.46312000 -0.46224863 0.00020173  
780         -0.45640000 -0.46224113 0.00020161  
781         -0.46192000 -0.46224072 0.00020135  
782         -0.45936000 -0.46223703 0.00020113  
783         -0.46080000 -0.46223520 0.00020088  
784         -0.46048000 -0.46223296 0.00020063  
785         -0.45184000 -0.46221972 0.00020082  
786         -0.46392000 -0.46222188 0.00020057  
787         -0.46304000 -0.46222292 0.00020032  
788         -0.45840000 -0.46221807 0.00020012  
789         -0.45200000 -0.46220512 0.00020029  
790         -0.46360000 -0.46220689 0.00020004  
791         -0.46000000 -0.46220410 0.00019981  
792         -0.45904000 -0.46220010 0.00019960  
793         -0.46200000 -0.46219985 0.00019935  
794         -0.46328000 -0.46220121 0.00019910  
795         -0.46872000 -0.46220941 0.00019902  
796         -0.46016000 -0.46220683 0.00019878  
797         -0.46176000 -0.46220627 0.00019854  
798         -0.46136000 -0.46220521 0.00019829  
799         -0.46008000 -0.46220255 0.00019806  
800         -0.46688000 -0.46220840 0.00019790  
801         -0.46552000 -0.46221253 0.00019769  
802         -0.46496000 -0.46221596 0.00019748  
803         -0.46752000 -0.46222257 0.00019734  
804         -0.46112000 -0.46222119 0.00019710  
805         -0.45992000 -0.46221834 0.00019688  
806         -0.46400000 -0.46222055 0.00019664  
807         -0.46888000 -0.46222880 0.00019657  
808         -0.45912000 -0.46222495 0.00019637  
809         -0.46176000 -0.46222438 0.00019613  
810         -0.46072000 -0.46222252 0.00019589  
811         -0.46360000 -0.46222422 0.00019566  
812         -0.46504000 -0.46222768 0.00019545  
813         -0.47288000 -0.46224079 0.00019565  
814         -0.46000000 -0.46223803 0.00019543  
815         -0.45056000 -0.46222371 0.00019571  
816         -0.46512000 -0.46222725 0.00019550  
817         -0.45336000 -0.46221640 0.00019556  
818         -0.46208000 -0.46221623 0.00019533  
819         -0.46656000 -0.46222154 0.00019516  
820         -0.46800000 -0.46222859 0.00019505  
821         -0.46888000 -0.46223669 0.00019498  
822         -0.45392000 -0.46222657 0.00019500  
823         -0.46344000 -0.46222804 0.00019477  
824         -0.46776000 -0.46223476 0.00019465  
825         -0.46960000 -0.46224368 0.00019462  
826         -0.45288000 -0.46223235 0.00019472  
827         -0.46328000 -0.46223362 0.00019448  
828         -0.46392000 -0.46223565 0.00019426  
829         -0.45592000 -0.46222803 0.00019417  
830         -0.46416000 -0.46223036 0.00019395  
831         -0.45880000 -0.46222623 0.00019376  
832         -0.45960000 -0.46222308 0.00019356  
833         -0.46664000 -0.46222838 0.00019340  
834         -0.46648000 -0.46223348 0.00019323  
835         -0.46072000 -0.46223166 0.00019301  
836         -0.45952000 -0.46222842 0.00019281  
837         -0.46192000 -0.46222805 0.00019258  
838         -0.47288000 -0.46224076 0.00019277  
839         -0.45512000 -0.46223228 0.00019272  
840         -0.45984000 -0.46222943 0.00019251  
841         -0.45032000 -0.46221527 0.00019281  
842         -0.46896000 -0.46222328 0.00019274  
843         -0.46936000 -0.46223174 0.00019270  
844         -0.47040000 -0.46224142 0.00019272  
845         -0.46816000 -0.46224843 0.00019261  
846         -0.46080000 -0.46224671 0.00019239  
847         -0.45856000 -0.46224236 0.00019222  
848         -0.47032000 -0.46225189 0.00019223  
849         -0.47248000 -0.46226393 0.00019238  
850         -0.46872000 -0.46227153 0.00019230  
851         -0.46256000 -0.46227187 0.00019207  
852         -0.45976000 -0.46226892 0.00019187  
853         -0.46608000 -0.46227339 0.00019170  
854         -0.46856000 -0.46228075 0.00019162  
855         -0.45552000 -0.46227284 0.00019155  
856         -0.45736000 -0.46226710 0.00019142  
857         -0.45576000 -0.46225951 0.00019134  
858         -0.45752000 -0.46225399 0.00019120  
859         -0.45320000 -0.46224345 0.00019127  
860         -0.46832000 -0.46225051 0.00019118  
861         -0.46376000 -0.46225226 0.00019096  
862         -0.46368000 -0.46225392 0.00019075  
863         -0.46064000 -0.46225205 0.00019054  
864         -0.46536000 -0.46225565 0.00019035  
865         -0.46808000 -0.46226238 0.00019025  
866         -0.45960000 -0.46225931 0.00019005  
867         -0.46080000 -0.46225762 0.00018984  
868         -0.45152000 -0.46224525 0.00019003  
869         -0.47296000 -0.46225758 0.00019021  
870         -0.45520000 -0.46224947 0.00019016  
871         -0.45256000 -0.46223835 0.00019027  
872         -0.45928000 -0.46223495 0.00019008  
873         -0.46664000 -0.46224000 0.00018993  
874         -0.46584000 -0.46224412 0.00018976  
875         -0.46184000 -0.46224366 0.00018954  
876         -0.44792000 -0.46222731 0.00019003  
877         -0.45880000 -0.46222340 0.00018985  
878         -0.46064000 -0.46222159 0.00018964  
879         -0.45616000 -0.46221470 0.00018955  
880         -0.46104000 -0.46221336 0.00018934  
881         -0.47888000 -0.46223228 0.00019007  
882         -0.46656000 -0.46223719 0.00018992  
883         -0.45664000 -0.46223085 0.00018981  
884         -0.45744000 -0.46222543 0.00018967  
885         -0.46376000 -0.46222716 0.00018947  
886         -0.45864000 -0.46222312 0.00018930  
887         -0.46640000 -0.46222782 0.00018914  
888         -0.46296000 -0.46222865 0.00018893  
889         -0.45920000 -0.46222524 0.00018875  
890         -0.47712000 -0.46224198 0.00018928  
891         -0.46904000 -0.46224961 0.00018922  
892         -0.46072000 -0.46224789 0.00018901  
893         -0.46640000 -0.46225254 0.00018886  
894         -0.46080000 -0.46225092 0.00018865  
895         -0.45824000 -0.46224644 0.00018850  
896         -0.45576000 -0.46223920 0.00018843  
897         -0.46320000 -0.46224027 0.00018822  
898         -0.47072000 -0.46224971 0.00018825  
899         -0.45512000 -0.46224178 0.00018820  
900         -0.46248000 -0.46224204 0.00018799  
901         -0.46840000 -0.46224888 0.00018791  
902         -0.46264000 -0.46224931 0.00018770  
903         -0.45848000 -0.46224514 0.00018754  
904         -0.47248000 -0.46225646 0.00018767  
905         -0.45968000 -0.46225361 0.00018749  
906         -0.46768000 -0.46225960 0.00018738  
907         -0.46200000 -0.46225932 0.00018717  
908         -0.46176000 -0.46225877 0.00018697  
909         -0.44960000 -0.46224484 0.00018728  
910         -0.46496000 -0.46224782 0.00018710  
911         -0.46088000 -0.46224632 0.00018690  
912         -0.46776000 -0.46225237 0.00018679  
913         -0.46312000 -0.46225332 0.00018659  
914         -0.45856000 -0.46224928 0.00018643  
915         -0.46712000 -0.46225460 0.00018630  
916         -0.45992000 -0.46225205 0.00018611  
917         -0.46344000 -0.46225335 0.00018591  
918         -0.45168000 -0.46224183 0.00018607  
919         -0.45776000 -0.46223695 0.00018593  
920         -0.46536000 -0.46224035 0.00018576  
921         -0.46448000 -0.46224278 0.00018557  
922         -0.45544000 -0.46223540 0.00018552  
923         -0.45816000 -0.46223099 0.00018537  
924         -0.45920000 -0.46222771 0.00018520  
925         -0.45552000 -0.46222045 0.00018514  
926         -0.45480000 -0.46221244 0.00018511  
927         -0.46312000 -0.46221342 0.00018492  
928         -0.46144000 -0.46221259 0.00018472  
929         -0.46864000 -0.46221950 0.00018465  
930         -0.46456000 -0.46222202 0.00018447  
931         -0.47368000 -0.46223433 0.00018468  
932         -0.46192000 -0.46223399 0.00018448  
933         -0.46416000 -0.46223606 0.00018430  
934         -0.46248000 -0.46223632 0.00018410  
935         -0.45992000 -0.46223384 0.00018392  
936         -0.47024000 -0.46224239 0.00018392  
937         -0.45808000 -0.46223795 0.00018378  
938         -0.46776000 -0.46224384 0.00018368  
939         -0.46192000 -0.46224349 0.00018348  
940         -0.46368000 -0.46224502 0.00018329  
941         -0.46360000 -0.46224646 0.00018310  
942         -0.45016000 -0.46223363 0.00018336  
943         -0.46888000 -0.46224068 0.00018330  
944         -0.46280000 -0.46224127 0.00018311  
945         -0.46560000 -0.46224483 0.00018295  
946         -0.46880000 -0.46225175 0.00018288  
947         -0.46392000 -0.46225352 0.00018270  
948         -0.45328000 -0.46224405 0.00018275  
949         -0.46896000 -0.46225113 0.00018270  
950         -0.46136000 -0.46225019 0.00018251  
951         -0.46112000 -0.46224900 0.00018232  
952         -0.45688000 -0.46224336 0.00018221  
953         -0.45768000 -0.46223857 0.00018209  
954         -0.45824000 -0.46223438 0.00018194  
955         -0.45928000 -0.46223129 0.00018178  
956         -0.45872000 -0.46222762 0.00018163  
957         -0.45368000 -0.46221868 0.00018166  
958         -0.46592000 -0.46222255 0.00018151  
959         -0.46600000 -0.46222649 0.00018136  
960         -0.45728000 -0.46222133 0.00018124  
961         -0.46120000 -0.46222027 0.00018106  
962         -0.46904000 -0.46222736 0.00018101  
963         -0.45960000 -0.46222463 0.00018084  
964         -0.45936000 -0.46222166 0.00018068  
965         -0.46832000 -0.46222798 0.00018060  
966         -0.45400000 -0.46221946 0.00018062  
967         -0.45688000 -0.46221394 0.00018051  
968         -0.45744000 -0.46220901 0.00018039  
969         -0.46192000 -0.46220871 0.00018021  
970         -0.46592000 -0.46221254 0.00018006  
971         -0.46456000 -0.46221495 0.00017989  
972         -0.46016000 -0.46221284 0.00017972  
973         -0.46320000 -0.46221385 0.00017954  
974         -0.46656000 -0.46221832 0.00017941  
975         -0.46256000 -0.46221867 0.00017923  
976         -0.45432000 -0.46221057 0.00017923  
977         -0.46576000 -0.46221421 0.00017908  
978         -0.45416000 -0.46220597 0.00017908  
979         -0.46304000 -0.46220682 0.00017890  
980         -0.46048000 -0.46220506 0.00017873  
981         -0.45920000 -0.46220200 0.00017857  
982         -0.46048000 -0.46220024 0.00017840  
983         -0.46848000 -0.46220663 0.00017833  
984         -0.46208000 -0.46220650 0.00017815  
985         -0.45672000 -0.46220093 0.00017806  
986         -0.46048000 -0.46219919 0.00017789  
987         -0.46008000 -0.46219704 0.00017772  
988         -0.46304000 -0.46219789 0.00017754  
989         -0.44952000 -0.46218508 0.00017782  
990         -0.46576000 -0.46218869 0.00017768  
991         -0.46248000 -0.46218898 0.00017750  
992         -0.44832000 -0.46217500 0.00017787  
993         -0.46480000 -0.46217764 0.00017771  
994         -0.46872000 -0.46218423 0.00017766  
995         -0.47072000 -0.46219280 0.00017769  
996         -0.46712000 -0.46219775 0.00017758  
997         -0.46224000 -0.46219779 0.00017740  
998         -0.46328000 -0.46219888 0.00017722  
999         -0.45248000 -0.46218915 0.00017731  
1000        -0.45920000 -0.46218616 0.00017716  
1001        -0.45904000 -0.46218302 0.00017701  
1002        -0.46304000 -0.46218387 0.00017684  
1003        -0.46976000 -0.46219143 0.00017682  
1004        -0.47032000 -0.46219952 0.00017683  
1005        -0.47376000 -0.46221102 0.00017703  
1006        -0.45592000 -0.46220477 0.00017696  
1007        -0.45544000 -0.46219805 0.00017692  
1008        -0.45656000 -0.46219246 0.00017683  
1009        -0.46704000 -0.46219726 0.00017672  
1010        -0.46096000 -0.46219604 0.00017655  
1011        -0.46144000 -0.46219529 0.00017637  
1012        -0.47000000 -0.46220300 0.00017637  
1013        -0.45552000 -0.46219641 0.00017632  
1014        -0.46296000 -0.46219716 0.00017615  
1015        -0.45968000 -0.46219468 0.00017599  
1016        -0.47064000 -0.46220299 0.00017601  
1017        -0.46176000 -0.46220256 0.00017584  
1018        -0.46544000 -0.46220574 0.00017570  
1019        -0.46232000 -0.46220585 0.00017552  
1020        -0.45856000 -0.46220227 0.00017539  
1021        -0.47352000 -0.46221336 0.00017557  
1022        -0.46728000 -0.46221832 0.00017546  
1023        -0.47280000 -0.46222866 0.00017560  
1024        -0.46288000 -0.46222930 0.00017543  
1025        -0.46288000 -0.46222993 0.00017526  
1026        -0.45912000 -0.46222690 0.00017511  
1027        -0.45984000 -0.46222458 0.00017496  
1028        -0.45808000 -0.46222054 0.00017483  
1029        -0.45896000 -0.46221738 0.00017469  
1030        -0.45992000 -0.46221515 0.00017454  
1031        -0.46096000 -0.46221393 0.00017437  
1032        -0.46432000 -0.46221597 0.00017421  
1033        -0.45880000 -0.46221266 0.00017408  
1034        -0.46624000 -0.46221656 0.00017395  
1035        -0.46656000 -0.46222075 0.00017383  
1036        -0.46304000 -0.46222154 0.00017367  
1037        -0.46776000 -0.46222689 0.00017358  
1038        -0.46464000 -0.46222921 0.00017343  
1039        -0.46128000 -0.46222830 0.00017327  
1040        -0.45408000 -0.46222046 0.00017328  
1041        -0.46624000 -0.46222432 0.00017315  
1042        -0.46128000 -0.46222342 0.00017299  
1043        -0.46328000 -0.46222443 0.00017283  
1044        -0.46656000 -0.46222858 0.00017271  
1045        -0.46344000 -0.46222974 0.00017255  
1046        -0.46592000 -0.46223327 0.00017242  
1047        -0.46744000 -0.46223824 0.00017233  
1048        -0.45600000 -0.46223229 0.00017227  
1049        -0.45792000 -0.46222818 0.00017215  
1050        -0.46080000 -0.46222682 0.00017199  
1051        -0.45872000 -0.46222348 0.00017186  
1052        -0.45408000 -0.46221574 0.00017187  
1053        -0.45736000 -0.46221113 0.00017177  
1054        -0.47288000 -0.46222125 0.00017191  
1055        -0.46560000 -0.46222445 0.00017177  
1056        -0.45520000 -0.46221780 0.00017174  
1057        -0.47592000 -0.46223077 0.00017207  
1058        -0.46816000 -0.46223637 0.00017199  
1059        -0.45920000 -0.46223350 0.00017186  
1060        -0.47480000 -0.46224536 0.00017210  
1061        -0.45256000 -0.46223623 0.00017218  
1062        -0.46424000 -0.46223812 0.00017203  
1063        -0.47216000 -0.46224745 0.00017212  
1064        -0.46240000 -0.46224759 0.00017196  
1065        -0.45672000 -0.46224240 0.00017188  
1066        -0.46120000 -0.46224143 0.00017172  
1067        -0.45496000 -0.46223460 0.00017169  
1068        -0.46064000 -0.46223311 0.00017154  
1069        -0.46760000 -0.46223813 0.00017145  
1070        -0.45560000 -0.46223193 0.00017140  
1071        -0.47160000 -0.46224067 0.00017147  
1072        -0.46072000 -0.46223925 0.00017131  
1073        -0.46816000 -0.46224477 0.00017124  
1074        -0.45616000 -0.46223911 0.00017118  
1075        -0.46448000 -0.46224119 0.00017103  
1076        -0.45712000 -0.46223643 0.00017094  
1077        -0.45984000 -0.46223421 0.00017079  
1078        -0.46496000 -0.46223673 0.00017065  
1079        -0.46032000 -0.46223496 0.00017050  
1080        -0.45840000 -0.46223141 0.00017038  
1081        -0.46104000 -0.46223031 0.00017023  
1082        -0.46792000 -0.46223556 0.00017015  
1083        -0.45704000 -0.46223077 0.00017006  
1084        -0.47200000 -0.46223978 0.00017014  
1085        -0.46440000 -0.46224177 0.00017000  
1086        -0.46168000 -0.46224125 0.00016984  
1087        -0.46584000 -0.46224456 0.00016972  
1088        -0.45488000 -0.46223779 0.00016970  
1089        -0.47504000 -0.46224955 0.00016995  
1090        -0.45896000 -0.46224653 0.00016982  
1091        -0.46720000 -0.46225107 0.00016973  
1092        -0.46944000 -0.46225766 0.00016970  
1093        -0.46976000 -0.46226452 0.00016968  
1094        -0.46112000 -0.46226347 0.00016953  
1095        -0.45912000 -0.46226060 0.00016940  
1096        -0.45432000 -0.46225336 0.00016940  
1097        -0.46352000 -0.46225451 0.00016925  
1098        -0.45360000 -0.46224663 0.00016928  
1099        -0.45800000 -0.46224277 0.00016917  
1100        -0.46504000 -0.46224531 0.00016903  
1101        -0.45352000 -0.46223738 0.00016907  
1102        -0.46376000 -0.46223877 0.00016892  
1103        -0.46048000 -0.46223717 0.00016877  
1104        -0.46296000 -0.46223783 0.00016862  
1105        -0.45752000 -0.46223356 0.00016852  
1106        -0.46408000 -0.46223523 0.00016838  
1107        -0.46672000 -0.46223928 0.00016827  
1108        -0.45936000 -0.46223668 0.00016814  
1109        -0.46440000 -0.46223863 0.00016800  
1110        -0.45840000 -0.46223517 0.00016789  
1111        -0.45032000 -0.46222445 0.00016808  
1112        -0.46968000 -0.46223115 0.00016806  
1113        -0.46040000 -0.46222951 0.00016792  
1114        -0.46648000 -0.46223332 0.00016781  
1115        -0.46672000 -0.46223735 0.00016771  
1116        -0.45824000 -0.46223376 0.00016760  
1117        -0.46304000 -0.46223449 0.00016745  
1118        -0.45104000 -0.46222447 0.00016760  
1119        -0.46064000 -0.46222306 0.00016745  
1120        -0.46504000 -0.46222557 0.00016732  
1121        -0.45896000 -0.46222266 0.00016720  
1122        -0.45704000 -0.46221804 0.00016711  
1123        -0.45544000 -0.46221200 0.00016707  
1124        -0.46064000 -0.46221060 0.00016693  
1125        -0.45624000 -0.46220530 0.00016687  
1126        -0.45728000 -0.46220092 0.00016678  
1127        -0.45848000 -0.46219762 0.00016666  
1128        -0.45952000 -0.46219525 0.00016653  
1129        -0.46488000 -0.46219763 0.00016640  
1130        -0.46232000 -0.46219773 0.00016625  
1131        -0.46944000 -0.46220414 0.00016623  
1132        -0.46864000 -0.46220982 0.00016618  
1133        -0.45704000 -0.46220526 0.00016609  
1134        -0.45728000 -0.46220092 0.00016600  
1135        -0.46384000 -0.46220236 0.00016586  
1136        -0.46224000 -0.46220239 0.00016572  
1137        -0.45272000 -0.46219405 0.00016578  
1138        -0.46704000 -0.46219831 0.00016569  
1139        -0.46272000 -0.46219877 0.00016555  
1140        -0.46552000 -0.46220168 0.00016543  
1141        -0.46216000 -0.46220165 0.00016528  
1142        -0.45264000 -0.46219327 0.00016535  
1143        -0.46688000 -0.46219738 0.00016525  
1144        -0.46056000 -0.46219594 0.00016512  
1145        -0.46136000 -0.46219521 0.00016497  
1146        -0.46552000 -0.46219812 0.00016486  
1147        -0.45912000 -0.46219543 0.00016473  
1148        -0.46168000 -0.46219498 0.00016459  
1149        -0.46320000 -0.46219586 0.00016445  
1150        -0.45832000 -0.46219249 0.00016434  
1151        -0.45560000 -0.46218676 0.00016430  
1152        -0.46536000 -0.46218951 0.00016418  
1153        -0.45992000 -0.46218755 0.00016405  
1154        -0.46144000 -0.46218690 0.00016391  
1155        -0.45504000 -0.46218071 0.00016388  
1156        -0.46248000 -0.46218097 0.00016374  
1157        -0.46464000 -0.46218309 0.00016361  
1158        -0.47088000 -0.46219060 0.00016364  
1159        -0.45440000 -0.46218388 0.00016364  
1160        -0.45832000 -0.46218055 0.00016353  
1161        -0.47008000 -0.46218736 0.00016353  
1162        -0.46336000 -0.46218836 0.00016340  
1163        -0.45560000 -0.46218270 0.00016335  
1164        -0.46128000 -0.46218192 0.00016322  
1165        -0.45536000 -0.46217607 0.00016318  
1166        -0.46896000 -0.46218189 0.00016314  
1167        -0.46048000 -0.46218043 0.00016301  
1168        -0.45344000 -0.46217295 0.00016304  
1169        -0.46736000 -0.46217738 0.00016296  
1170        -0.45776000 -0.46217361 0.00016287  
1171        -0.46752000 -0.46217817 0.00016279  
1172        -0.46656000 -0.46218191 0.00016270  
1173        -0.46952000 -0.46218817 0.00016268  
1174        -0.45896000 -0.46218542 0.00016256  
1175        -0.47424000 -0.46219568 0.00016275  
1176        -0.46520000 -0.46219823 0.00016263  
1177        -0.46680000 -0.46220214 0.00016254  
1178        -0.46152000 -0.46220156 0.00016240  
1179        -0.45688000 -0.46219705 0.00016233  
1180        -0.45848000 -0.46219390 0.00016222  
1181        -0.45704000 -0.46218953 0.00016214  
1182        -0.46624000 -0.46219296 0.00016204  
1183        -0.46544000 -0.46219571 0.00016193  
1184        -0.45616000 -0.46219061 0.00016187  
1185        -0.45968000 -0.46218849 0.00016175  
1186        -0.45536000 -0.46218273 0.00016171  
1187        -0.46232000 -0.46218285 0.00016158  
1188        -0.45520000 -0.46217697 0.00016155  
1189        -0.46200000 -0.46217682 0.00016141  
1190        -0.47040000 -0.46218373 0.00016142  
1191        -0.45312000 -0.46217612 0.00016147  
1192        -0.46088000 -0.46217503 0.00016134  
1193        -0.46704000 -0.46217911 0.00016125  
1194        -0.46408000 -0.46218070 0.00016113  
1195        -0.46568000 -0.46218363 0.00016102  
1196        -0.46448000 -0.46218555 0.00016089  
1197        -0.45552000 -0.46217998 0.00016086  
1198        -0.45960000 -0.46217783 0.00016074  
1199        -0.44912000 -0.46216694 0.00016097  
1200        -0.46064000 -0.46216567 0.00016084  
1201        -0.46624000 -0.46216906 0.00016074  
1202        -0.45280000 -0.46216126 0.00016080  
1203        -0.46856000 -0.46216658 0.00016075  
1204        -0.46552000 -0.46216937 0.00016064  
1205        -0.46056000 -0.46216803 0.00016052  
1206        -0.45696000 -0.46216371 0.00016044  
1207        -0.45240000 -0.46215563 0.00016051  
1208        -0.46000000 -0.46215384 0.00016039  
1209        -0.46344000 -0.46215490 0.00016026  
1210        -0.46864000 -0.46216026 0.00016022  
1211        -0.45840000 -0.46215716 0.00016011  
1212        -0.46256000 -0.46215749 0.00015998  
1213        -0.45840000 -0.46215439 0.00015988  
1214        -0.46040000 -0.46215295 0.00015976  
1215        -0.45936000 -0.46215065 0.00015964  
1216        -0.46712000 -0.46215474 0.00015956  
1217        -0.46392000 -0.46215619 0.00015944  
1218        -0.46584000 -0.46215921 0.00015933  
1219        -0.44400000 -0.46214432 0.00015990  
1220        -0.46240000 -0.46214452 0.00015977  
1221        -0.46416000 -0.46214618 0.00015965  
1222        -0.46184000 -0.46214592 0.00015952  
1223        -0.46816000 -0.46215084 0.00015946  
1224        -0.46304000 -0.46215157 0.00015933  
1225        -0.45792000 -0.46214811 0.00015924  
1226        -0.46248000 -0.46214838 0.00015911  
1227        -0.45928000 -0.46214605 0.00015900  
1228        -0.46624000 -0.46214938 0.00015890  
1229        -0.45632000 -0.46214464 0.00015884  
1230        -0.45960000 -0.46214257 0.00015873  
1231        -0.46456000 -0.46214453 0.00015861  
1232        -0.45992000 -0.46214273 0.00015849  
1233        -0.46864000 -0.46214800 0.00015845  
1234        -0.46016000 -0.46214639 0.00015833  
1235        -0.46072000 -0.46214523 0.00015821  
1236        -0.46176000 -0.46214492 0.00015808  
1237        -0.45744000 -0.46214112 0.00015800  
1238        -0.46776000 -0.46214565 0.00015794  
1239        -0.45944000 -0.46214347 0.00015782  
1240        -0.45872000 -0.46214071 0.00015772  
1241        -0.45632000 -0.46213602 0.00015766  
1242        -0.45552000 -0.46213069 0.00015763  
1243        -0.45824000 -0.46212756 0.00015753  
1244        -0.46576000 -0.46213048 0.00015743  
1245        -0.45528000 -0.46212498 0.00015740  
1246        -0.46480000 -0.46212713 0.00015729  
1247        -0.46968000 -0.46213318 0.00015728  
1248        -0.46376000 -0.46213449 0.00015716  
1249        -0.45496000 -0.46212874 0.00015714  
1250        -0.46192000 -0.46212858 0.00015701  
1251        -0.45856000 -0.46212572 0.00015691  
1252        -0.45608000 -0.46212089 0.00015686  
1253        -0.46288000 -0.46212150 0.00015674  
1254        -0.46168000 -0.46212115 0.00015661  
1255        -0.46480000 -0.46212328 0.00015650  
1256        -0.46856000 -0.46212841 0.00015646  
1257        -0.46136000 -0.46212780 0.00015634  
1258        -0.46264000 -0.46212820 0.00015621  
1259        -0.46072000 -0.46212708 0.00015609  
1260        -0.46240000 -0.46212730 0.00015597  
1261        -0.45624000 -0.46212263 0.00015592  
1262        -0.45656000 -0.46211823 0.00015585  
1263        -0.45688000 -0.46211408 0.00015579  
1264        -0.45832000 -0.46211108 0.00015569  
1265        -0.46032000 -0.46210966 0.00015558  
1266        -0.46712000 -0.46211362 0.00015550  
1267        -0.45696000 -0.46210955 0.00015543  
1268        -0.45952000 -0.46210751 0.00015532  
1269        -0.46392000 -0.46210894 0.00015521  
1270        -0.45080000 -0.46210003 0.00015534  
1271        -0.46024000 -0.46209857 0.00015523  
1272        -0.45928000 -0.46209635 0.00015512  
1273        -0.46472000 -0.46209841 0.00015501  
1274        -0.45648000 -0.46209400 0.00015495  
1275        -0.47144000 -0.46210133 0.00015500  
1276        -0.45808000 -0.46209818 0.00015492  
1277        -0.46328000 -0.46209911 0.00015480  
1278        -0.45920000 -0.46209684 0.00015469  
1279        -0.46344000 -0.46209789 0.00015457  
1280        -0.45592000 -0.46209306 0.00015453  
1281        -0.46224000 -0.46209318 0.00015441  
1282        -0.46272000 -0.46209367 0.00015429  
1283        -0.46800000 -0.46209827 0.00015424  
1284        -0.45592000 -0.46209346 0.00015419  
1285        -0.46296000 -0.46209413 0.00015407  
1286        -0.45944000 -0.46209207 0.00015397  
1287        -0.46848000 -0.46209703 0.00015393  
1288        -0.46752000 -0.46210124 0.00015387  
1289        -0.45616000 -0.46209663 0.00015382  
1290        -0.45280000 -0.46208943 0.00015387  
1291        -0.45968000 -0.46208756 0.00015376  
1292        -0.47040000 -0.46209399 0.00015377  
1293        -0.46424000 -0.46209565 0.00015366  
1294        -0.46048000 -0.46209440 0.00015355  
1295        -0.46160000 -0.46209402 0.00015343  
1296        -0.46200000 -0.46209395 0.00015331  
1297        -0.46136000 -0.46209338 0.00015320  
1298        -0.46560000 -0.46209609 0.00015310  
1299        -0.46672000 -0.46209965 0.00015302  
1300        -0.46248000 -0.46209994 0.00015291  
1301        -0.45776000 -0.46209660 0.00015283  
1302        -0.46344000 -0.46209763 0.00015271  
1303        -0.46712000 -0.46210149 0.00015264  
1304        -0.46208000 -0.46210147 0.00015253  
1305        -0.46832000 -0.46210624 0.00015248  
1306        -0.46888000 -0.46211142 0.00015246  
1307        -0.45224000 -0.46210387 0.00015253  
1308        -0.46792000 -0.46210832 0.00015247  
1309        -0.46360000 -0.46210946 0.00015236  
1310        -0.46040000 -0.46210815 0.00015225  
1311        -0.46752000 -0.46211228 0.00015219  
1312        -0.46344000 -0.46211329 0.00015208  
1313        -0.45464000 -0.46210760 0.00015207  
1314        -0.45992000 -0.46210594 0.00015196  
1315        -0.45960000 -0.46210403 0.00015186  
1316        -0.46888000 -0.46210918 0.00015183  
1317        -0.46168000 -0.46210885 0.00015172  
1318        -0.46384000 -0.46211017 0.00015161  
1319        -0.46000000 -0.46210857 0.00015150  
1320        -0.47248000 -0.46211642 0.00015159  
1321        -0.46016000 -0.46211494 0.00015148  
1322        -0.46552000 -0.46211752 0.00015139  
1323        -0.46152000 -0.46211707 0.00015127  
1324        -0.46592000 -0.46211994 0.00015119  
1325        -0.46536000 -0.46212238 0.00015109  
1326        -0.46672000 -0.46212585 0.00015102  
1327        -0.46080000 -0.46212485 0.00015091  
1328        -0.46568000 -0.46212753 0.00015082  
1329        -0.45712000 -0.46212376 0.00015075  
1330        -0.46640000 -0.46212698 0.00015067  
1331        -0.46064000 -0.46212586 0.00015056  
1332        -0.45768000 -0.46212252 0.00015049  
1333        -0.46232000 -0.46212267 0.00015037  
1334        -0.45952000 -0.46212072 0.00015027  
1335        -0.47136000 -0.46212764 0.00015032  
1336        -0.46824000 -0.46213222 0.00015028  
1337        -0.46528000 -0.46213457 0.00015018  
1338        -0.46016000 -0.46213309 0.00015008  
1339        -0.45456000 -0.46212744 0.00015007  
1340        -0.46136000 -0.46212687 0.00014996  
1341        -0.46544000 -0.46212934 0.00014987  
1342        -0.46288000 -0.46212990 0.00014976  
1343        -0.45856000 -0.46212724 0.00014967  
1344        -0.45952000 -0.46212530 0.00014957  
1345        -0.45360000 -0.46211896 0.00014960  
1346        -0.47376000 -0.46212761 0.00014974  
1347        -0.45496000 -0.46212229 0.00014972  
1348        -0.45864000 -0.46211970 0.00014963  
1349        -0.46672000 -0.46212311 0.00014956  
1350        -0.45696000 -0.46211929 0.00014950  
1351        -0.46256000 -0.46211962 0.00014939  
1352        -0.45360000 -0.46211331 0.00014941  
1353        -0.45776000 -0.46211010 0.00014933  
1354        -0.46944000 -0.46211551 0.00014932  
1355        -0.46528000 -0.46211785 0.00014923  
1356        -0.46216000 -0.46211788 0.00014912  
1357        -0.45264000 -0.46211089 0.00014917  
1358        -0.46480000 -0.46211287 0.00014908  
1359        -0.45696000 -0.46210908 0.00014901  
1360        -0.46552000 -0.46211159 0.00014893  
1361        -0.47136000 -0.46211838 0.00014897  
1362        -0.46224000 -0.46211847 0.00014886  
1363        -0.46784000 -0.46212267 0.00014881  
1364        -0.45856000 -0.46212006 0.00014873  
1365        -0.45984000 -0.46211839 0.00014863  
1366        -0.45976000 -0.46211666 0.00014853  
1367        -0.45328000 -0.46211020 0.00014856  
1368        -0.46272000 -0.46211064 0.00014845  
1369        -0.46104000 -0.46210986 0.00014834  
1370        -0.46688000 -0.46211334 0.00014828  
1371        -0.46696000 -0.46211688 0.00014821  
1372        -0.46136000 -0.46211633 0.00014810  
1373        -0.46336000 -0.46211723 0.00014800  
1374        -0.46784000 -0.46212140 0.00014795  
1375        -0.45608000 -0.46211700 0.00014791  
1376        -0.47160000 -0.46212390 0.00014796  
1377        -0.46176000 -0.46212363 0.00014785  
1378        -0.46808000 -0.46212795 0.00014781  
1379        -0.45464000 -0.46212252 0.00014780  
1380        -0.47608000 -0.46213264 0.00014804  
1381        -0.45952000 -0.46213075 0.00014795  
1382        -0.46136000 -0.46213019 0.00014784  
1383        -0.46008000 -0.46212871 0.00014774  
1384        -0.46552000 -0.46213116 0.00014765  
1385        -0.46608000 -0.46213401 0.00014757  
1386        -0.45704000 -0.46213033 0.00014751  
1387        -0.46808000 -0.46213462 0.00014747  
1388        -0.46088000 -0.46213372 0.00014737  
1389        -0.46048000 -0.46213253 0.00014727  
1390        -0.46136000 -0.46213197 0.00014716  
1391        -0.45992000 -0.46213038 0.00014706  
1392        -0.46600000 -0.46213316 0.00014698  
1393        -0.46008000 -0.46213169 0.00014689  
1394        -0.46296000 -0.46213228 0.00014678  
1395        -0.45472000 -0.46212697 0.00014677  
1396        -0.47240000 -0.46213433 0.00014685  
1397        -0.46944000 -0.46213956 0.00014684  
1398        -0.45816000 -0.46213671 0.00014676  
1399        -0.46104000 -0.46213593 0.00014666  
1400        -0.46768000 -0.46213989 0.00014661  
1401        -0.46768000 -0.46214384 0.00014656  
1402        -0.45936000 -0.46214185 0.00014647  
1403        -0.46560000 -0.46214432 0.00014638  
1404        -0.46424000 -0.46214581 0.00014629  
1405        -0.47000000 -0.46215140 0.00014629  
1406        -0.46128000 -0.46215078 0.00014618  
1407        -0.47104000 -0.46215710 0.00014622  
1408        -0.45736000 -0.46215369 0.00014615  
1409        -0.45840000 -0.46215103 0.00014607  
1410        -0.46728000 -0.46215467 0.00014602  
1411        -0.46008000 -0.46215320 0.00014592  
1412        -0.46944000 -0.46215836 0.00014591  
1413        -0.45728000 -0.46215490 0.00014584  
1414        -0.46608000 -0.46215768 0.00014577  
1415        -0.45984000 -0.46215604 0.00014567  
1416        -0.47480000 -0.46216497 0.00014585  
1417        -0.45624000 -0.46216079 0.00014580  
1418        -0.46200000 -0.46216068 0.00014570  
1419        -0.46464000 -0.46216242 0.00014561  
1420        -0.45824000 -0.46215966 0.00014553  
1421        -0.45912000 -0.46215752 0.00014544  
1422        -0.46272000 -0.46215792 0.00014534  
1423        -0.46392000 -0.46215916 0.00014525  
1424        -0.47056000 -0.46216506 0.00014526  
1425        -0.46184000 -0.46216483 0.00014516  
1426        -0.46096000 -0.46216398 0.00014506  
1427        -0.45768000 -0.46216084 0.00014499  
1428        -0.45616000 -0.46215664 0.00014495  
1429        -0.45384000 -0.46215082 0.00014497  
1430        -0.45696000 -0.46214719 0.00014491  
1431        -0.45856000 -0.46214468 0.00014483  
1432        -0.45480000 -0.46213955 0.00014482  
1433        -0.45240000 -0.46213276 0.00014488  
1434        -0.46160000 -0.46213238 0.00014478  
1435        -0.46928000 -0.46213737 0.00014477  
1436        -0.46008000 -0.46213593 0.00014467  
1437        -0.46544000 -0.46213823 0.00014459  
1438        -0.46888000 -0.46214292 0.00014457  
1439        -0.45704000 -0.46213937 0.00014451  
1440        -0.46632000 -0.46214228 0.00014444  
1441        -0.45896000 -0.46214007 0.00014435  
1442        -0.46920000 -0.46214497 0.00014434  
1443        -0.46072000 -0.46214398 0.00014424  
1444        -0.46632000 -0.46214687 0.00014417  
1445        -0.45784000 -0.46214389 0.00014410  
1446        -0.46264000 -0.46214423 0.00014400  
1447        -0.46520000 -0.46214634 0.00014392  
1448        -0.46368000 -0.46214740 0.00014382  
1449        -0.46736000 -0.46215100 0.00014377  
1450        -0.47264000 -0.46215823 0.00014385  
1451        -0.47120000 -0.46216447 0.00014389  
1452        -0.46272000 -0.46216485 0.00014379  
1453        -0.46688000 -0.46216809 0.00014372  
1454        -0.46848000 -0.46217243 0.00014369  
1455        -0.46664000 -0.46217551 0.00014363  
1456        -0.46216000 -0.46217549 0.00014353  
1457        -0.46552000 -0.46217779 0.00014345  
1458        -0.46576000 -0.46218025 0.00014337  
1459        -0.45768000 -0.46217716 0.00014330  
1460        -0.46304000 -0.46217775 0.00014321  
1461        -0.45944000 -0.46217588 0.00014312  
1462        -0.45192000 -0.46216886 0.00014320  
1463        -0.46176000 -0.46216859 0.00014310  
1464        -0.45560000 -0.46216410 0.00014307  
1465        -0.46408000 -0.46216541 0.00014298  
1466        -0.45800000 -0.46216256 0.00014291  
1467        -0.45368000 -0.46215678 0.00014293  
1468        -0.45632000 -0.46215281 0.00014289  
1469        -0.46352000 -0.46215374 0.00014279  
1470        -0.46224000 -0.46215380 0.00014270  
1471        -0.46320000 -0.46215451 0.00014260  
1472        -0.47464000 -0.46216299 0.00014276  
1473        -0.45552000 -0.46215848 0.00014273  
1474        -0.46600000 -0.46216109 0.00014266  
1475        -0.46160000 -0.46216071 0.00014256  
1476        -0.46136000 -0.46216016 0.00014246  
1477        -0.46288000 -0.46216065 0.00014237  
1478        -0.46856000 -0.46216498 0.00014234  
1479        -0.46408000 -0.46216627 0.00014225  
1480        -0.45640000 -0.46216238 0.00014221  
1481        -0.45392000 -0.46215681 0.00014222  
1482        -0.45824000 -0.46215417 0.00014215  
1483        -0.46488000 -0.46215601 0.00014206  
1484        -0.46496000 -0.46215790 0.00014198  
1485        -0.46416000 -0.46215925 0.00014189  
1486        -0.45848000 -0.46215677 0.00014182  
1487        -0.46616000 -0.46215946 0.00014175  
1488        -0.45344000 -0.46215360 0.00014177  
1489        -0.45720000 -0.46215028 0.00014172  
1490        -0.46088000 -0.46214942 0.00014162  
1491        -0.46848000 -0.46215367 0.00014159  
1492        -0.45672000 -0.46215003 0.00014154  
1493        -0.46032000 -0.46214880 0.00014145  
1494        -0.46360000 -0.46214977 0.00014136  
1495        -0.46304000 -0.46215037 0.00014127  
1496        -0.47304000 -0.46215765 0.00014136  
1497        -0.46912000 -0.46216230 0.00014135  
1498        -0.45464000 -0.46215728 0.00014134  
1499        -0.45792000 -0.46215445 0.00014127  
1500        -0.45600000 -0.46215035 0.00014124  
1501        -0.46120000 -0.46214971 0.00014115  
1502        -0.46088000 -0.46214887 0.00014106  
1503        -0.45896000 -0.46214675 0.00014098  
1504        -0.45592000 -0.46214261 0.00014094  
1505        -0.46128000 -0.46214203 0.00014085  
1506        -0.44624000 -0.46213147 0.00014115  
1507        -0.46808000 -0.46213542 0.00014112  
1508        -0.46696000 -0.46213862 0.00014106  
1509        -0.47280000 -0.46214569 0.00014114  
1510        -0.47616000 -0.46215497 0.00014135  
1511        -0.45968000 -0.46215333 0.00014127  
1512        -0.46568000 -0.46215566 0.00014119  
1513        -0.45992000 -0.46215418 0.00014111  
1514        -0.47408000 -0.46216206 0.00014124  
1515        -0.46248000 -0.46216227 0.00014114  
1516        -0.45800000 -0.46215953 0.00014108  
1517        -0.46024000 -0.46215826 0.00014099  
1518        -0.46480000 -0.46216000 0.00014091  
1519        -0.46568000 -0.46216232 0.00014083  
1520        -0.46088000 -0.46216147 0.00014074  
1521        -0.45912000 -0.46215947 0.00014066  
1522        -0.45632000 -0.46215564 0.00014062  
1523        -0.46688000 -0.46215874 0.00014057  
1524        -0.46432000 -0.46216016 0.00014048  
1525        -0.46368000 -0.46216115 0.00014039  
1526        -0.46112000 -0.46216047 0.00014030  
1527        -0.46880000 -0.46216482 0.00014028  
1528        -0.46544000 -0.46216696 0.00014020  
1529        -0.46944000 -0.46217172 0.00014019  
1530        -0.46744000 -0.46217516 0.00014014  
1531        -0.46128000 -0.46217458 0.00014005  
1532        -0.46520000 -0.46217655 0.00013997  
1533        -0.46304000 -0.46217712 0.00013988  
1534        -0.46264000 -0.46217742 0.00013979  
1535        -0.45912000 -0.46217543 0.00013972  
1536        -0.46576000 -0.46217776 0.00013964  
1537        -0.46704000 -0.46218092 0.00013959  
1538        -0.46472000 -0.46218257 0.00013951  
1539        -0.46112000 -0.46218188 0.00013942  
1540        -0.46048000 -0.46218078 0.00013933  
1541        -0.46536000 -0.46218284 0.00013926  
1542        -0.47072000 -0.46218838 0.00013928  
1543        -0.46400000 -0.46218955 0.00013919  
1544        -0.46384000 -0.46219062 0.00013911  
1545        -0.46976000 -0.46219552 0.00013910  
1546        -0.46752000 -0.46219897 0.00013906  
1547        -0.46984000 -0.46220390 0.00013905  
1548        -0.45224000 -0.46219747 0.00013911  
1549        -0.46152000 -0.46219703 0.00013902  
1550        -0.46000000 -0.46219561 0.00013894  
1551        -0.45992000 -0.46219415 0.00013886  
1552        -0.46240000 -0.46219428 0.00013877  
1553        -0.45920000 -0.46219235 0.00013869  
1554        -0.46384000 -0.46219341 0.00013861  
1555        -0.46480000 -0.46219509 0.00013853  
1556        -0.45880000 -0.46219290 0.00013846  
1557        -0.46992000 -0.46219787 0.00013846  
1558        -0.46488000 -0.46219959 0.00013838  
1559        -0.46672000 -0.46220249 0.00013832  
1560        -0.45776000 -0.46219964 0.00013826  
1561        -0.46616000 -0.46220218 0.00013820  
1562        -0.45888000 -0.46220005 0.00013812  
1563        -0.46392000 -0.46220115 0.00013804  
1564        -0.45296000 -0.46219524 0.00013808  
1565        -0.45800000 -0.46219256 0.00013802  
1566        -0.46536000 -0.46219458 0.00013794  
1567        -0.46080000 -0.46219369 0.00013786  
1568        -0.45776000 -0.46219087 0.00013780  
1569        -0.46056000 -0.46218983 0.00013771  
1570        -0.46024000 -0.46218859 0.00013763  
1571        -0.45776000 -0.46218577 0.00013757  
1572        -0.46776000 -0.46218931 0.00013753  
1573        -0.46288000 -0.46218975 0.00013744  
1574        -0.45952000 -0.46218806 0.00013737  
1575        -0.46208000 -0.46218799 0.00013728  
1576        -0.46072000 -0.46218706 0.00013720  
1577        -0.45776000 -0.46218425 0.00013714  
1578        -0.47112000 -0.46218991 0.00013717  
1579        -0.46664000 -0.46219273 0.00013711  
1580        -0.46144000 -0.46219225 0.00013702  
1581        -0.45488000 -0.46218763 0.00013702  
1582        -0.46528000 -0.46218958 0.00013694  
1583        -0.45656000 -0.46218603 0.00013690  
1584        -0.46992000 -0.46219091 0.00013690  
1585        -0.45472000 -0.46218620 0.00013690  
1586        -0.47096000 -0.46219173 0.00013692  
1587        -0.46208000 -0.46219166 0.00013684  
1588        -0.45560000 -0.46218751 0.00013681  
1589        -0.45752000 -0.46218457 0.00013676  
1590        -0.46768000 -0.46218803 0.00013672  
1591        -0.46304000 -0.46218856 0.00013663  
1592        -0.46400000 -0.46218970 0.00013655  
1593        -0.45872000 -0.46218752 0.00013648  
1594        -0.46392000 -0.46218861 0.00013640  
1595        -0.45912000 -0.46218668 0.00013633  
1596        -0.47008000 -0.46219163 0.00013633  
1597        -0.46768000 -0.46219507 0.00013629  
1598        -0.46392000 -0.46219615 0.00013621  
1599        -0.46248000 -0.46219632 0.00013613  
1600        -0.47192000 -0.46220240 0.00013618  
1601        -0.46560000 -0.46220452 0.00013611  
1602        -0.46272000 -0.46220484 0.00013602  
1603        -0.46408000 -0.46220601 0.00013594  
1604        -0.45936000 -0.46220424 0.00013587  
1605        -0.45256000 -0.46219823 0.00013592  
1606        -0.45784000 -0.46219552 0.00013586  
1607        -0.46992000 -0.46220032 0.00013586  
1608        -0.45384000 -0.46219512 0.00013588  
1609        -0.46120000 -0.46219451 0.00013579  
1610        -0.46000000 -0.46219314 0.00013572  
1611        -0.46136000 -0.46219263 0.00013563  
1612        -0.47056000 -0.46219782 0.00013565  
1613        -0.46048000 -0.46219675 0.00013557  
1614        -0.46192000 -0.46219658 0.00013548  
1615        -0.45064000 -0.46218942 0.00013559  
1616        -0.46952000 -0.46219396 0.00013558  
1617        -0.45696000 -0.46219072 0.00013554  
1618        -0.45832000 -0.46218833 0.00013547  
1619        -0.46200000 -0.46218821 0.00013539  
1620        -0.46984000 -0.46219294 0.00013539  
1621        -0.45944000 -0.46219124 0.00013532  
1622        -0.46336000 -0.46219196 0.00013523  
1623        -0.45896000 -0.46218997 0.00013516  
1624        -0.46760000 -0.46219330 0.00013512  
1625        -0.45856000 -0.46219106 0.00013506  
1626        -0.46016000 -0.46218982 0.00013498  
1627        -0.44712000 -0.46218055 0.00013522  
1628        -0.46984000 -0.46218526 0.00013521  
1629        -0.45336000 -0.46217984 0.00013524  
1630        -0.46080000 -0.46217899 0.00013516  
1631        -0.46448000 -0.46218040 0.00013508  
1632        -0.46432000 -0.46218172 0.00013501  
1633        -0.45800000 -0.46217915 0.00013495  
1634        -0.47320000 -0.46218590 0.00013503  
1635        -0.46328000 -0.46218657 0.00013495  
1636        -0.46712000 -0.46218958 0.00013491  
1637        -0.46912000 -0.46219382 0.00013489  
1638        -0.44952000 -0.46218608 0.00013503  
1639        -0.45720000 -0.46218304 0.00013498  
1640        -0.46896000 -0.46218717 0.00013496  
1641        -0.45472000 -0.46218262 0.00013496  
1642        -0.46528000 -0.46218451 0.00013489  
1643        -0.46576000 -0.46218668 0.00013482  
1644        -0.47064000 -0.46219182 0.00013484  
1645        -0.46536000 -0.46219375 0.00013477  
1646        -0.45608000 -0.46219004 0.00013474  
1647        -0.46328000 -0.46219070 0.00013466  
1648        -0.46336000 -0.46219141 0.00013458  
1649        -0.46112000 -0.46219076 0.00013450  
1650        -0.46256000 -0.46219098 0.00013442  
1651        -0.46072000 -0.46219009 0.00013434  
1652        -0.45136000 -0.46218354 0.00013442  
1653        -0.46368000 -0.46218444 0.00013434  
1654        -0.45976000 -0.46218297 0.00013427  
1655        -0.45608000 -0.46217929 0.00013424  
1656        -0.46552000 -0.46218130 0.00013417  
1657        -0.45992000 -0.46217994 0.00013410  
1658        -0.45256000 -0.46217414 0.00013414  
1659        -0.45304000 -0.46216863 0.00013417  
1660        -0.47008000 -0.46217340 0.00013418  
1661        -0.47056000 -0.46217845 0.00013419  
1662        -0.47072000 -0.46218359 0.00013421  
1663        -0.45136000 -0.46217708 0.00013429  
1664        -0.46888000 -0.46218111 0.00013427  
1665        -0.47304000 -0.46218763 0.00013434  
1666        -0.46560000 -0.46218968 0.00013428  
1667        -0.46688000 -0.46219249 0.00013423  
1668        -0.46192000 -0.46219233 0.00013415  
1669        -0.46320000 -0.46219293 0.00013407  
1670        -0.46136000 -0.46219243 0.00013399  
1671        -0.46488000 -0.46219404 0.00013392  
1672        -0.46856000 -0.46219785 0.00013389  
1673        -0.46024000 -0.46219668 0.00013382  
1674        -0.45672000 -0.46219341 0.00013378  
1675        -0.45840000 -0.46219114 0.00013372  
1676        -0.45792000 -0.46218859 0.00013366  
1677        -0.46432000 -0.46218986 0.00013359  
1678        -0.45440000 -0.46218522 0.00013359  
1679        -0.46960000 -0.46218964 0.00013358  
1680        -0.46208000 -0.46218957 0.00013350  
1681        -0.46472000 -0.46219108 0.00013343  
1682        -0.45536000 -0.46218702 0.00013341  
1683        -0.45512000 -0.46218282 0.00013340  
1684        -0.46552000 -0.46218480 0.00013334  
1685        -0.46688000 -0.46218758 0.00013329  
1686        -0.46896000 -0.46219160 0.00013327  
1687        -0.45272000 -0.46218599 0.00013331  
1688        -0.47344000 -0.46219265 0.00013339  
1689        -0.47072000 -0.46219770 0.00013341  
1690        -0.45912000 -0.46219588 0.00013334  
1691        -0.46640000 -0.46219837 0.00013329  
1692        -0.46408000 -0.46219948 0.00013321  
1693        -0.45704000 -0.46219643 0.00013317  
1694        -0.46248000 -0.46219660 0.00013309  
1695        -0.47040000 -0.46220144 0.00013310  
1696        -0.46992000 -0.46220599 0.00013310  
1697        -0.45840000 -0.46220375 0.00013304  
1698        -0.46744000 -0.46220683 0.00013300  
1699        -0.47040000 -0.46221165 0.00013301  
1700        -0.46392000 -0.46221266 0.00013293  
1701        -0.46592000 -0.46221484 0.00013287  
1702        -0.46304000 -0.46221532 0.00013280  
1703        -0.46400000 -0.46221637 0.00013272  
1704        -0.45472000 -0.46221197 0.00013272  
1705        -0.46784000 -0.46221527 0.00013268  
1706        -0.47232000 -0.46222120 0.00013273  
1707        -0.45464000 -0.46221675 0.00013273  
1708        -0.46160000 -0.46221639 0.00013265  
1709        -0.47104000 -0.46222156 0.00013268  
1710        -0.45328000 -0.46221633 0.00013270  
1711        -0.45440000 -0.46221176 0.00013270  
1712        -0.45856000 -0.46220963 0.00013264  
1713        -0.46800000 -0.46221301 0.00013261  
1714        -0.46112000 -0.46221237 0.00013253  
1715        -0.46408000 -0.46221346 0.00013246  
1716        -0.46920000 -0.46221753 0.00013245  
1717        -0.46232000 -0.46221759 0.00013237  
1718        -0.46144000 -0.46221714 0.00013229  
1719        -0.46752000 -0.46222022 0.00013225  
1720        -0.46088000 -0.46221944 0.00013218  
1721        -0.47144000 -0.46222480 0.00013221  
1722        -0.46448000 -0.46222611 0.00013214  
1723        -0.44496000 -0.46221609 0.00013244  
1724        -0.46216000 -0.46221606 0.00013236  
1725        -0.45104000 -0.46220958 0.00013245  
1726        -0.46424000 -0.46221075 0.00013237  
1727        -0.45560000 -0.46220693 0.00013235  
1728        -0.46216000 -0.46220690 0.00013228  
1729        -0.46488000 -0.46220844 0.00013221  
1730        -0.46048000 -0.46220745 0.00013214  
1731        -0.46072000 -0.46220659 0.00013206  
1732        -0.46216000 -0.46220656 0.00013199  
1733        -0.46240000 -0.46220667 0.00013191  
1734        -0.46304000 -0.46220715 0.00013183  
1735        -0.46520000 -0.46220888 0.00013177  
1736        -0.46792000 -0.46221217 0.00013174  
1737        -0.46504000 -0.46221379 0.00013167  
1738        -0.45456000 -0.46220939 0.00013167  
1739        -0.45976000 -0.46220798 0.00013160  
1740        -0.45096000 -0.46220152 0.00013168  
1741        -0.47160000 -0.46220692 0.00013172  
1742        -0.45880000 -0.46220496 0.00013166  
1743        -0.45712000 -0.46220204 0.00013161  
1744        -0.46344000 -0.46220275 0.00013154  
1745        -0.46680000 -0.46220539 0.00013149  
1746        -0.46640000 -0.46220779 0.00013144  
1747        -0.45992000 -0.46220648 0.00013137  
1748        -0.46144000 -0.46220604 0.00013129  
1749        -0.46440000 -0.46220730 0.00013122  
1750        -0.46504000 -0.46220891 0.00013116  
1751        -0.46456000 -0.46221026 0.00013109  
1752        -0.45712000 -0.46220735 0.00013105  
1753        -0.46072000 -0.46220650 0.00013098  
1754        -0.46104000 -0.46220584 0.00013090  
1755        -0.45336000 -0.46220080 0.00013093  
1756        -0.45328000 -0.46219572 0.00013095  
1757        -0.46488000 -0.46219725 0.00013088  
1758        -0.46448000 -0.46219854 0.00013082  
1759        -0.45224000 -0.46219288 0.00013086  
1760        -0.47016000 -0.46219741 0.00013087  
1761        -0.45632000 -0.46219407 0.00013084  
1762        -0.45616000 -0.46219065 0.00013081  
1763        -0.46872000 -0.46219435 0.00013079  
1764        -0.45888000 -0.46219247 0.00013073  
1765        -0.46304000 -0.46219295 0.00013065  
1766        -0.45568000 -0.46218926 0.00013063  
1767        -0.46856000 -0.46219287 0.00013061  
1768        -0.46528000 -0.46219462 0.00013054  
1769        -0.46888000 -0.46219839 0.00013052  
1770        -0.46672000 -0.46220095 0.00013048  
1771        -0.46616000 -0.46220318 0.00013042  
1772        -0.45920000 -0.46220149 0.00013036  
1773        -0.46552000 -0.46220336 0.00013030  
1774        -0.45632000 -0.46220005 0.00013027  
1775        -0.46776000 -0.46220318 0.00013023  
1776        -0.46184000 -0.46220297 0.00013016  
1777        -0.46496000 -0.46220452 0.00013009  
1778        -0.45536000 -0.46220067 0.00013008  
1779        -0.45160000 -0.46219472 0.00013014  
1780        -0.46192000 -0.46219456 0.00013007  
1781        -0.46000000 -0.46219333 0.00013000  
1782        -0.45776000 -0.46219084 0.00012995  
1783        -0.46512000 -0.46219248 0.00012989  
1784        -0.45504000 -0.46218848 0.00012988  
1785        -0.46832000 -0.46219191 0.00012985  
1786        -0.47872000 -0.46220116 0.00013011  
1787        -0.45984000 -0.46219984 0.00013004  
1788        -0.46552000 -0.46220170 0.00012998  
1789        -0.46896000 -0.46220548 0.00012996  
1790        -0.46656000 -0.46220791 0.00012991  
1791        -0.46904000 -0.46221173 0.00012990  
1792        -0.46336000 -0.46221237 0.00012983  
1793        -0.46344000 -0.46221305 0.00012976  
1794        -0.45888000 -0.46221119 0.00012970  
1795        -0.45128000 -0.46220510 0.00012977  
1796        -0.46040000 -0.46220410 0.00012970  
1797        -0.46816000 -0.46220741 0.00012967  
1798        -0.46200000 -0.46220730 0.00012960  
1799        -0.46376000 -0.46220816 0.00012953  
1800        -0.45712000 -0.46220533 0.00012949  
1801        -0.46304000 -0.46220580 0.00012942  
1802        -0.46992000 -0.46221008 0.00012942  
1803        -0.46344000 -0.46221076 0.00012935  
1804        -0.45968000 -0.46220936 0.00012928  
1805        -0.45728000 -0.46220663 0.00012924  
1806        -0.45680000 -0.46220363 0.00012920  
1807        -0.46888000 -0.46220733 0.00012918  
1808        -0.46032000 -0.46220628 0.00012912  
1809        -0.45504000 -0.46220232 0.00012911  
1810        -0.46424000 -0.46220345 0.00012904  
1811        -0.46256000 -0.46220364 0.00012897  
1812        -0.46568000 -0.46220556 0.00012891  
1813        -0.45528000 -0.46220174 0.00012890  
1814        -0.46712000 -0.46220445 0.00012885  
1815        -0.46424000 -0.46220558 0.00012879  
1816        -0.46872000 -0.46220916 0.00012877  
1817        -0.45904000 -0.46220742 0.00012871  
1818        -0.46592000 -0.46220946 0.00012865  
1819        -0.45744000 -0.46220684 0.00012861  
1820        -0.45904000 -0.46220510 0.00012855  
1821        -0.46096000 -0.46220442 0.00012848  
1822        -0.45856000 -0.46220241 0.00012843  
1823        -0.47168000 -0.46220761 0.00012846  
1824        -0.46456000 -0.46220890 0.00012840  
1825        -0.46360000 -0.46220967 0.00012833  
1826        -0.47016000 -0.46221402 0.00012833  
1827        -0.46576000 -0.46221596 0.00012828  
1828        -0.45232000 -0.46221055 0.00012832  
1829        -0.45528000 -0.46220676 0.00012831  
1830        -0.46672000 -0.46220922 0.00012826  
1831        -0.46480000 -0.46221064 0.00012820  
1832        -0.45960000 -0.46220921 0.00012814  
1833        -0.46728000 -0.46221198 0.00012810  
1834        -0.47264000 -0.46221767 0.00012815  
1835        -0.45576000 -0.46221415 0.00012813  
1836        -0.46656000 -0.46221651 0.00012808  
1837        -0.46256000 -0.46221670 0.00012801  
1838        -0.45576000 -0.46221319 0.00012799  
1839        -0.45872000 -0.46221129 0.00012794  
1840        -0.46488000 -0.46221274 0.00012788  
1841        -0.46312000 -0.46221323 0.00012781  
1842        -0.45584000 -0.46220977 0.00012778  
1843        -0.45880000 -0.46220792 0.00012773  
1844        -0.47160000 -0.46221302 0.00012776  
1845        -0.44888000 -0.46220579 0.00012790  
1846        -0.45744000 -0.46220321 0.00012785  
1847        -0.46016000 -0.46220210 0.00012779  
1848        -0.45104000 -0.46219606 0.00012786  
1849        -0.46272000 -0.46219634 0.00012779  
1850        -0.46736000 -0.46219914 0.00012775  
1851        -0.46128000 -0.46219864 0.00012769  
1852        -0.45992000 -0.46219741 0.00012762  
1853        -0.46376000 -0.46219825 0.00012756  
1854        -0.46464000 -0.46219957 0.00012749  
1855        -0.46448000 -0.46220080 0.00012743  
1856        -0.46528000 -0.46220246 0.00012737  
1857        -0.45736000 -0.46219985 0.00012733  
1858        -0.46608000 -0.46220194 0.00012728  
1859        -0.46048000 -0.46220101 0.00012722  
1860        -0.46096000 -0.46220034 0.00012715  
1861        -0.46184000 -0.46220015 0.00012708  
1862        -0.45504000 -0.46219631 0.00012707  
1863        -0.46256000 -0.46219650 0.00012700  
1864        -0.45912000 -0.46219485 0.00012695  
1865        -0.45776000 -0.46219247 0.00012690  
1866        -0.46048000 -0.46219155 0.00012683  
1867        -0.45960000 -0.46219017 0.00012677  
1868        -0.46568000 -0.46219203 0.00012672  
1869        -0.45872000 -0.46219018 0.00012667  
1870        -0.45872000 -0.46218832 0.00012661  
1871        -0.45944000 -0.46218685 0.00012655  
1872        -0.46088000 -0.46218615 0.00012649  
1873        -0.46848000 -0.46218951 0.00012646  
1874        -0.46376000 -0.46219035 0.00012640  
1875        -0.46200000 -0.46219025 0.00012633  
1876        -0.47136000 -0.46219514 0.00012636  
1877        -0.45960000 -0.46219376 0.00012630  
1878        -0.46752000 -0.46219659 0.00012626  
1879        -0.47368000 -0.46220270 0.00012634  
1880        -0.46448000 -0.46220391 0.00012628  
1881        -0.46424000 -0.46220500 0.00012622  
1882        -0.46800000 -0.46220808 0.00012619  
1883        -0.46336000 -0.46220869 0.00012613  
1884        -0.46952000 -0.46221257 0.00012612  
1885        -0.46592000 -0.46221454 0.00012607  
1886        -0.46456000 -0.46221578 0.00012601  
1887        -0.46000000 -0.46221461 0.00012594  
1888        -0.46560000 -0.46221640 0.00012589  
1889        -0.45912000 -0.46221476 0.00012583  
1890        -0.45976000 -0.46221346 0.00012577  
1891        -0.46320000 -0.46221398 0.00012571  
1892        -0.45616000 -0.46221078 0.00012568  
1893        -0.46400000 -0.46221173 0.00012562  
1894        -0.46152000 -0.46221136 0.00012556  
1895        -0.45848000 -0.46220939 0.00012550  
1896        -0.46064000 -0.46220857 0.00012544  
1897        -0.45808000 -0.46220639 0.00012539  
1898        -0.47160000 -0.46221134 0.00012543  
1899        -0.46504000 -0.46221283 0.00012537  
1900        -0.46032000 -0.46221183 0.00012531  
1901        -0.45728000 -0.46220924 0.00012527  
1902        -0.46344000 -0.46220988 0.00012520  
1903        -0.46528000 -0.46221150 0.00012515  
1904        -0.46904000 -0.46221508 0.00012513  
1905        -0.45968000 -0.46221375 0.00012507  
1906        -0.45880000 -0.46221196 0.00012502  
1907        -0.45376000 -0.46220753 0.00012503  
1908        -0.45520000 -0.46220386 0.00012502  
1909        -0.46384000 -0.46220471 0.00012496  
1910        -0.46552000 -0.46220645 0.00012491  
1911        -0.46960000 -0.46221032 0.00012490  
1912        -0.45792000 -0.46220808 0.00012486  
1913        -0.47640000 -0.46221549 0.00012501  
1914        -0.45752000 -0.46221304 0.00012497  
1915        -0.45752000 -0.46221059 0.00012493  
1916        -0.46400000 -0.46221152 0.00012487  
1917        -0.46736000 -0.46221421 0.00012483  
1918        -0.46752000 -0.46221698 0.00012480  
1919        -0.46176000 -0.46221674 0.00012473  
1920        -0.45688000 -0.46221396 0.00012470  
1921        -0.46616000 -0.46221601 0.00012465  
1922        -0.46656000 -0.46221827 0.00012461  
1923        -0.46864000 -0.46222161 0.00012459  
1924        -0.45656000 -0.46221867 0.00012456  
1925        -0.46392000 -0.46221955 0.00012449  
1926        -0.45864000 -0.46221769 0.00012444  
1927        -0.46184000 -0.46221750 0.00012438  
1928        -0.46560000 -0.46221925 0.00012433  
1929        -0.47096000 -0.46222378 0.00012434  
1930        -0.46192000 -0.46222363 0.00012428  
1931        -0.45488000 -0.46221982 0.00012427  
1932        -0.45128000 -0.46221416 0.00012434  
1933        -0.46304000 -0.46221459 0.00012427  
1934        -0.45936000 -0.46221311 0.00012422  
1935        -0.45776000 -0.46221081 0.00012418  
1936        -0.45912000 -0.46220921 0.00012412  
1937        -0.46176000 -0.46220898 0.00012406  
1938        -0.46232000 -0.46220904 0.00012399  
1939        -0.46200000 -0.46220893 0.00012393  
1940        -0.45736000 -0.46220643 0.00012389  
1941        -0.46944000 -0.46221016 0.00012388  
1942        -0.47112000 -0.46221475 0.00012391  
1943        -0.46424000 -0.46221579 0.00012385  
1944        -0.46112000 -0.46221523 0.00012378  
1945        -0.46480000 -0.46221656 0.00012373  
1946        -0.46880000 -0.46221994 0.00012371  
1947        -0.45904000 -0.46221831 0.00012366  
1948        -0.46056000 -0.46221745 0.00012360  
1949        -0.46088000 -0.46221677 0.00012353  
1950        -0.46088000 -0.46221608 0.00012347  
1951        -0.45680000 -0.46221331 0.00012344  
1952        -0.46592000 -0.46221520 0.00012339  
1953        -0.45496000 -0.46221149 0.00012339  
1954        -0.46440000 -0.46221261 0.00012333  
1955        -0.46320000 -0.46221312 0.00012327  
1956        -0.46640000 -0.46221526 0.00012322  
1957        -0.46048000 -0.46221437 0.00012316  
1958        -0.46480000 -0.46221569 0.00012311  
1959        -0.46912000 -0.46221921 0.00012309  
1960        -0.45824000 -0.46221718 0.00012305  
1961        -0.46528000 -0.46221875 0.00012299  
1962        -0.46440000 -0.46221986 0.00012294  
1963        -0.46584000 -0.46222170 0.00012289  
1964        -0.46544000 -0.46222334 0.00012284  
1965        -0.45984000 -0.46222213 0.00012278  
1966        -0.45464000 -0.46221827 0.00012278  
1967        -0.44864000 -0.46221137 0.00012291  
1968        -0.45384000 -0.46220711 0.00012292  
1969        -0.45768000 -0.46220481 0.00012288  
1970        -0.46328000 -0.46220536 0.00012282  
1971        -0.46448000 -0.46220651 0.00012276  
1972        -0.46240000 -0.46220661 0.00012270  
1973        -0.46832000 -0.46220971 0.00012268  
1974        -0.46112000 -0.46220916 0.00012261  
1975        -0.45624000 -0.46220614 0.00012259  
1976        -0.46552000 -0.46220781 0.00012254  
1977        -0.46624000 -0.46220985 0.00012249  
1978        -0.45840000 -0.46220793 0.00012245  
1979        -0.45792000 -0.46220576 0.00012240  
1980        -0.46056000 -0.46220493 0.00012235  
1981        -0.45296000 -0.46220026 0.00012237  
1982        -0.46776000 -0.46220307 0.00012234  
1983        -0.45960000 -0.46220175 0.00012229  
1984        -0.46312000 -0.46220222 0.00012223  
1985        -0.46160000 -0.46220191 0.00012217  
1986        -0.45920000 -0.46220040 0.00012211  
1987        -0.46168000 -0.46220014 0.00012205  
1988        -0.45864000 -0.46219835 0.00012201  
1989        -0.45872000 -0.46219660 0.00012196  
1990        -0.45784000 -0.46219441 0.00012191  
1991        -0.46336000 -0.46219500 0.00012186  
1992        -0.45496000 -0.46219137 0.00012185  
1993        -0.46120000 -0.46219087 0.00012179  
1994        -0.47072000 -0.46219515 0.00012180  
1995        -0.46680000 -0.46219745 0.00012176  
1996        -0.44992000 -0.46219130 0.00012186  
1997        -0.45888000 -0.46218964 0.00012181  
1998        -0.46296000 -0.46219003 0.00012175  
1999        -0.45344000 -0.46218565 0.00012176  
2000        -0.46480000 -0.46218696 0.00012171  
