1           0.18583608  0.18583608  0.00000000  
2           0.20192128  0.19387868  0.00804260  
3           0.19863608  0.19546448  0.00490672  
4           0.20901728  0.19885268  0.00484952  
5           0.21108192  0.20129853  0.00448251  
6           0.20273632  0.20153816  0.00366779  
7           0.19530752  0.20064807  0.00322511  
8           0.22003712  0.20307170  0.00369797  
9           0.21384192  0.20426839  0.00347393  
10          0.19385952  0.20322750  0.00327689  
11          0.22624128  0.20531967  0.00362805  
12          0.21078200  0.20577486  0.00334308  
13          0.19460472  0.20491562  0.00319297  
14          0.18076800  0.20319079  0.00342252  
15          0.20006072  0.20298212  0.00319302  
16          0.19500088  0.20248329  0.00302817  
17          0.18737408  0.20159451  0.00298009  
18          0.18975352  0.20093668  0.00288563  
19          0.20812408  0.20131496  0.00275563  
20          0.19276800  0.20088762  0.00264892  
21          0.19792312  0.20074645  0.00252357  
22          0.20832992  0.20109115  0.00243070  
23          0.19398200  0.20078206  0.00234309  
24          0.21425912  0.20134360  0.00231255  
25          0.22058208  0.20211314  0.00234782  
26          0.20774200  0.20232964  0.00226608  
27          0.20075448  0.20227130  0.00218131  
28          0.19876472  0.20214606  0.00210569  
29          0.21026232  0.20242593  0.00205097  
30          0.19571832  0.20220235  0.00199400  
31          0.18941752  0.20178993  0.00197221  
32          0.20263672  0.20181639  0.00190977  
33          0.19817088  0.20170592  0.00185428  
34          0.20087352  0.20168144  0.00179909  
35          0.19412088  0.20146543  0.00176023  
36          0.20097208  0.20145172  0.00171069  
37          0.18239288  0.20093662  0.00174173  
38          0.19436792  0.20076376  0.00170406  
39          0.19405752  0.20059180  0.00166868  
40          0.20003512  0.20057789  0.00162649  
41          0.20476800  0.20068008  0.00158961  
42          0.19787232  0.20061323  0.00155274  
43          0.19175672  0.20040727  0.00153012  
44          0.20653688  0.20054658  0.00150142  
45          0.20846592  0.20072256  0.00147819  
46          0.18678072  0.20041948  0.00147713  
47          0.19772792  0.20036221  0.00144649  
48          0.19811832  0.20031546  0.00141681  
49          0.20171000  0.20034392  0.00138788  
50          0.18761952  0.20008944  0.00138345  
51          0.18187192  0.19973223  0.00140231  
52          0.21217272  0.19997147  0.00139574  
53          0.20704128  0.20010486  0.00137563  
54          0.21880800  0.20045122  0.00139364  
55          0.19457848  0.20034444  0.00137223  
56          0.20965728  0.20051074  0.00135772  
57          0.18861688  0.20030208  0.00134992  
58          0.20117048  0.20031705  0.00132652  
59          0.20696192  0.20042967  0.00130870  
60          0.17087200  0.19993705  0.00137778  
61          0.18602752  0.19970902  0.00137406  
62          0.20036192  0.19971955  0.00135176  
63          0.18840800  0.19954000  0.00134219  
64          0.19712000  0.19950219  0.00132159  
65          0.18551288  0.19928697  0.00131878  
66          0.19438968  0.19921277  0.00130077  
67          0.19901048  0.19920975  0.00128121  
68          0.19653688  0.19917044  0.00126284  
69          0.19580800  0.19912171  0.00124536  
70          0.17852512  0.19882747  0.00126221  
71          0.19087800  0.19871551  0.00124933  
72          0.19221112  0.19862517  0.00123517  
73          0.19569408  0.19858502  0.00121879  
74          0.21489632  0.19880544  0.00122225  
75          0.19710048  0.19878271  0.00120606  
76          0.20138232  0.19881691  0.00119057  
77          0.20895992  0.19894864  0.00118237  
78          0.18719200  0.19879792  0.00117680  
79          0.17836672  0.19853929  0.00119025  
80          0.19221432  0.19846023  0.00117793  
81          0.19356000  0.19839973  0.00116487  
82          0.18318208  0.19821415  0.00116545  
83          0.20692408  0.19831909  0.00115609  
84          0.19424248  0.19827056  0.00114328  
85          0.19907552  0.19828003  0.00112979  
86          0.19232312  0.19821076  0.00111872  
87          0.19716608  0.19819876  0.00110585  
88          0.20296448  0.19825291  0.00109455  
89          0.19837792  0.19825432  0.00108219  
90          0.19694200  0.19823974  0.00107019  
91          0.18518200  0.19809624  0.00106805  
92          0.18280312  0.19793001  0.00106938  
93          0.21282432  0.19809017  0.00106987  
94          0.20386912  0.19815165  0.00106021  
95          0.20351800  0.19820813  0.00105051  
96          0.19399992  0.19816430  0.00104044  
97          0.20209408  0.19820481  0.00103045  
98          0.18366392  0.19805644  0.00103062  
99          0.21033272  0.19818044  0.00102766  
100         0.18007992  0.19799943  0.00103331  
101         0.17783392  0.19779978  0.00104233  
102         0.20682848  0.19788829  0.00103585  
103         0.19811000  0.19789044  0.00102575  
104         0.19208952  0.19783467  0.00101737  
105         0.20103928  0.19786519  0.00100809  
106         0.18118712  0.19770785  0.00101086  
107         0.20455800  0.19777187  0.00100341  
108         0.19651448  0.19776022  0.00099414  
109         0.21218528  0.19789256  0.00099383  
110         0.20413792  0.19794934  0.00098639  
111         0.19803448  0.19795011  0.00097746  
112         0.18800248  0.19786129  0.00097276  
113         0.19098168  0.19780041  0.00096603  
114         0.19733248  0.19779630  0.00095753  
115         0.19172792  0.19774353  0.00095063  
116         0.19971192  0.19776050  0.00094256  
117         0.18929912  0.19768818  0.00093726  
118         0.18556928  0.19758548  0.00093494  
119         0.18408448  0.19747203  0.00093397  
120         0.19631800  0.19746241  0.00092620  
121         0.20320000  0.19750983  0.00091974  
122         0.18649208  0.19741952  0.00091663  
123         0.19575352  0.19740597  0.00090925  
124         0.18513632  0.19730703  0.00090730  
125         0.19499512  0.19728853  0.00090020  
126         0.20018552  0.19731152  0.00089332  
127         0.19576832  0.19729937  0.00088634  
128         0.19776768  0.19730303  0.00087940  
129         0.20258432  0.19734397  0.00087351  
130         0.20874112  0.19743164  0.00087119  
131         0.19352248  0.19740180  0.00086503  
132         0.18782968  0.19732928  0.00086151  
133         0.20506112  0.19738742  0.00085698  
134         0.20067200  0.19741193  0.00085091  
135         0.19254712  0.19737589  0.00084536  
136         0.20093432  0.19740206  0.00083953  
137         0.20492800  0.19745699  0.00083518  
138         0.18582200  0.19737268  0.00083339  
139         0.19528928  0.19735769  0.00082750  
140         0.19297632  0.19732640  0.00082217  
141         0.20167800  0.19735726  0.00081690  
142         0.18085888  0.19724107  0.00081940  
143         0.20605312  0.19730270  0.00081598  
144         0.20927352  0.19738583  0.00081455  
145         0.19372152  0.19736056  0.00080931  
146         0.21088312  0.19745318  0.00080907  
147         0.19379128  0.19742827  0.00080393  
148         0.20717112  0.19749410  0.00080119  
149         0.19937152  0.19750670  0.00079589  
150         0.19111800  0.19746410  0.00079171  
151         0.21269888  0.19756500  0.00079290  
152         0.19675000  0.19755963  0.00078768  
153         0.21161312  0.19765149  0.00078789  
154         0.19121208  0.19760967  0.00078387  
155         0.19957752  0.19762237  0.00077890  
156         0.20317792  0.19765798  0.00077471  
157         0.18827832  0.19759824  0.00077208  
158         0.20157112  0.19762338  0.00076759  
159         0.21148512  0.19771056  0.00076771  
160         0.20131448  0.19773309  0.00076323  
161         0.20063992  0.19775114  0.00075869  
162         0.19104568  0.19770975  0.00075513  
163         0.20075192  0.19772842  0.00075071  
164         0.20035768  0.19774445  0.00074629  
165         0.19377408  0.19772038  0.00074215  
166         0.18379872  0.19763652  0.00074241  
167         0.18272632  0.19754724  0.00074334  
168         0.19054392  0.19750555  0.00074007  
169         0.19421312  0.19748607  0.00073594  
170         0.21190328  0.19757088  0.00073650  
171         0.20457952  0.19761186  0.00073332  
172         0.21292800  0.19770091  0.00073447  
173         0.20159200  0.19772340  0.00073055  
174         0.19148288  0.19768754  0.00072723  
175         0.18517368  0.19761603  0.00072659  
176         0.21791200  0.19773135  0.00073159  
177         0.19916800  0.19773946  0.00072749  
178         0.19537208  0.19772616  0.00072352  
179         0.20152800  0.19774740  0.00071978  
180         0.17914872  0.19764408  0.00072319  
181         0.21089632  0.19771729  0.00072290  
182         0.19571200  0.19770627  0.00071900  
183         0.18877688  0.19765748  0.00071672  
184         0.20671800  0.19770672  0.00071452  
185         0.19067872  0.19766873  0.00071166  
186         0.20113632  0.19768738  0.00070807  
187         0.17694200  0.19757644  0.00071295  
188         0.20615672  0.19762208  0.00071062  
189         0.18672608  0.19756443  0.00070920  
190         0.19358208  0.19754347  0.00070576  
191         0.19139832  0.19751129  0.00070280  
192         0.19531768  0.19749987  0.00069922  
193         0.20023032  0.19751402  0.00069573  
194         0.19954272  0.19752447  0.00069222  
195         0.19451872  0.19750906  0.00068883  
196         0.19533048  0.19749794  0.00068540  
197         0.18186752  0.19741860  0.00068651  
198         0.19487200  0.19740574  0.00068315  
199         0.20712832  0.19745460  0.00068146  
200         0.19264352  0.19743054  0.00067848  
201         0.19358072  0.19741139  0.00067536  
202         0.18414592  0.19734572  0.00067521  
203         0.19054712  0.19731223  0.00067271  
204         0.19019000  0.19727731  0.00067032  
205         0.17870200  0.19718670  0.00067316  
206         0.20320632  0.19721592  0.00067053  
207         0.18736000  0.19716831  0.00066898  
208         0.18930912  0.19713053  0.00066682  
209         0.18926968  0.19709292  0.00066469  
210         0.21187200  0.19716329  0.00066525  
211         0.19742008  0.19716451  0.00066209  
212         0.19279800  0.19714391  0.00065928  
213         0.18490872  0.19708647  0.00065869  
214         0.19688800  0.19708554  0.00065560  
215         0.19507808  0.19707621  0.00065261  
216         0.17523072  0.19697507  0.00065741  
217         0.19571328  0.19696925  0.00065440  
218         0.20617952  0.19701150  0.00065276  
219         0.19563488  0.19700522  0.00064980  
220         0.18486328  0.19695003  0.00064919  
221         0.19003000  0.19691871  0.00064701  
222         0.19635200  0.19691616  0.00064409  
223         0.18599800  0.19686720  0.00064306  
224         0.20235648  0.19689171  0.00064066  
225         0.19568568  0.19688635  0.00063782  
226         0.21033912  0.19694587  0.00063778  
227         0.18907488  0.19691120  0.00063591  
228         0.18979712  0.19688000  0.00063388  
229         0.21136768  0.19694326  0.00063427  
230         0.19224192  0.19692282  0.00063184  
231         0.18865408  0.19688703  0.00063012  
232         0.20380792  0.19691686  0.00062810  
233         0.18885368  0.19688225  0.00062636  
234         0.20102648  0.19689996  0.00062393  
235         0.20843488  0.19694905  0.00062320  
236         0.17543352  0.19685788  0.00062722  
237         0.19888000  0.19686641  0.00062462  
238         0.21559800  0.19694511  0.00062695  
239         0.20047200  0.19695987  0.00062450  
240         0.19205752  0.19693944  0.00062223  
241         0.20175032  0.19695941  0.00061996  
242         0.19595000  0.19695524  0.00061741  
243         0.19081472  0.19692997  0.00061538  
244         0.19331328  0.19691514  0.00061303  
245         0.19480888  0.19690655  0.00061059  
246         0.21201632  0.19696797  0.00061119  
247         0.19800800  0.19697218  0.00060873  
248         0.17811128  0.19689613  0.00061102  
249         0.18738232  0.19685792  0.00060976  
250         0.19964152  0.19686905  0.00060742  
251         0.20476512  0.19690051  0.00060581  
252         0.20014200  0.19691338  0.00060354  
253         0.20676088  0.19695230  0.00060241  
254         0.19770368  0.19695526  0.00060004  
255         0.18302048  0.19690061  0.00060017  
256         0.18736568  0.19686336  0.00059898  
257         0.21318712  0.19692688  0.00060002  
258         0.20396000  0.19695414  0.00059831  
259         0.20811128  0.19699722  0.00059755  
260         0.18680832  0.19695803  0.00059654  
261         0.19282168  0.19694218  0.00059446  
262         0.19213792  0.19692385  0.00059247  
263         0.19247200  0.19690692  0.00059045  
264         0.20099712  0.19692241  0.00058842  
265         0.18901368  0.19689257  0.00058695  
266         0.19310200  0.19687832  0.00058491  
267         0.19960800  0.19688854  0.00058281  
268         0.18487392  0.19684371  0.00058236  
269         0.20056800  0.19685756  0.00058035  
270         0.19924352  0.19686639  0.00057827  
271         0.20619232  0.19690081  0.00057716  
272         0.21032800  0.19695017  0.00057715  
273         0.19958648  0.19695983  0.00057511  
274         0.18349112  0.19691067  0.00057511  
275         0.20582368  0.19694308  0.00057393  
276         0.18647800  0.19690516  0.00057311  
277         0.18598072  0.19686573  0.00057239  
278         0.19495032  0.19685884  0.00057037  
279         0.20624608  0.19689248  0.00056932  
280         0.20031200  0.19690469  0.00056741  
281         0.20767800  0.19694303  0.00056669  
282         0.19221472  0.19692627  0.00056492  
283         0.19688248  0.19692611  0.00056292  
284         0.20237792  0.19694531  0.00056127  
285         0.18500472  0.19690341  0.00056086  
286         0.19262592  0.19688846  0.00055910  
287         0.18540000  0.19684843  0.00055858  
288         0.20543992  0.19687826  0.00055744  
289         0.18521952  0.19683792  0.00055697  
290         0.20325248  0.19686004  0.00055549  
291         0.18686592  0.19682569  0.00055464  
292         0.19475328  0.19681859  0.00055278  
293         0.19602168  0.19681587  0.00055090  
294         0.20174200  0.19683263  0.00054928  
295         0.19335032  0.19682083  0.00054754  
296         0.18421048  0.19677822  0.00054735  
297         0.18224608  0.19672929  0.00054769  
298         0.19715192  0.19673071  0.00054585  
299         0.20125312  0.19674584  0.00054423  
300         0.19253088  0.19673179  0.00054260  
301         0.19200248  0.19671607  0.00054102  
302         0.19701728  0.19671707  0.00053923  
303         0.19597688  0.19671463  0.00053745  
304         0.19591800  0.19671201  0.00053568  
305         0.19762488  0.19671500  0.00053393  
306         0.19963512  0.19672454  0.00053227  
307         0.20923128  0.19676528  0.00053210  
308         0.21160192  0.19681345  0.00053255  
309         0.17791288  0.19675229  0.00053434  
310         0.22421728  0.19684088  0.00053993  
311         0.19630392  0.19683916  0.00053819  
312         0.19243488  0.19682504  0.00053665  
313         0.18697528  0.19679357  0.00053586  
314         0.20262368  0.19681214  0.00053447  
315         0.20385408  0.19683449  0.00053324  
316         0.20473912  0.19685951  0.00053214  
317         0.18555448  0.19682385  0.00053165  
318         0.19705528  0.19682457  0.00052998  
319         0.20897152  0.19686265  0.00052969  
320         0.18516408  0.19682609  0.00052929  
321         0.19224800  0.19681183  0.00052783  
322         0.21094200  0.19685572  0.00052802  
323         0.18555512  0.19682073  0.00052754  
324         0.20078200  0.19683295  0.00052605  
325         0.20034232  0.19684375  0.00052454  
326         0.19779200  0.19684666  0.00052294  
327         0.18911352  0.19682301  0.00052188  
328         0.20598368  0.19685094  0.00052103  
329         0.19756000  0.19685310  0.00051945  
330         0.20554752  0.19687944  0.00051854  
331         0.18470368  0.19684266  0.00051828  
332         0.19279200  0.19683046  0.00051686  
333         0.20430072  0.19685289  0.00051579  
334         0.19501688  0.19684739  0.00051428  
335         0.18993592  0.19682676  0.00051315  
336         0.19464928  0.19682028  0.00051167  
337         0.18408312  0.19678249  0.00051154  
338         0.20651192  0.19681127  0.00051084  
339         0.20094592  0.19682347  0.00050948  
340         0.20834528  0.19685736  0.00050911  
341         0.18914232  0.19683473  0.00050811  
342         0.18395832  0.19679708  0.00050802  
343         0.20753912  0.19682840  0.00050751  
344         0.18202552  0.19678537  0.00050786  
345         0.19087200  0.19676823  0.00050667  
346         0.18452088  0.19673283  0.00050644  
347         0.19322752  0.19672273  0.00050508  
348         0.21003512  0.19676098  0.00050508  
349         0.19336448  0.19675125  0.00050373  
350         0.17119672  0.19667824  0.00050756  
351         0.18430392  0.19664298  0.00050734  
352         0.20033632  0.19665348  0.00050601  
353         0.19644800  0.19665289  0.00050457  
354         0.20393088  0.19667345  0.00050356  
355         0.20446200  0.19669539  0.00050262  
356         0.20619768  0.19672208  0.00050192  
357         0.20210912  0.19673717  0.00050074  
358         0.18996992  0.19671827  0.00049970  
359         0.19610872  0.19671657  0.00049830  
360         0.20760192  0.19674681  0.00049784  
361         0.19221248  0.19673425  0.00049662  
362         0.18907768  0.19671310  0.00049569  
363         0.19226752  0.19670085  0.00049448  
364         0.20087800  0.19671233  0.00049325  
365         0.19970432  0.19672052  0.00049197  
366         0.19150968  0.19670629  0.00049083  
367         0.21372472  0.19675266  0.00049168  
368         0.17568888  0.19669542  0.00049367  
369         0.18451200  0.19666240  0.00049344  
370         0.20209408  0.19667708  0.00049232  
371         0.20288768  0.19669382  0.00049128  
372         0.17995488  0.19664883  0.00049202  
373         0.18535672  0.19661855  0.00049163  
374         0.19950392  0.19662627  0.00049037  
375         0.18845048  0.19660447  0.00048955  
376         0.22139488  0.19667040  0.00049268  
377         0.18751200  0.19664610  0.00049197  
378         0.19048192  0.19662980  0.00049094  
379         0.18629112  0.19660252  0.00049040  
380         0.18664800  0.19657632  0.00048981  
381         0.19232128  0.19656515  0.00048865  
382         0.19371832  0.19655770  0.00048742  
383         0.21434112  0.19660413  0.00048836  
384         0.20054712  0.19661440  0.00048720  
385         0.20407800  0.19663379  0.00048632  
386         0.19724000  0.19663536  0.00048506  
387         0.19207800  0.19662358  0.00048394  
388         0.20428800  0.19664334  0.00048310  
389         0.19671672  0.19664352  0.00048186  
390         0.19210872  0.19663190  0.00048076  
391         0.19609848  0.19663053  0.00047953  
392         0.19074528  0.19661552  0.00047854  
393         0.20209248  0.19662946  0.00047753  
394         0.17783392  0.19658175  0.00047869  
395         0.18421048  0.19655043  0.00047851  
396         0.19842912  0.19655518  0.00047732  
397         0.20611512  0.19657926  0.00047673  
398         0.20664248  0.19660454  0.00047620  
399         0.20358328  0.19662203  0.00047533  
400         0.20016128  0.19663088  0.00047422  
401         0.19595232  0.19662919  0.00047304  
402         0.20781048  0.19665700  0.00047268  
403         0.18386432  0.19662526  0.00047257  
404         0.19690232  0.19662594  0.00047140  
405         0.21386848  0.19666852  0.00047216  
406         0.19925888  0.19667490  0.00047104  
407         0.19532672  0.19667159  0.00046989  
408         0.19143032  0.19665874  0.00046891  
409         0.20072800  0.19666869  0.00046787  
410         0.19642168  0.19666809  0.00046673  
411         0.19922232  0.19667430  0.00046563  
412         0.21607352  0.19672139  0.00046688  
413         0.17747328  0.19667478  0.00046808  
414         0.18640952  0.19664999  0.00046760  
415         0.19858528  0.19665465  0.00046650  
416         0.18745568  0.19663254  0.00046590  
417         0.20930912  0.19666294  0.00046577  
418         0.19068800  0.19664864  0.00046488  
419         0.19505528  0.19664484  0.00046378  
420         0.19742200  0.19664669  0.00046268  
421         0.20473952  0.19666591  0.00046198  
422         0.19296768  0.19665715  0.00046097  
423         0.21257848  0.19669479  0.00046141  
424         0.21950048  0.19674857  0.00046346  
425         0.20999992  0.19677975  0.00046342  
426         0.21320928  0.19681832  0.00046393  
427         0.19379200  0.19681123  0.00046290  
428         0.18888888  0.19679272  0.00046219  
429         0.19852512  0.19679676  0.00046113  
430         0.20221792  0.19680937  0.00046022  
431         0.21983200  0.19686279  0.00046225  
432         0.19746552  0.19686418  0.00046118  
433         0.19445728  0.19685862  0.00046015  
434         0.18878200  0.19684001  0.00045947  
435         0.19489408  0.19683554  0.00045843  
436         0.17989088  0.19679668  0.00045903  
437         0.18988800  0.19678087  0.00045825  
438         0.20311992  0.19679534  0.00045743  
439         0.19735608  0.19679662  0.00045639  
440         0.17110200  0.19673822  0.00045908  
441         0.18198368  0.19670476  0.00045926  
442         0.19496800  0.19670083  0.00045823  
443         0.19894008  0.19670589  0.00045723  
444         0.18639200  0.19668266  0.00045679  
445         0.19147488  0.19667095  0.00045591  
446         0.19624192  0.19666999  0.00045489  
447         0.19662008  0.19666988  0.00045387  
448         0.18934200  0.19665352  0.00045315  
449         0.19648352  0.19665315  0.00045214  
450         0.19855928  0.19665738  0.00045115  
451         0.19069312  0.19664416  0.00045034  
452         0.21240192  0.19667902  0.00045070  
453         0.20012800  0.19668663  0.00044977  
454         0.18599800  0.19666309  0.00044939  
455         0.20548408  0.19668248  0.00044882  
456         0.19090808  0.19666981  0.00044802  
457         0.18873568  0.19665245  0.00044737  
458         0.18878200  0.19663527  0.00044672  
459         0.20478592  0.19665303  0.00044610  
460         0.20430208  0.19666965  0.00044544  
461         0.19569408  0.19666754  0.00044448  
462         0.18002688  0.19663152  0.00044498  
463         0.19144888  0.19662033  0.00044416  
464         0.18927608  0.19660450  0.00044348  
465         0.20262200  0.19661744  0.00044271  
466         0.19142072  0.19660629  0.00044190  
467         0.19813248  0.19660955  0.00044097  
468         0.20902200  0.19663608  0.00044082  
469         0.20461688  0.19665309  0.00044021  
470         0.20029792  0.19666085  0.00043934  
471         0.19494648  0.19665721  0.00043842  
472         0.18226488  0.19662672  0.00043856  
473         0.19787128  0.19662935  0.00043764  
474         0.19484800  0.19662559  0.00043673  
475         0.18568952  0.19660257  0.00043642  
476         0.19347200  0.19659599  0.00043555  
477         0.19745408  0.19659779  0.00043464  
478         0.20524000  0.19661587  0.00043410  
479         0.20802912  0.19663970  0.00043385  
480         0.20115712  0.19664911  0.00043305  
481         0.20290552  0.19666211  0.00043234  
482         0.20300512  0.19667527  0.00043165  
483         0.18972000  0.19666087  0.00043099  
484         0.19608312  0.19665968  0.00043010  
485         0.20076000  0.19666813  0.00042930  
486         0.19904128  0.19667302  0.00042844  
487         0.19873408  0.19667725  0.00042758  
488         0.18887648  0.19666126  0.00042700  
489         0.17839608  0.19662391  0.00042776  
490         0.21055800  0.19665235  0.00042784  
491         0.18962232  0.19663803  0.00042720  
492         0.19009632  0.19662473  0.00042654  
493         0.21247288  0.19665688  0.00042689  
494         0.18639800  0.19663611  0.00042653  
495         0.19391800  0.19663062  0.00042570  
496         0.18272632  0.19660259  0.00042577  
497         0.18145632  0.19657211  0.00042600  
498         0.21048448  0.19660005  0.00042606  
499         0.19784800  0.19660255  0.00042521  
500         0.22268672  0.19665472  0.00042756  
501         0.19544312  0.19665230  0.00042671  
502         0.19743200  0.19665385  0.00042586  
503         0.17750328  0.19661578  0.00042672  
504         0.18535392  0.19659344  0.00042645  
505         0.19539712  0.19659107  0.00042561  
506         0.20316800  0.19660407  0.00042497  
507         0.19787448  0.19660657  0.00042414  
508         0.21975800  0.19665215  0.00042575  
509         0.18579072  0.19663081  0.00042545  
510         0.20905272  0.19665516  0.00042531  
511         0.19820800  0.19665820  0.00042449  
512         0.19231200  0.19664971  0.00042374  
513         0.19635552  0.19664914  0.00042292  
514         0.20775800  0.19667075  0.00042265  
515         0.19423200  0.19666602  0.00042185  
516         0.19801472  0.19666863  0.00042104  
517         0.18731000  0.19665053  0.00042062  
518         0.20590200  0.19666839  0.00042018  
519         0.19518592  0.19666553  0.00041938  
520         0.20069112  0.19667327  0.00041865  
521         0.19995000  0.19667956  0.00041789  
522         0.21672832  0.19671797  0.00041885  
523         0.18639800  0.19669824  0.00041852  
524         0.19522168  0.19669542  0.00041773  
525         0.21011712  0.19672099  0.00041771  
526         0.19152992  0.19671112  0.00041704  
527         0.19011712  0.19669861  0.00041643  
528         0.19737272  0.19669988  0.00041564  
529         0.19551800  0.19669765  0.00041486  
530         0.21366200  0.19672966  0.00041532  
531         0.17801592  0.19669441  0.00041603  
532         0.20222072  0.19670480  0.00041538  
533         0.18023800  0.19667391  0.00041575  
534         0.20500352  0.19668951  0.00041526  
535         0.20276152  0.19670085  0.00041464  
536         0.18773472  0.19668413  0.00041420  
537         0.19763968  0.19668591  0.00041343  
538         0.18578432  0.19666564  0.00041316  
539         0.18446200  0.19664300  0.00041301  
540         0.19694648  0.19664356  0.00041225  
541         0.18412672  0.19662043  0.00041214  
542         0.19068792  0.19660948  0.00041152  
543         0.19192448  0.19660085  0.00041085  
544         0.20527992  0.19661681  0.00041041  
545         0.21539808  0.19665127  0.00041110  
546         0.20130552  0.19665979  0.00041044  
547         0.19023200  0.19664804  0.00040985  
548         0.19476448  0.19664461  0.00040912  
549         0.18281528  0.19661942  0.00040915  
550         0.18779872  0.19660338  0.00040872  
551         0.18931200  0.19659014  0.00040819  
552         0.19503200  0.19658732  0.00040746  
553         0.20831800  0.19660853  0.00040728  
554         0.17244512  0.19656492  0.00040887  
555         0.18190200  0.19653850  0.00040899  
556         0.18946272  0.19652577  0.00040845  
557         0.17919328  0.19649465  0.00040890  
558         0.20038200  0.19650162  0.00040823  
559         0.17991928  0.19647196  0.00040858  
560         0.20293248  0.19648349  0.00040801  
561         0.19602272  0.19648267  0.00040728  
562         0.20881632  0.19650462  0.00040715  
563         0.18677888  0.19648734  0.00040679  
564         0.20447800  0.19650151  0.00040632  
565         0.19720800  0.19650276  0.00040560  
566         0.18247168  0.19647797  0.00040564  
567         0.19296000  0.19647177  0.00040497  
568         0.20601912  0.19648858  0.00040461  
569         0.19041592  0.19647790  0.00040404  
570         0.19200128  0.19647005  0.00040340  
571         0.19439800  0.19646642  0.00040271  
572         0.21080800  0.19649149  0.00040279  
573         0.19167672  0.19648309  0.00040217  
574         0.20602752  0.19649972  0.00040182  
575         0.20188152  0.19650908  0.00040123  
576         0.20331872  0.19652090  0.00040070  
577         0.19081952  0.19651102  0.00040013  
578         0.18912128  0.19649823  0.00039964  
579         0.20020792  0.19650464  0.00039900  
580         0.18735800  0.19648887  0.00039863  
581         0.20381752  0.19650149  0.00039814  
582         0.18987832  0.19649011  0.00039762  
583         0.19368952  0.19648530  0.00039697  
584         0.21173888  0.19651142  0.00039714  
585         0.20699232  0.19652934  0.00039687  
586         0.19465952  0.19652615  0.00039620  
587         0.19310592  0.19652032  0.00039557  
588         0.20304128  0.19653141  0.00039505  
589         0.19779768  0.19653356  0.00039439  
590         0.19161848  0.19652523  0.00039381  
591         0.20770232  0.19654414  0.00039360  
592         0.20767032  0.19656294  0.00039338  
593         0.20191352  0.19657196  0.00039282  
594         0.19562168  0.19657036  0.00039216  
595         0.19478648  0.19656736  0.00039151  
596         0.19431800  0.19656359  0.00039087  
597         0.19878328  0.19656730  0.00039024  
598         0.19126328  0.19655843  0.00038968  
599         0.18956800  0.19654676  0.00038921  
600         0.19779000  0.19654884  0.00038856  
601         0.20302200  0.19655961  0.00038807  
602         0.18536248  0.19654101  0.00038787  
603         0.19746488  0.19654254  0.00038723  
604         0.19102048  0.19653340  0.00038669  
605         0.19718648  0.19653448  0.00038606  
606         0.18782688  0.19652011  0.00038569  
607         0.21088952  0.19654378  0.00038578  
608         0.18106552  0.19651832  0.00038598  
609         0.20799200  0.19653716  0.00038581  
610         0.20611808  0.19655287  0.00038549  
611         0.21023200  0.19657526  0.00038551  
612         0.19967608  0.19658032  0.00038492  
613         0.19628792  0.19657985  0.00038429  
614         0.20869888  0.19659958  0.00038417  
615         0.19752928  0.19660110  0.00038355  
616         0.20306232  0.19661159  0.00038307  
617         0.19988992  0.19661690  0.00038248  
618         0.19102592  0.19660785  0.00038197  
619         0.19574328  0.19660646  0.00038136  
620         0.19863008  0.19660972  0.00038075  
621         0.18370688  0.19658894  0.00038071  
622         0.18904832  0.19657682  0.00038029  
623         0.19826528  0.19657953  0.00037969  
624         0.19648992  0.19657939  0.00037908  
625         0.20796152  0.19659760  0.00037891  
626         0.20150968  0.19660544  0.00037839  
627         0.21110008  0.19662856  0.00037849  
628         0.20249568  0.19663790  0.00037800  
629         0.19732088  0.19663899  0.00037740  
630         0.19699832  0.19663956  0.00037680  
631         0.18371768  0.19661908  0.00037676  
632         0.18647928  0.19660304  0.00037651  
633         0.19083872  0.19659393  0.00037602  
634         0.20962432  0.19661448  0.00037599  
635         0.20093432  0.19662129  0.00037546  
636         0.19143800  0.19661314  0.00037496  
637         0.18806200  0.19659971  0.00037461  
638         0.19038200  0.19658997  0.00037415  
639         0.19891328  0.19659360  0.00037358  
640         0.18119608  0.19656954  0.00037377  
641         0.18656000  0.19655393  0.00037351  
642         0.19037312  0.19654430  0.00037306  
643         0.19791352  0.19654643  0.00037248  
644         0.18818432  0.19653345  0.00037213  
645         0.20789432  0.19655106  0.00037197  
646         0.19723872  0.19655212  0.00037139  
647         0.20164408  0.19655999  0.00037090  
648         0.19591008  0.19655899  0.00037033  
649         0.18844152  0.19654648  0.00036997  
650         0.19304312  0.19654109  0.00036944  
651         0.20635000  0.19655616  0.00036918  
652         0.20477368  0.19656876  0.00036883  
653         0.19145568  0.19656093  0.00036835  
654         0.22531808  0.19660491  0.00037040  
655         0.20418168  0.19661647  0.00037002  
656         0.18515200  0.19659900  0.00036987  
657         0.19356512  0.19659438  0.00036933  
658         0.18634488  0.19657880  0.00036910  
659         0.18804608  0.19656585  0.00036877  
660         0.19426232  0.19656236  0.00036822  
661         0.19695200  0.19656295  0.00036767  
662         0.22073528  0.19659947  0.00036892  
663         0.19583352  0.19659831  0.00036837  
664         0.19510712  0.19659607  0.00036782  
665         0.19329632  0.19659110  0.00036730  
666         0.17872000  0.19656427  0.00036773  
667         0.18099328  0.19654093  0.00036792  
668         0.20463800  0.19655305  0.00036757  
669         0.20632288  0.19656765  0.00036731  
670         0.18847672  0.19655558  0.00036696  
671         0.18309248  0.19653551  0.00036696  
672         0.20024928  0.19654104  0.00036645  
673         0.18290432  0.19652078  0.00036647  
674         0.19999800  0.19652593  0.00036596  
675         0.18670392  0.19651138  0.00036571  
676         0.20372472  0.19652205  0.00036532  
677         0.18555000  0.19650585  0.00036514  
678         0.18121272  0.19648329  0.00036530  
679         0.19991032  0.19648834  0.00036480  
680         0.20946552  0.19650742  0.00036476  
681         0.17126200  0.19647035  0.00036611  
682         0.18697568  0.19645643  0.00036583  
683         0.19495992  0.19645424  0.00036530  
684         0.20222200  0.19646267  0.00036487  
685         0.20248312  0.19647146  0.00036444  
686         0.20751200  0.19648755  0.00036426  
687         0.21626808  0.19651635  0.00036487  
688         0.19836800  0.19651904  0.00036435  
689         0.19695992  0.19651968  0.00036382  
690         0.20743928  0.19653550  0.00036364  
691         0.19745152  0.19653683  0.00036311  
692         0.20413432  0.19654781  0.00036276  
693         0.19082168  0.19653954  0.00036233  
694         0.20699192  0.19655461  0.00036212  
695         0.19169152  0.19654761  0.00036166  
696         0.17630048  0.19651852  0.00036231  
697         0.20472192  0.19653029  0.00036198  
698         0.19723128  0.19653129  0.00036147  
699         0.20606200  0.19654493  0.00036121  
700         0.20715232  0.19656008  0.00036101  
701         0.18907872  0.19654941  0.00036065  
702         0.19319392  0.19654463  0.00036017  
703         0.20373888  0.19655486  0.00035980  
704         0.19779000  0.19655662  0.00035929  
705         0.18698552  0.19654304  0.00035904  
706         0.20295928  0.19655213  0.00035865  
707         0.18924512  0.19654179  0.00035829  
708         0.19744608  0.19654307  0.00035778  
709         0.21121632  0.19656377  0.00035788  
710         0.21120128  0.19658438  0.00035797  
711         0.20583672  0.19659739  0.00035770  
712         0.18947552  0.19658739  0.00035734  
713         0.19753568  0.19658872  0.00035684  
714         0.20399032  0.19659909  0.00035649  
715         0.19657208  0.19659905  0.00035599  
716         0.18902200  0.19658847  0.00035565  
717         0.17955168  0.19656471  0.00035595  
718         0.18146432  0.19654368  0.00035607  
719         0.19321208  0.19653904  0.00035561  
720         0.20014592  0.19654405  0.00035515  
721         0.20216800  0.19655185  0.00035474  
722         0.20407168  0.19656227  0.00035440  
723         0.20428472  0.19657295  0.00035407  
724         0.20427832  0.19658359  0.00035375  
725         0.19814008  0.19658574  0.00035326  
726         0.18703928  0.19657259  0.00035302  
727         0.21024000  0.19659139  0.00035304  
728         0.20338688  0.19660072  0.00035267  
729         0.17915832  0.19657680  0.00035300  
730         0.19687800  0.19657721  0.00035252  
731         0.20063992  0.19658277  0.00035208  
732         0.18085432  0.19656128  0.00035225  
733         0.20044512  0.19656658  0.00035181  
734         0.19555712  0.19656520  0.00035134  
735         0.20260728  0.19657342  0.00035095  
736         0.19046968  0.19656513  0.00035058  
737         0.19080248  0.19655731  0.00035019  
738         0.19679200  0.19655763  0.00034971  
739         0.18808448  0.19654616  0.00034943  
740         0.20826752  0.19656200  0.00034931  
741         0.20607608  0.19657484  0.00034908  
742         0.19872128  0.19657774  0.00034862  
743         0.18695608  0.19656479  0.00034839  
744         0.18887392  0.19655445  0.00034808  
745         0.20701152  0.19656849  0.00034789  
746         0.20292992  0.19657701  0.00034753  
747         0.17846648  0.19655277  0.00034791  
748         0.20188472  0.19655990  0.00034752  
749         0.18392288  0.19654302  0.00034746  
750         0.20041568  0.19654819  0.00034704  
751         0.18927928  0.19653851  0.00034671  
752         0.18230648  0.19651958  0.00034677  
753         0.19421432  0.19651652  0.00034632  
754         0.20469368  0.19652737  0.00034603  
755         0.18851200  0.19651675  0.00034573  
756         0.18779128  0.19650521  0.00034547  
757         0.17537408  0.19647729  0.00034614  
758         0.18417152  0.19646106  0.00034606  
759         0.18323808  0.19644364  0.00034605  
760         0.20668032  0.19645711  0.00034585  
761         0.21501312  0.19648149  0.00034626  
762         0.20040888  0.19648665  0.00034584  
763         0.19241272  0.19648131  0.00034543  
764         0.19832312  0.19648372  0.00034498  
765         0.21085112  0.19650250  0.00034505  
766         0.18667000  0.19648966  0.00034483  
767         0.18586752  0.19647581  0.00034466  
768         0.18625528  0.19646251  0.00034447  
769         0.18103800  0.19644245  0.00034461  
770         0.18963808  0.19643361  0.00034427  
771         0.20027000  0.19643859  0.00034386  
772         0.18610552  0.19642520  0.00034368  
773         0.20309888  0.19643383  0.00034334  
774         0.20507000  0.19644499  0.00034308  
775         0.19383032  0.19644162  0.00034265  
776         0.18755128  0.19643016  0.00034240  
777         0.19513952  0.19642850  0.00034196  
778         0.21200888  0.19644853  0.00034211  
779         0.19771832  0.19645016  0.00034167  
780         0.19815800  0.19645235  0.00034124  
781         0.19287392  0.19644777  0.00034084  
782         0.20635488  0.19646043  0.00034064  
783         0.19315200  0.19645621  0.00034023  
784         0.18179712  0.19643751  0.00034031  
785         0.18224768  0.19641943  0.00034035  
786         0.18588792  0.19640604  0.00034018  
787         0.20312448  0.19641457  0.00033986  
788         0.20984800  0.19643162  0.00033986  
789         0.19644000  0.19643163  0.00033942  
790         0.18543800  0.19641771  0.00033928  
791         0.19740000  0.19641896  0.00033885  
792         0.21882848  0.19644725  0.00033961  
793         0.20747000  0.19646115  0.00033946  
794         0.20050552  0.19646625  0.00033907  
795         0.18832952  0.19645601  0.00033880  
796         0.19475968  0.19645388  0.00033838  
797         0.19440128  0.19645130  0.00033797  
798         0.19165688  0.19644530  0.00033760  
799         0.18943992  0.19643653  0.00033729  
800         0.19848832  0.19643909  0.00033688  
801         0.18633912  0.19642648  0.00033669  
802         0.20069248  0.19643180  0.00033631  
803         0.18237312  0.19641430  0.00033635  
804         0.18850432  0.19640446  0.00033607  
805         0.19159992  0.19639849  0.00033571  
806         0.19008000  0.19639065  0.00033538  
807         0.18709432  0.19637913  0.00033517  
808         0.18031032  0.19635924  0.00033534  
809         0.19872128  0.19636216  0.00033494  
810         0.21375352  0.19638363  0.00033521  
811         0.17199800  0.19635356  0.00033615  
812         0.19800248  0.19635559  0.00033574  
813         0.20544632  0.19636678  0.00033551  
814         0.21164000  0.19638554  0.00033563  
815         0.19940608  0.19638925  0.00033523  
816         0.20027232  0.19639400  0.00033486  
817         0.18632888  0.19638169  0.00033467  
818         0.19182592  0.19637612  0.00033431  
819         0.19438208  0.19637368  0.00033391  
820         0.19948000  0.19637747  0.00033353  
821         0.20549432  0.19638857  0.00033330  
822         0.21197792  0.19640754  0.00033344  
823         0.18921208  0.19639880  0.00033315  
824         0.19492728  0.19639701  0.00033275  
825         0.19608800  0.19639664  0.00033234  
826         0.18216632  0.19637941  0.00033239  
827         0.19538552  0.19637821  0.00033199  
828         0.19260792  0.19637365  0.00033162  
829         0.19211192  0.19636851  0.00033126  
830         0.17526368  0.19634308  0.00033183  
831         0.19342200  0.19633957  0.00033145  
832         0.18935800  0.19633118  0.00033116  
833         0.19328888  0.19632753  0.00033078  
834         0.18619512  0.19631538  0.00033061  
835         0.19135352  0.19630943  0.00033027  
836         0.18931712  0.19630107  0.00032998  
837         0.20519392  0.19631169  0.00032975  
838         0.21328632  0.19633195  0.00032998  
839         0.19962232  0.19633587  0.00032961  
840         0.18483968  0.19632219  0.00032951  
841         0.19666872  0.19632260  0.00032911  
842         0.18951648  0.19631452  0.00032882  
843         0.19426488  0.19631208  0.00032844  
844         0.19004800  0.19630466  0.00032813  
845         0.19376768  0.19630166  0.00032776  
846         0.18419200  0.19628735  0.00032769  
847         0.19281408  0.19628324  0.00032732  
848         0.18986872  0.19627568  0.00032702  
849         0.19625312  0.19627565  0.00032664  
850         0.21152952  0.19629360  0.00032675  
851         0.21635808  0.19631718  0.00032721  
852         0.19791928  0.19631906  0.00032684  
853         0.19949792  0.19632278  0.00032647  
854         0.19100408  0.19631656  0.00032615  
855         0.19890912  0.19631959  0.00032578  
856         0.19039288  0.19631266  0.00032548  
857         0.18785528  0.19630280  0.00032525  
858         0.20056312  0.19630776  0.00032490  
859         0.19694200  0.19630850  0.00032453  
860         0.20549472  0.19631918  0.00032432  
861         0.18918328  0.19631089  0.00032405  
862         0.19347072  0.19630760  0.00032369  
863         0.20683488  0.19631980  0.00032355  
864         0.19732088  0.19632096  0.00032318  
865         0.20030392  0.19632556  0.00032284  
866         0.19719800  0.19632657  0.00032246  
867         0.18739200  0.19631626  0.00032226  
868         0.20634112  0.19632781  0.00032209  
869         0.19522048  0.19632654  0.00032172  
870         0.20671200  0.19633848  0.00032158  
871         0.18354808  0.19632379  0.00032154  
872         0.19511352  0.19632240  0.00032118  
873         0.19248888  0.19631801  0.00032084  
874         0.21477368  0.19633913  0.00032117  
875         0.20547768  0.19634957  0.00032097  
876         0.19449592  0.19634746  0.00032061  
877         0.16686200  0.19631383  0.00032200  
878         0.20235488  0.19632072  0.00032171  
879         0.20969568  0.19633593  0.00032170  
880         0.19902648  0.19633899  0.00032135  
881         0.20046432  0.19634367  0.00032102  
882         0.19998208  0.19634780  0.00032068  
883         0.21749888  0.19637175  0.00032121  
884         0.19715808  0.19637264  0.00032085  
885         0.18726328  0.19636235  0.00032065  
886         0.18517688  0.19634972  0.00032054  
887         0.19464800  0.19634780  0.00032019  
888         0.20005048  0.19635197  0.00031985  
889         0.20003200  0.19635611  0.00031952  
890         0.18981632  0.19634876  0.00031924  
891         0.19241848  0.19634435  0.00031892  
892         0.20079352  0.19634934  0.00031860  
893         0.19544800  0.19634833  0.00031824  
894         0.17811200  0.19632793  0.00031854  
895         0.18144128  0.19631130  0.00031862  
896         0.20449528  0.19632043  0.00031839  
897         0.19791200  0.19632221  0.00031804  
898         0.20868352  0.19633597  0.00031799  
899         0.19706232  0.19633678  0.00031763  
900         0.18944312  0.19632912  0.00031737  
901         0.20855800  0.19634269  0.00031731  
902         0.20871288  0.19635641  0.00031726  
903         0.20893112  0.19637033  0.00031721  
904         0.19129312  0.19636472  0.00031691  
905         0.19163872  0.19635950  0.00031660  
906         0.20690272  0.19637113  0.00031647  
907         0.20843000  0.19638443  0.00031640  
908         0.19264128  0.19638031  0.00031607  
909         0.19900800  0.19638320  0.00031574  
910         0.19957248  0.19638670  0.00031541  
911         0.19127032  0.19638109  0.00031512  
912         0.20900728  0.19639493  0.00031507  
913         0.19131832  0.19638937  0.00031478  
914         0.18337408  0.19637513  0.00031476  
915         0.20960632  0.19638959  0.00031474  
916         0.19479992  0.19638785  0.00031441  
917         0.19641208  0.19638788  0.00031406  
918         0.19109472  0.19638211  0.00031377  
919         0.20581728  0.19639238  0.00031360  
920         0.19988088  0.19639617  0.00031328  
921         0.19282912  0.19639230  0.00031296  
922         0.18974008  0.19638509  0.00031271  
923         0.20699768  0.19639658  0.00031258  
924         0.19075200  0.19639047  0.00031230  
925         0.18722912  0.19638057  0.00031212  
926         0.20614200  0.19639111  0.00031196  
927         0.20331832  0.19639858  0.00031172  
928         0.19985408  0.19640231  0.00031140  
929         0.19566688  0.19640152  0.00031107  
930         0.20550008  0.19641130  0.00031089  
931         0.21278072  0.19642888  0.00031105  
932         0.21623392  0.19645013  0.00031144  
933         0.20438368  0.19645864  0.00031122  
934         0.20944312  0.19647254  0.00031120  
935         0.19207992  0.19646784  0.00031090  
936         0.18376928  0.19645427  0.00031087  
937         0.19447392  0.19645216  0.00031054  
938         0.20036728  0.19645633  0.00031024  
939         0.19623392  0.19645610  0.00030991  
940         0.18675072  0.19644577  0.00030975  
941         0.20143800  0.19645108  0.00030947  
942         0.21014968  0.19646562  0.00030948  
943         0.18645432  0.19645500  0.00030933  
944         0.19118200  0.19644942  0.00030906  
945         0.20492800  0.19645839  0.00030886  
946         0.20051200  0.19646267  0.00030856  
947         0.18652792  0.19645218  0.00030842  
948         0.21043552  0.19646693  0.00030844  
949         0.19143648  0.19646163  0.00030816  
950         0.18349688  0.19644799  0.00030814  
951         0.19858432  0.19645023  0.00030783  
952         0.18435832  0.19643753  0.00030776  
953         0.18193272  0.19642231  0.00030782  
954         0.20464128  0.19643093  0.00030762  
955         0.21223352  0.19644747  0.00030774  
956         0.18233952  0.19643272  0.00030777  
957         0.19102072  0.19642706  0.00030750  
958         0.18952192  0.19641985  0.00030726  
959         0.19211000  0.19641536  0.00030698  
960         0.18826752  0.19640687  0.00030677  
961         0.19366200  0.19640401  0.00030647  
962         0.19545848  0.19640303  0.00030615  
963         0.20727800  0.19641432  0.00030604  
964         0.19115488  0.19640887  0.00030577  
965         0.20517472  0.19641795  0.00030559  
966         0.19443000  0.19641589  0.00030528  
967         0.20083832  0.19642047  0.00030500  
968         0.18771808  0.19641148  0.00030482  
969         0.20183392  0.19641707  0.00030455  
970         0.19368192  0.19641425  0.00030425  
971         0.20102008  0.19641900  0.00030398  
972         0.21027968  0.19643326  0.00030400  
973         0.18527200  0.19642179  0.00030390  
974         0.19630208  0.19642166  0.00030359  
975         0.20051808  0.19642587  0.00030331  
976         0.17447672  0.19640338  0.00030383  
977         0.17346528  0.19637990  0.00030442  
978         0.21309368  0.19639699  0.00030459  
979         0.19464448  0.19639520  0.00030429  
980         0.20067712  0.19639957  0.00030401  
981         0.18995200  0.19639299  0.00030377  
982         0.19219712  0.19638872  0.00030349  
983         0.19674112  0.19638908  0.00030318  
984         0.19774592  0.19639046  0.00030288  
985         0.18986552  0.19638383  0.00030264  
986         0.20307712  0.19639062  0.00030241  
987         0.20351992  0.19639785  0.00030219  
988         0.18248448  0.19638376  0.00030221  
989         0.19990712  0.19638733  0.00030193  
990         0.18578528  0.19637662  0.00030181  
991         0.18528312  0.19636542  0.00030171  
992         0.19641472  0.19636547  0.00030141  
993         0.17231200  0.19634125  0.00030208  
994         0.20960952  0.19635460  0.00030207  
995         0.18804352  0.19634625  0.00030188  
996         0.19488632  0.19634478  0.00030158  
997         0.18597728  0.19633438  0.00030146  
998         0.18818552  0.19632622  0.00030127  
999         0.20237312  0.19633227  0.00030103  
1000        0.20259200  0.19633853  0.00030079  
1001        0.20234848  0.19634453  0.00030055  
1002        0.19464448  0.19634284  0.00030025  
1003        0.19260928  0.19633911  0.00029998  
1004        0.19562872  0.19633841  0.00029968  
1005        0.19359328  0.19633567  0.00029939  
1006        0.19835192  0.19633768  0.00029910  
1007        0.21422008  0.19635544  0.00029933  
1008        0.17473208  0.19633398  0.00029980  
1009        0.19278048  0.19633046  0.00029953  
1010        0.19690848  0.19633104  0.00029923  
1011        0.20593408  0.19634053  0.00029909  
1012        0.17715000  0.19632157  0.00029939  
1013        0.19234912  0.19631765  0.00029912  
1014        0.19813048  0.19631944  0.00029883  
1015        0.19675872  0.19631987  0.00029854  
1016        0.18994488  0.19631360  0.00029831  
1017        0.20048128  0.19631769  0.00029804  
1018        0.19351008  0.19631494  0.00029776  
1019        0.22457272  0.19634267  0.00029876  
1020        0.17505408  0.19632180  0.00029920  
1021        0.18555512  0.19631125  0.00029909  
1022        0.18965752  0.19630474  0.00029887  
1023        0.20255200  0.19631085  0.00029864  
1024        0.20065632  0.19631509  0.00029838  
1025        0.20497632  0.19632354  0.00029821  
1026        0.19199032  0.19631932  0.00029795  
1027        0.18467968  0.19630798  0.00029787  
1028        0.19239392  0.19630418  0.00029761  
1029        0.21478648  0.19632214  0.00029786  
1030        0.17783992  0.19630419  0.00029811  
1031        0.19818848  0.19630602  0.00029783  
1032        0.21692672  0.19632600  0.00029821  
1033        0.20702200  0.19633636  0.00029810  
1034        0.20659328  0.19634628  0.00029797  
1035        0.21230208  0.19636169  0.00029809  
1036        0.20232448  0.19636745  0.00029785  
1037        0.20372728  0.19637454  0.00029765  
1038        0.19273088  0.19637103  0.00029738  
1039        0.18905952  0.19636400  0.00029718  
1040        0.19304192  0.19636080  0.00029691  
1041        0.19731328  0.19636172  0.00029663  
1042        0.18937952  0.19635502  0.00029642  
1043        0.18450552  0.19634366  0.00029635  
1044        0.20494208  0.19635189  0.00029618  
1045        0.20377208  0.19635899  0.00029599  
1046        0.19832192  0.19636087  0.00029571  
1047        0.20410808  0.19636827  0.00029552  
1048        0.20672000  0.19637815  0.00029540  
1049        0.18718592  0.19636938  0.00029525  
1050        0.20515200  0.19637775  0.00029509  
1051        0.21977952  0.19640001  0.00029565  
1052        0.19560192  0.19639926  0.00029537  
1053        0.20831288  0.19641057  0.00029530  
1054        0.18560632  0.19640032  0.00029520  
1055        0.18860800  0.19639293  0.00029501  
1056        0.19695200  0.19639346  0.00029473  
1057        0.19691192  0.19639395  0.00029445  
1058        0.18928768  0.19638724  0.00029425  
1059        0.20499200  0.19639536  0.00029409  
1060        0.22094200  0.19641852  0.00029472  
1061        0.18706808  0.19640971  0.00029457  
1062        0.19673528  0.19641001  0.00029430  
1063        0.19955168  0.19641297  0.00029403  
1064        0.18540800  0.19640263  0.00029394  
1065        0.19594552  0.19640220  0.00029366  
1066        0.19398200  0.19639993  0.00029340  
1067        0.18976248  0.19639370  0.00029319  
1068        0.18715488  0.19638505  0.00029304  
1069        0.19935800  0.19638784  0.00029278  
1070        0.19367800  0.19638530  0.00029252  
1071        0.20231800  0.19639084  0.00029230  
1072        0.18879352  0.19638376  0.00029211  
1073        0.18880768  0.19637669  0.00029192  
1074        0.20185568  0.19638180  0.00029170  
1075        0.19570912  0.19638117  0.00029143  
1076        0.19361632  0.19637860  0.00029117  
1077        0.19891968  0.19638096  0.00029090  
1078        0.18629248  0.19637160  0.00029079  
1079        0.19611872  0.19637137  0.00029052  
1080        0.20024800  0.19637496  0.00029027  
1081        0.19118648  0.19637016  0.00029004  
1082        0.19833592  0.19637197  0.00028978  
1083        0.19005048  0.19636614  0.00028957  
1084        0.18896000  0.19635930  0.00028938  
1085        0.21103800  0.19637283  0.00028943  
1086        0.20284472  0.19637879  0.00028923  
1087        0.19925368  0.19638144  0.00028897  
1088        0.20187232  0.19638648  0.00028875  
1089        0.19713248  0.19638717  0.00028849  
1090        0.18022648  0.19637234  0.00028860  
1091        0.17891200  0.19635634  0.00028878  
1092        0.19668608  0.19635664  0.00028852  
1093        0.20156928  0.19636141  0.00028829  
1094        0.18946432  0.19635511  0.00028810  
1095        0.18735032  0.19634688  0.00028795  
1096        0.19175672  0.19634269  0.00028772  
1097        0.19260512  0.19633929  0.00028748  
1098        0.19320800  0.19633643  0.00028723  
1099        0.18867000  0.19632946  0.00028705  
1100        0.18200248  0.19631643  0.00028709  
1101        0.20883512  0.19632780  0.00028705  
1102        0.19814328  0.19632945  0.00028680  
1103        0.20979712  0.19634166  0.00028680  
1104        0.19717048  0.19634241  0.00028654  
1105        0.19976312  0.19634551  0.00028629  
1106        0.19459192  0.19634392  0.00028604  
1107        0.18483552  0.19633353  0.00028597  
1108        0.19451488  0.19633189  0.00028572  
1109        0.20431800  0.19633909  0.00028555  
1110        0.20136800  0.19634362  0.00028533  
1111        0.19538872  0.19634276  0.00028507  
1112        0.18218872  0.19633003  0.00028510  
1113        0.17055800  0.19630687  0.00028578  
1114        0.21067512  0.19631977  0.00028582  
1115        0.19875552  0.19632196  0.00028557  
1116        0.19360128  0.19631952  0.00028532  
1117        0.18136448  0.19630613  0.00028538  
1118        0.18839648  0.19629906  0.00028522  
1119        0.20619488  0.19630790  0.00028510  
1120        0.18472248  0.19629755  0.00028503  
1121        0.17846648  0.19628165  0.00028522  
1122        0.19917048  0.19628422  0.00028498  
1123        0.20254008  0.19628979  0.00028478  
1124        0.19739488  0.19629078  0.00028453  
1125        0.19870328  0.19629292  0.00028428  
1126        0.17882752  0.19627741  0.00028445  
1127        0.20877112  0.19628850  0.00028442  
1128        0.17859712  0.19627281  0.00028460  
1129        0.20642232  0.19628180  0.00028449  
1130        0.20409272  0.19628871  0.00028432  
1131        0.20404608  0.19629557  0.00028415  
1132        0.19086688  0.19629078  0.00028394  
1133        0.17789048  0.19627454  0.00028415  
1134        0.19258752  0.19627129  0.00028392  
1135        0.19609568  0.19627113  0.00028367  
1136        0.19701728  0.19627179  0.00028342  
1137        0.20461752  0.19627913  0.00028327  
1138        0.19486048  0.19627788  0.00028302  
1139        0.19562752  0.19627731  0.00028277  
1140        0.18505912  0.19626747  0.00028270  
1141        0.18594168  0.19625842  0.00028259  
1142        0.20152288  0.19626303  0.00028238  
1143        0.19992832  0.19626624  0.00028215  
1144        0.18311608  0.19625474  0.00028214  
1145        0.19645688  0.19625492  0.00028190  
1146        0.19385912  0.19625283  0.00028166  
1147        0.19679032  0.19625330  0.00028141  
1148        0.22348472  0.19627702  0.00028217  
1149        0.20079200  0.19628095  0.00028195  
1150        0.20868472  0.19629173  0.00028191  
1151        0.17671800  0.19627473  0.00028218  
1152        0.19428088  0.19627300  0.00028194  
1153        0.19543992  0.19627227  0.00028169  
1154        0.20785408  0.19628231  0.00028163  
1155        0.20965248  0.19629389  0.00028162  
1156        0.20016312  0.19629723  0.00028140  
1157        0.19737088  0.19629816  0.00028116  
1158        0.19880032  0.19630032  0.00028092  
1159        0.18476800  0.19629037  0.00028085  
1160        0.20692472  0.19629954  0.00028076  
1161        0.18964992  0.19629381  0.00028058  
1162        0.19877888  0.19629595  0.00028035  
1163        0.19895800  0.19629824  0.00028011  
1164        0.18297952  0.19628680  0.00028011  
1165        0.21849088  0.19630586  0.00028051  
1166        0.18743648  0.19629825  0.00028038  
1167        0.18051712  0.19628473  0.00028046  
1168        0.19230208  0.19628132  0.00028024  
1169        0.21784288  0.19629976  0.00028061  
1170        0.19221728  0.19629627  0.00028039  
1171        0.19853312  0.19629818  0.00028016  
1172        0.19870208  0.19630023  0.00027993  
1173        0.19862712  0.19630222  0.00027970  
1174        0.19942648  0.19630488  0.00027947  
1175        0.18646528  0.19629650  0.00027936  
1176        0.20286200  0.19630209  0.00027918  
1177        0.17846200  0.19628693  0.00027935  
1178        0.20885112  0.19629760  0.00027932  
1179        0.19731832  0.19629846  0.00027908  
1180        0.19389112  0.19629642  0.00027885  
1181        0.21085048  0.19630874  0.00027889  
1182        0.20595328  0.19631690  0.00027877  
1183        0.19975008  0.19631981  0.00027855  
1184        0.19257568  0.19631664  0.00027833  
1185        0.19947872  0.19631931  0.00027811  
1186        0.19001088  0.19631399  0.00027793  
1187        0.20489272  0.19632122  0.00027779  
1188        0.19823200  0.19632283  0.00027756  
1189        0.18043000  0.19630946  0.00027765  
1190        0.19580800  0.19630904  0.00027741  
1191        0.20040832  0.19631248  0.00027720  
1192        0.17927032  0.19629819  0.00027734  
1193        0.19998048  0.19630127  0.00027712  
1194        0.18355192  0.19629059  0.00027710  
1195        0.18319672  0.19627964  0.00027708  
1196        0.18930912  0.19627381  0.00027691  
1197        0.20498912  0.19628109  0.00027677  
1198        0.21271800  0.19629481  0.00027688  
1199        0.20984032  0.19630611  0.00027688  
1200        0.17947488  0.19629208  0.00027701  
1201        0.19251328  0.19628893  0.00027679  
1202        0.18947200  0.19628326  0.00027662  
1203        0.19724408  0.19628406  0.00027639  
1204        0.20521912  0.19629148  0.00027626  
1205        0.20727608  0.19630060  0.00027618  
1206        0.19640448  0.19630069  0.00027596  
1207        0.20455800  0.19630753  0.00027581  
1208        0.19500000  0.19630644  0.00027559  
1209        0.19113208  0.19630216  0.00027539  
1210        0.20638688  0.19631050  0.00027529  
1211        0.18600800  0.19630199  0.00027519  
1212        0.18723808  0.19629451  0.00027507  
1213        0.20216800  0.19629935  0.00027488  
1214        0.19487800  0.19629818  0.00027466  
1215        0.20539488  0.19630567  0.00027454  
1216        0.18768632  0.19629858  0.00027440  
1217        0.19580792  0.19629818  0.00027418  
1218        0.20821368  0.19630796  0.00027413  
1219        0.19276000  0.19630505  0.00027392  
1220        0.20172800  0.19630950  0.00027373  
1221        0.19126368  0.19630536  0.00027353  
1222        0.19891768  0.19630750  0.00027332  
1223        0.18960768  0.19630202  0.00027315  
1224        0.20472448  0.19630891  0.00027301  
1225        0.20462592  0.19631569  0.00027288  
1226        0.18960312  0.19631022  0.00027271  
1227        0.18519352  0.19630116  0.00027264  
1228        0.18435328  0.19629143  0.00027259  
1229        0.19955072  0.19629408  0.00027238  
1230        0.19911800  0.19629638  0.00027217  
1231        0.18854008  0.19629008  0.00027202  
1232        0.19095992  0.19628575  0.00027183  
1233        0.21086688  0.19629758  0.00027187  
1234        0.17555968  0.19628077  0.00027217  
1235        0.20351352  0.19628663  0.00027201  
1236        0.19584128  0.19628627  0.00027179  
1237        0.20323808  0.19629189  0.00027163  
1238        0.21060728  0.19630345  0.00027166  
1239        0.19295608  0.19630075  0.00027145  
1240        0.20377952  0.19630678  0.00027130  
1241        0.18211072  0.19629534  0.00027132  
1242        0.18242912  0.19628418  0.00027133  
1243        0.20224128  0.19628897  0.00027116  
1244        0.19282528  0.19628618  0.00027095  
1245        0.19220152  0.19628290  0.00027075  
1246        0.20047200  0.19628627  0.00027056  
1247        0.20170872  0.19629061  0.00027038  
1248        0.20406328  0.19629684  0.00027023  
1249        0.19408248  0.19629507  0.00027002  
1250        0.20631392  0.19630308  0.00026992  
1251        0.19409408  0.19630132  0.00026971  
1252        0.18756792  0.19629434  0.00026959  
1253        0.19265632  0.19629144  0.00026939  
1254        0.19644472  0.19629156  0.00026917  
1255        0.18687200  0.19628406  0.00026906  
1256        0.19740408  0.19628495  0.00026885  
1257        0.18685688  0.19627745  0.00026874  
1258        0.18439288  0.19626800  0.00026869  
1259        0.19791352  0.19626931  0.00026848  
1260        0.19196800  0.19626589  0.00026829  
1261        0.19022328  0.19626110  0.00026812  
1262        0.19633208  0.19626116  0.00026791  
1263        0.17843832  0.19624705  0.00026807  
1264        0.18708472  0.19623980  0.00026795  
1265        0.19611872  0.19623970  0.00026774  
1266        0.19792632  0.19624103  0.00026753  
1267        0.19240448  0.19623801  0.00026734  
1268        0.21091712  0.19624958  0.00026738  
1269        0.19916792  0.19625188  0.00026718  
1270        0.20646200  0.19625992  0.00026709  
1271        0.19655928  0.19626016  0.00026688  
1272        0.18519352  0.19625146  0.00026681  
1273        0.19404152  0.19624972  0.00026661  
1274        0.21388512  0.19626356  0.00026676  
1275        0.20468408  0.19627017  0.00026663  
1276        0.19799392  0.19627152  0.00026642  
1277        0.19970552  0.19627421  0.00026623  
1278        0.19379200  0.19627227  0.00026603  
1279        0.19513208  0.19627137  0.00026582  
1280        0.20235192  0.19627612  0.00026566  
1281        0.20469728  0.19628270  0.00026553  
1282        0.20234752  0.19628743  0.00026536  
1283        0.21004000  0.19629815  0.00026537  
1284        0.19979192  0.19630087  0.00026518  
1285        0.20725048  0.19630939  0.00026511  
1286        0.19199608  0.19630604  0.00026493  
1287        0.20874112  0.19631570  0.00026490  
1288        0.21085312  0.19632699  0.00026493  
1289        0.19433568  0.19632544  0.00026473  
1290        0.19539200  0.19632472  0.00026453  
1291        0.20187872  0.19632902  0.00026436  
1292        0.18892800  0.19632329  0.00026421  
1293        0.18505528  0.19631458  0.00026415  
1294        0.19459712  0.19631325  0.00026395  
1295        0.19912800  0.19631542  0.00026376  
1296        0.19563000  0.19631489  0.00026355  
1297        0.20733688  0.19632339  0.00026349  
1298        0.19260800  0.19632053  0.00026330  
1299        0.21043552  0.19633140  0.00026332  
1300        0.20272312  0.19633631  0.00026317  
1301        0.19045728  0.19633179  0.00026300  
1302        0.18041208  0.19631957  0.00026308  
1303        0.19664632  0.19631982  0.00026288  
1304        0.19934592  0.19632214  0.00026269  
1305        0.19173472  0.19631862  0.00026251  
1306        0.19893432  0.19632062  0.00026232  
1307        0.19164728  0.19631705  0.00026214  
1308        0.18601592  0.19630917  0.00026206  
1309        0.20367800  0.19631480  0.00026192  
1310        0.18207800  0.19630394  0.00026195  
1311        0.19773312  0.19630503  0.00026175  
1312        0.20793208  0.19631389  0.00026170  
1313        0.18140088  0.19630253  0.00026175  
1314        0.20007992  0.19630540  0.00026156  
1315        0.17623800  0.19629014  0.00026181  
1316        0.18133432  0.19627878  0.00026186  
1317        0.19804472  0.19628012  0.00026166  
1318        0.19833568  0.19628168  0.00026147  
1319        0.19276000  0.19627901  0.00026128  
1320        0.19417312  0.19627741  0.00026109  
1321        0.19235968  0.19627445  0.00026091  
1322        0.19257912  0.19627165  0.00026073  
1323        0.16805112  0.19625032  0.00026140  
1324        0.19976192  0.19625297  0.00026122  
1325        0.19620088  0.19625294  0.00026102  
1326        0.20339552  0.19625832  0.00026088  
1327        0.20163200  0.19626237  0.00026071  
1328        0.20415672  0.19626832  0.00026059  
1329        0.20305632  0.19627342  0.00026044  
1330        0.20568800  0.19628050  0.00026034  
1331        0.20539488  0.19628735  0.00026023  
1332        0.19921272  0.19628955  0.00026005  
1333        0.19977272  0.19629216  0.00025987  
1334        0.19619712  0.19629209  0.00025967  
1335        0.22178688  0.19631119  0.00026018  
1336        0.19139128  0.19630750  0.00026001  
1337        0.20641152  0.19631506  0.00025992  
1338        0.20003968  0.19631784  0.00025975  
1339        0.18791008  0.19631156  0.00025963  
1340        0.21373688  0.19632457  0.00025976  
1341        0.19399008  0.19632283  0.00025957  
1342        0.20305632  0.19632785  0.00025943  
1343        0.18385408  0.19631856  0.00025940  
1344        0.18995712  0.19631382  0.00025925  
1345        0.19240800  0.19631092  0.00025907  
1346        0.19471328  0.19630973  0.00025888  
1347        0.21152248  0.19632103  0.00025894  
1348        0.19365688  0.19631905  0.00025875  
1349        0.21075552  0.19632975  0.00025878  
1350        0.19400448  0.19632803  0.00025860  
1351        0.18499808  0.19631964  0.00025854  
1352        0.21048800  0.19633012  0.00025856  
1353        0.19989728  0.19633276  0.00025838  
1354        0.20580608  0.19633976  0.00025829  
1355        0.18369152  0.19633042  0.00025827  
1356        0.21154168  0.19634164  0.00025832  
1357        0.19928288  0.19634381  0.00025814  
1358        0.19647200  0.19634390  0.00025795  
1359        0.21304448  0.19635619  0.00025805  
1360        0.19369912  0.19635424  0.00025787  
1361        0.20082688  0.19635752  0.00025770  
1362        0.18725728  0.19635084  0.00025760  
1363        0.19319168  0.19634852  0.00025742  
1364        0.22657408  0.19637068  0.00025818  
1365        0.19635968  0.19637067  0.00025799  
1366        0.20847928  0.19637954  0.00025796  
1367        0.20467552  0.19638561  0.00025784  
1368        0.20074752  0.19638880  0.00025767  
1369        0.20830648  0.19639750  0.00025763  
1370        0.18120832  0.19638641  0.00025768  
1371        0.19643448  0.19638645  0.00025749  
1372        0.19165688  0.19638300  0.00025733  
1373        0.19333888  0.19638079  0.00025715  
1374        0.19623168  0.19638068  0.00025696  
1375        0.17028792  0.19636170  0.00025748  
1376        0.20311800  0.19636661  0.00025733  
1377        0.19616128  0.19636646  0.00025715  
1378        0.18254392  0.19635643  0.00025716  
1379        0.19468088  0.19635522  0.00025697  
1380        0.19724792  0.19635586  0.00025679  
1381        0.19379712  0.19635401  0.00025661  
1382        0.19085688  0.19635003  0.00025645  
1383        0.20047992  0.19635302  0.00025629  
1384        0.19513912  0.19635214  0.00025610  
1385        0.21341792  0.19636446  0.00025621  
1386        0.20093048  0.19636776  0.00025605  
1387        0.20158392  0.19637152  0.00025589  
1388        0.18647032  0.19636438  0.00025581  
1389        0.18403712  0.19635551  0.00025578  
1390        0.17949688  0.19634338  0.00025588  
1391        0.19015992  0.19633894  0.00025574  
1392        0.20123000  0.19634245  0.00025558  
1393        0.19023992  0.19633807  0.00025543  
1394        0.19301048  0.19633568  0.00025526  
1395        0.19361152  0.19633373  0.00025508  
1396        0.18855800  0.19632816  0.00025496  
1397        0.18772608  0.19632200  0.00025485  
1398        0.19547768  0.19632140  0.00025467  
1399        0.18990648  0.19631681  0.00025453  
1400        0.20882272  0.19632574  0.00025450  
1401        0.19570272  0.19632530  0.00025432  
1402        0.19595488  0.19632504  0.00025414  
1403        0.18716800  0.19631851  0.00025404  
1404        0.17625528  0.19630422  0.00025427  
1405        0.18835000  0.19629856  0.00025415  
1406        0.21161952  0.19630945  0.00025420  
1407        0.19323648  0.19630727  0.00025403  
1408        0.19887288  0.19630909  0.00025386  
1409        0.18200800  0.19629894  0.00025388  
1410        0.20469752  0.19630490  0.00025377  
1411        0.21151992  0.19631568  0.00025382  
1412        0.20308608  0.19632048  0.00025368  
1413        0.20602752  0.19632735  0.00025360  
1414        0.19789792  0.19632846  0.00025342  
1415        0.17939968  0.19631649  0.00025352  
1416        0.20494200  0.19632259  0.00025342  
1417        0.19294328  0.19632020  0.00025325  
1418        0.20379000  0.19632547  0.00025312  
1419        0.20473088  0.19633139  0.00025302  
1420        0.19744128  0.19633217  0.00025284  
1421        0.18991032  0.19632765  0.00025270  
1422        0.20650752  0.19633481  0.00025262  
1423        0.19372792  0.19633298  0.00025245  
1424        0.19328608  0.19633084  0.00025229  
1425        0.19219768  0.19632794  0.00025213  
1426        0.20026848  0.19633070  0.00025196  
1427        0.20017272  0.19633340  0.00025180  
1428        0.17577568  0.19631900  0.00025204  
1429        0.20152568  0.19632264  0.00025189  
1430        0.20696448  0.19633009  0.00025182  
1431        0.18673408  0.19632338  0.00025173  
1432        0.20870200  0.19633202  0.00025171  
1433        0.18647800  0.19632515  0.00025162  
1434        0.20856800  0.19633369  0.00025159  
1435        0.19136352  0.19633022  0.00025144  
1436        0.20863992  0.19633879  0.00025141  
1437        0.18007008  0.19632747  0.00025149  
1438        0.19861432  0.19632906  0.00025132  
1439        0.19165048  0.19632581  0.00025117  
1440        0.20598072  0.19633252  0.00025108  
1441        0.20502648  0.19633855  0.00025098  
1442        0.20222200  0.19634263  0.00025084  
1443        0.19839352  0.19634405  0.00025067  
1444        0.19542072  0.19634341  0.00025050  
1445        0.19978168  0.19634579  0.00025034  
1446        0.20167288  0.19634948  0.00025019  
1447        0.19086200  0.19634568  0.00025005  
1448        0.18547072  0.19633817  0.00024999  
1449        0.20456288  0.19634385  0.00024988  
1450        0.20204288  0.19634778  0.00024974  
1451        0.20159200  0.19635139  0.00024959  
1452        0.20538752  0.19635762  0.00024950  
1453        0.19288832  0.19635523  0.00024934  
1454        0.21194112  0.19636595  0.00024940  
1455        0.18880888  0.19636075  0.00024928  
1456        0.19042168  0.19635668  0.00024914  
1457        0.18585912  0.19634947  0.00024907  
1458        0.20066528  0.19635243  0.00024892  
1459        0.19297272  0.19635011  0.00024876  
1460        0.18968448  0.19634555  0.00024863  
1461        0.20543608  0.19635177  0.00024854  
1462        0.19382392  0.19635004  0.00024838  
1463        0.18224128  0.19634040  0.00024839  
1464        0.20087800  0.19634350  0.00024824  
1465        0.21027192  0.19635300  0.00024825  
1466        0.20547000  0.19635922  0.00024816  
1467        0.17582072  0.19634522  0.00024839  
1468        0.19779072  0.19634621  0.00024822  
1469        0.19260512  0.19634366  0.00024807  
1470        0.17653728  0.19633019  0.00024826  
1471        0.19791200  0.19633126  0.00024810  
1472        0.19676088  0.19633155  0.00024793  
1473        0.20354912  0.19633645  0.00024781  
1474        0.20891000  0.19634498  0.00024779  
1475        0.18184800  0.19633516  0.00024781  
1476        0.21021688  0.19634456  0.00024782  
1477        0.18625632  0.19633773  0.00024775  
1478        0.18316408  0.19632882  0.00024774  
1479        0.18243192  0.19631942  0.00024775  
1480        0.21303800  0.19633072  0.00024784  
1481        0.18861792  0.19632551  0.00024773  
1482        0.20608128  0.19633209  0.00024765  
1483        0.18546232  0.19632476  0.00024759  
1484        0.19093248  0.19632113  0.00024745  
1485        0.21046368  0.19633065  0.00024747  
1486        0.17629112  0.19631717  0.00024767  
1487        0.18416568  0.19630900  0.00024764  
1488        0.19758208  0.19630985  0.00024747  
1489        0.19862200  0.19631140  0.00024731  
1490        0.21863032  0.19632638  0.00024760  
1491        0.18202112  0.19631679  0.00024762  
1492        0.20506552  0.19632265  0.00024752  
1493        0.21163872  0.19633291  0.00024757  
1494        0.18879800  0.19632787  0.00024746  
1495        0.20024448  0.19633049  0.00024730  
1496        0.19219448  0.19632772  0.00024715  
1497        0.19260032  0.19632523  0.00024700  
1498        0.19132088  0.19632189  0.00024686  
1499        0.17486592  0.19630758  0.00024711  
1500        0.20816000  0.19631548  0.00024707  
1501        0.18902200  0.19631062  0.00024695  
1502        0.19127032  0.19630727  0.00024681  
1503        0.18902648  0.19630242  0.00024670  
1504        0.21355192  0.19631389  0.00024680  
1505        0.18553952  0.19630673  0.00024674  
1506        0.18351328  0.19629824  0.00024672  
1507        0.18414392  0.19629017  0.00024669  
1508        0.19099448  0.19628666  0.00024655  
1509        0.18863200  0.19628159  0.00024644  
1510        0.18765568  0.19627587  0.00024634  
1511        0.19179872  0.19627291  0.00024620  
1512        0.19631672  0.19627294  0.00024603  
1513        0.19911992  0.19627482  0.00024588  
1514        0.19556192  0.19627435  0.00024572  
1515        0.17920312  0.19626308  0.00024581  
1516        0.17907000  0.19625174  0.00024591  
1517        0.22967928  0.19627378  0.00024674  
1518        0.19759200  0.19627465  0.00024657  
1519        0.20447672  0.19628005  0.00024647  
1520        0.19415032  0.19627864  0.00024631  
1521        0.18223032  0.19626941  0.00024632  
1522        0.19395072  0.19626788  0.00024617  
1523        0.19576832  0.19626756  0.00024601  
1524        0.19788672  0.19626862  0.00024585  
1525        0.20195072  0.19627235  0.00024571  
1526        0.17026432  0.19625530  0.00024614  
1527        0.18947200  0.19625086  0.00024602  
1528        0.19367008  0.19624917  0.00024587  
1529        0.18500608  0.19624182  0.00024582  
1530        0.19146808  0.19623870  0.00024567  
1531        0.19945952  0.19624080  0.00024552  
1532        0.18366200  0.19623259  0.00024550  
1533        0.19752448  0.19623343  0.00024534  
1534        0.19671288  0.19623375  0.00024518  
1535        0.19903032  0.19623557  0.00024503  
1536        0.18770528  0.19623001  0.00024493  
1537        0.20526048  0.19623589  0.00024484  
1538        0.18540152  0.19622884  0.00024479  
1539        0.18834432  0.19622372  0.00024468  
1540        0.19459712  0.19622267  0.00024452  
1541        0.19044088  0.19621891  0.00024439  
1542        0.20052352  0.19622171  0.00024425  
1543        0.18976000  0.19621752  0.00024413  
1544        0.18265568  0.19620873  0.00024413  
1545        0.19468928  0.19620775  0.00024397  
1546        0.20877312  0.19621588  0.00024395  
1547        0.20190968  0.19621956  0.00024382  
1548        0.20412728  0.19622467  0.00024372  
1549        0.20485112  0.19623024  0.00024362  
1550        0.19724000  0.19623089  0.00024347  
1551        0.20535992  0.19623677  0.00024338  
1552        0.19708800  0.19623732  0.00024322  
1553        0.19347200  0.19623554  0.00024307  
1554        0.19433568  0.19623432  0.00024292  
1555        0.20175200  0.19623787  0.00024279  
1556        0.19614200  0.19623781  0.00024263  
1557        0.19456992  0.19623673  0.00024248  
1558        0.20850232  0.19624461  0.00024245  
1559        0.20771552  0.19625196  0.00024241  
1560        0.19909728  0.19625379  0.00024226  
1561        0.19088568  0.19625035  0.00024213  
1562        0.19266432  0.19624805  0.00024198  
1563        0.17548792  0.19623477  0.00024219  
1564        0.20830048  0.19624249  0.00024216  
1565        0.19923000  0.19624440  0.00024202  
1566        0.20196088  0.19624805  0.00024189  
1567        0.19587200  0.19624781  0.00024173  
1568        0.20997728  0.19625656  0.00024174  
1569        0.21591608  0.19626909  0.00024191  
1570        0.22887928  0.19628986  0.00024265  
1571        0.19125728  0.19628666  0.00024251  
1572        0.20340728  0.19629119  0.00024240  
1573        0.18257632  0.19628247  0.00024240  
1574        0.19923712  0.19628435  0.00024226  
1575        0.17918592  0.19627349  0.00024235  
1576        0.19199352  0.19627078  0.00024221  
1577        0.19429728  0.19626952  0.00024206  
1578        0.21517432  0.19628150  0.00024220  
1579        0.19504888  0.19628072  0.00024205  
1580        0.19409408  0.19627934  0.00024190  
1581        0.20091232  0.19628227  0.00024176  
1582        0.19169152  0.19627937  0.00024163  
1583        0.19889208  0.19628102  0.00024148  
1584        0.20992992  0.19628964  0.00024148  
1585        0.18833152  0.19628461  0.00024138  
1586        0.20553848  0.19629045  0.00024130  
1587        0.19390592  0.19628895  0.00024115  
1588        0.20103800  0.19629194  0.00024102  
1589        0.19480312  0.19629100  0.00024087  
1590        0.19554272  0.19629053  0.00024072  
1591        0.18792448  0.19628527  0.00024062  
1592        0.19120000  0.19628208  0.00024049  
1593        0.19081952  0.19627865  0.00024037  
1594        0.20028792  0.19628116  0.00024023  
1595        0.19999032  0.19628349  0.00024009  
1596        0.18100992  0.19627392  0.00024013  
1597        0.19650272  0.19627406  0.00023998  
1598        0.18668792  0.19626806  0.00023991  
1599        0.18272312  0.19625959  0.00023990  
1600        0.19486392  0.19625872  0.00023976  
1601        0.19404800  0.19625734  0.00023961  
1602        0.19866752  0.19625884  0.00023947  
1603        0.20691192  0.19626549  0.00023941  
1604        0.19499488  0.19626470  0.00023926  
1605        0.21522808  0.19627651  0.00023940  
1606        0.19546168  0.19627600  0.00023925  
1607        0.18800992  0.19627086  0.00023916  
1608        0.17944568  0.19626040  0.00023924  
1609        0.18374200  0.19625262  0.00023922  
1610        0.20124000  0.19625572  0.00023909  
1611        0.18365688  0.19624789  0.00023907  
1612        0.20800608  0.19625519  0.00023903  
1613        0.20323712  0.19625952  0.00023892  
1614        0.18103392  0.19625008  0.00023896  
1615        0.19674488  0.19625039  0.00023881  
1616        0.19782712  0.19625137  0.00023867  
1617        0.20040448  0.19625393  0.00023853  
1618        0.19332472  0.19625212  0.00023839  
1619        0.20891000  0.19625994  0.00023837  
1620        0.17726968  0.19624822  0.00023852  
1621        0.19375608  0.19624668  0.00023837  
1622        0.20133888  0.19624982  0.00023825  
1623        0.18822648  0.19624488  0.00023815  
1624        0.18671800  0.19623901  0.00023808  
1625        0.18417408  0.19623159  0.00023805  
1626        0.21619968  0.19624387  0.00023822  
1627        0.21032632  0.19625252  0.00023823  
1628        0.19166968  0.19624971  0.00023810  
1629        0.20328888  0.19625403  0.00023799  
1630        0.19155200  0.19625114  0.00023786  
1631        0.17954912  0.19624090  0.00023794  
1632        0.20188672  0.19624436  0.00023782  
1633        0.18595000  0.19623806  0.00023775  
1634        0.18070200  0.19622855  0.00023780  
1635        0.20258552  0.19623244  0.00023769  
1636        0.20944632  0.19624052  0.00023768  
1637        0.20556032  0.19624621  0.00023760  
1638        0.19030712  0.19624258  0.00023748  
1639        0.19126200  0.19623955  0.00023736  
1640        0.21831648  0.19625301  0.00023759  
1641        0.18849152  0.19624828  0.00023750  
1642        0.17969152  0.19623819  0.00023757  
1643        0.19346528  0.19623651  0.00023743  
1644        0.21218488  0.19624621  0.00023748  
1645        0.20068088  0.19624890  0.00023735  
1646        0.18404792  0.19624149  0.00023732  
1647        0.20290552  0.19624554  0.00023721  
1648        0.20581888  0.19625135  0.00023714  
1649        0.19410432  0.19625004  0.00023700  
1650        0.18547808  0.19624352  0.00023695  
1651        0.20239352  0.19624724  0.00023683  
1652        0.19950688  0.19624921  0.00023670  
1653        0.18515072  0.19624250  0.00023665  
1654        0.17887928  0.19623200  0.00023674  
1655        0.18388792  0.19622454  0.00023671  
1656        0.18377912  0.19621703  0.00023669  
1657        0.18071992  0.19620768  0.00023673  
1658        0.19922808  0.19620950  0.00023660  
1659        0.19251448  0.19620727  0.00023646  
1660        0.19012992  0.19620361  0.00023635  
1661        0.18592608  0.19619742  0.00023629  
1662        0.18516352  0.19619078  0.00023624  
1663        0.19630688  0.19619085  0.00023610  
1664        0.18789432  0.19618587  0.00023601  
1665        0.18355448  0.19617828  0.00023599  
1666        0.20940800  0.19618622  0.00023598  
1667        0.18552832  0.19617983  0.00023593  
1668        0.21095392  0.19618868  0.00023595  
1669        0.19647200  0.19618885  0.00023581  
1670        0.21773688  0.19620176  0.00023602  
1671        0.19762232  0.19620261  0.00023588  
1672        0.20220408  0.19620620  0.00023577  
1673        0.20903928  0.19621387  0.00023575  
1674        0.20810552  0.19622097  0.00023572  
1675        0.19656800  0.19622118  0.00023558  
1676        0.19774592  0.19622209  0.00023544  
1677        0.18844672  0.19621745  0.00023534  
1678        0.18684800  0.19621187  0.00023527  
1679        0.18760800  0.19620674  0.00023518  
1680        0.19582592  0.19620652  0.00023504  
1681        0.19564152  0.19620618  0.00023490  
1682        0.19737088  0.19620687  0.00023477  
1683        0.19178232  0.19620424  0.00023464  
1684        0.20697912  0.19621064  0.00023459  
1685        0.19976832  0.19621275  0.00023446  
1686        0.20743648  0.19621941  0.00023441  
1687        0.19997752  0.19622164  0.00023429  
1688        0.19546208  0.19622119  0.00023415  
1689        0.19572352  0.19622089  0.00023401  
1690        0.19663032  0.19622114  0.00023387  
1691        0.19480800  0.19622030  0.00023373  
1692        0.20371192  0.19622473  0.00023364  
1693        0.18701048  0.19621929  0.00023356  
1694        0.20720312  0.19622577  0.00023352  
1695        0.18972800  0.19622194  0.00023341  
1696        0.21504992  0.19623304  0.00023354  
1697        0.20792800  0.19623993  0.00023350  
1698        0.19434808  0.19623882  0.00023336  
1699        0.19644800  0.19623894  0.00023323  
1700        0.19020792  0.19623539  0.00023312  
1701        0.18936192  0.19623135  0.00023302  
1702        0.20120448  0.19623427  0.00023290  
1703        0.21712000  0.19624654  0.00023308  
1704        0.18273152  0.19623860  0.00023308  
1705        0.17959168  0.19622884  0.00023315  
1706        0.18134272  0.19622012  0.00023318  
1707        0.18892088  0.19621584  0.00023308  
1708        0.19928800  0.19621764  0.00023295  
1709        0.18571648  0.19621149  0.00023289  
1710        0.19347552  0.19620989  0.00023276  
1711        0.19260800  0.19620779  0.00023264  
1712        0.19121408  0.19620487  0.00023252  
1713        0.19436000  0.19620379  0.00023238  
1714        0.20546432  0.19620920  0.00023231  
1715        0.17283192  0.19619557  0.00023258  
1716        0.20078200  0.19619824  0.00023246  
1717        0.20697272  0.19620451  0.00023241  
1718        0.18289408  0.19619677  0.00023240  
1719        0.18525312  0.19619040  0.00023235  
1720        0.18759032  0.19618540  0.00023227  
1721        0.18900408  0.19618123  0.00023217  
1722        0.18610912  0.19617538  0.00023211  
1723        0.21409248  0.19618578  0.00023221  
1724        0.19586168  0.19618559  0.00023207  
1725        0.21271648  0.19619517  0.00023214  
1726        0.18841528  0.19619066  0.00023205  
1727        0.19303800  0.19618884  0.00023192  
1728        0.18818168  0.19618421  0.00023183  
1729        0.19394232  0.19618291  0.00023170  
1730        0.20259712  0.19618662  0.00023160  
1731        0.20703352  0.19619288  0.00023155  
1732        0.19378168  0.19619149  0.00023142  
1733        0.18348800  0.19618416  0.00023140  
1734        0.18744448  0.19617912  0.00023132  
1735        0.19758200  0.19617993  0.00023119  
1736        0.18697592  0.19617463  0.00023112  
1737        0.19464248  0.19617374  0.00023099  
1738        0.18039008  0.19616466  0.00023103  
1739        0.20495928  0.19616972  0.00023096  
1740        0.19745848  0.19617046  0.00023082  
1741        0.18871800  0.19616618  0.00023073  
1742        0.19678200  0.19616653  0.00023060  
1743        0.19521632  0.19616599  0.00023047  
1744        0.19353208  0.19616448  0.00023034  
1745        0.17750200  0.19615378  0.00023046  
1746        0.20040800  0.19615622  0.00023034  
1747        0.19079992  0.19615315  0.00023023  
1748        0.19457408  0.19615225  0.00023010  
1749        0.21423800  0.19616259  0.00023020  
1750        0.20696248  0.19616876  0.00023015  
1751        0.20438008  0.19617345  0.00023006  
1752        0.20417632  0.19617802  0.00022998  
1753        0.19519352  0.19617746  0.00022985  
1754        0.20142648  0.19618045  0.00022974  
1755        0.20328888  0.19618450  0.00022964  
1756        0.19539552  0.19618405  0.00022951  
1757        0.20594232  0.19618961  0.00022945  
1758        0.19842912  0.19619088  0.00022932  
1759        0.19516728  0.19619030  0.00022919  
1760        0.19942968  0.19619214  0.00022907  
1761        0.19619072  0.19619214  0.00022894  
1762        0.18729568  0.19618709  0.00022886  
1763        0.22208952  0.19620178  0.00022920  
1764        0.19842432  0.19620304  0.00022908  
1765        0.19336448  0.19620143  0.00022895  
1766        0.19276672  0.19619949  0.00022883  
1767        0.18732408  0.19619446  0.00022876  
1768        0.21969152  0.19620776  0.00022901  
1769        0.19813432  0.19620884  0.00022889  
1770        0.18995552  0.19620531  0.00022879  
1771        0.19792568  0.19620628  0.00022866  
1772        0.20211200  0.19620962  0.00022855  
1773        0.18905912  0.19620558  0.00022846  
1774        0.19363072  0.19620413  0.00022834  
1775        0.19252728  0.19620206  0.00022822  
1776        0.18659768  0.19619665  0.00022815  
1777        0.21141248  0.19620521  0.00022818  
1778        0.20025088  0.19620749  0.00022807  
1779        0.19791800  0.19620845  0.00022794  
1780        0.18327392  0.19620118  0.00022793  
1781        0.19468000  0.19620033  0.00022780  
1782        0.20949728  0.19620779  0.00022780  
1783        0.19179232  0.19620532  0.00022768  
1784        0.18981248  0.19620173  0.00022758  
1785        0.20389472  0.19620604  0.00022750  
1786        0.20413952  0.19621048  0.00022741  
1787        0.19075968  0.19620743  0.00022731  
1788        0.18313912  0.19620013  0.00022730  
1789        0.19687648  0.19620050  0.00022717  
1790        0.20766208  0.19620691  0.00022713  
1791        0.20137848  0.19620979  0.00022702  
1792        0.20037888  0.19621212  0.00022691  
1793        0.18025208  0.19620322  0.00022696  
1794        0.19474432  0.19620241  0.00022683  
1795        0.20152952  0.19620537  0.00022672  
1796        0.19823800  0.19620651  0.00022660  
1797        0.20752768  0.19621281  0.00022656  
1798        0.20683000  0.19621871  0.00022651  
1799        0.19766328  0.19621951  0.00022639  
1800        0.19217632  0.19621727  0.00022627  
1801        0.19080448  0.19621426  0.00022617  
1802        0.21168992  0.19622285  0.00022621  
1803        0.18521208  0.19621674  0.00022616  
1804        0.19307872  0.19621500  0.00022604  
1805        0.19242752  0.19621291  0.00022593  
1806        0.20383200  0.19621712  0.00022584  
1807        0.18501432  0.19621092  0.00022580  
1808        0.20539872  0.19621601  0.00022574  
1809        0.20309248  0.19621981  0.00022564  
1810        0.17353528  0.19620727  0.00022587  
1811        0.18867808  0.19620312  0.00022578  
1812        0.18735672  0.19619823  0.00022571  
1813        0.20916152  0.19620538  0.00022570  
1814        0.18656632  0.19620007  0.00022564  
1815        0.18713528  0.19619508  0.00022557  
1816        0.19200952  0.19619277  0.00022545  
1817        0.19322848  0.19619114  0.00022534  
1818        0.20504192  0.19619601  0.00022526  
1819        0.20147808  0.19619891  0.00022516  
1820        0.20442848  0.19620343  0.00022508  
1821        0.19434848  0.19620242  0.00022496  
1822        0.19505408  0.19620179  0.00022484  
1823        0.20745472  0.19620796  0.00022480  
1824        0.20070008  0.19621042  0.00022469  
1825        0.19279800  0.19620855  0.00022457  
1826        0.19478968  0.19620777  0.00022445  
1827        0.19282528  0.19620592  0.00022434  
1828        0.21170272  0.19621440  0.00022437  
1829        0.19108152  0.19621159  0.00022427  
1830        0.19651552  0.19621176  0.00022415  
1831        0.20015200  0.19621391  0.00022403  
1832        0.20071800  0.19621637  0.00022392  
1833        0.20165752  0.19621934  0.00022382  
1834        0.18588288  0.19621370  0.00022377  
1835        0.19025528  0.19621046  0.00022367  
1836        0.19486208  0.19620972  0.00022355  
1837        0.19363808  0.19620832  0.00022343  
1838        0.19905528  0.19620987  0.00022332  
1839        0.18969952  0.19620633  0.00022323  
1840        0.20178232  0.19620936  0.00022312  
1841        0.19675832  0.19620966  0.00022300  
1842        0.19782368  0.19621054  0.00022288  
1843        0.21214200  0.19621918  0.00022293  
1844        0.18951800  0.19621555  0.00022284  
1845        0.21637432  0.19622647  0.00022299  
1846        0.20179808  0.19622949  0.00022289  
1847        0.19587968  0.19622930  0.00022277  
1848        0.20343648  0.19623320  0.00022268  
1849        0.20906752  0.19624014  0.00022267  
1850        0.19896288  0.19624161  0.00022255  
1851        0.20377952  0.19624569  0.00022247  
1852        0.19927992  0.19624732  0.00022235  
1853        0.20230328  0.19625059  0.00022226  
1854        0.19801088  0.19625154  0.00022214  
1855        0.20770912  0.19625772  0.00022211  
1856        0.19041152  0.19625457  0.00022201  
1857        0.20703288  0.19626037  0.00022197  
1858        0.18957792  0.19625678  0.00022187  
1859        0.19843712  0.19625795  0.00022176  
1860        0.18314848  0.19625090  0.00022175  
1861        0.19027768  0.19624769  0.00022166  
1862        0.18453248  0.19624140  0.00022163  
1863        0.18179808  0.19623365  0.00022164  
1864        0.18943032  0.19623000  0.00022155  
1865        0.20293728  0.19623359  0.00022146  
1866        0.20691712  0.19623932  0.00022142  
1867        0.19639800  0.19623940  0.00022130  
1868        0.18879672  0.19623542  0.00022122  
1869        0.19273952  0.19623355  0.00022111  
1870        0.19529952  0.19623305  0.00022099  
1871        0.19775608  0.19623386  0.00022087  
1872        0.19511032  0.19623326  0.00022076  
1873        0.19642112  0.19623336  0.00022064  
1874        0.18534328  0.19622755  0.00022060  
1875        0.21963000  0.19624003  0.00022083  
1876        0.20306688  0.19624367  0.00022074  
1877        0.19959800  0.19624546  0.00022063  
1878        0.19261312  0.19624353  0.00022052  
1879        0.19534072  0.19624305  0.00022041  
1880        0.19090912  0.19624021  0.00022031  
1881        0.19705528  0.19624064  0.00022019  
1882        0.18892000  0.19623675  0.00022011  
1883        0.20325888  0.19624048  0.00022002  
1884        0.19062712  0.19623750  0.00021993  
1885        0.20376192  0.19624149  0.00021985  
1886        0.19766008  0.19624225  0.00021973  
1887        0.19964000  0.19624405  0.00021962  
1888        0.19996800  0.19624602  0.00021952  
1889        0.19103032  0.19624326  0.00021942  
1890        0.19567928  0.19624296  0.00021930  
1891        0.19823200  0.19624401  0.00021919  
1892        0.19065568  0.19624106  0.00021909  
1893        0.20144000  0.19624380  0.00021899  
1894        0.19397112  0.19624260  0.00021888  
1895        0.20637112  0.19624795  0.00021883  
1896        0.20107488  0.19625049  0.00021873  
1897        0.20615392  0.19625571  0.00021868  
1898        0.18743800  0.19625107  0.00021861  
1899        0.18152248  0.19624331  0.00021863  
1900        0.17851872  0.19623398  0.00021872  
1901        0.21162752  0.19624208  0.00021875  
1902        0.21017208  0.19624941  0.00021876  
1903        0.19521152  0.19624886  0.00021864  
1904        0.20505848  0.19625349  0.00021858  
1905        0.20091872  0.19625594  0.00021848  
1906        0.18606200  0.19625059  0.00021843  
1907        0.19331328  0.19624905  0.00021832  
1908        0.17327200  0.19623700  0.00021854  
1909        0.20153568  0.19623978  0.00021844  
1910        0.20905912  0.19624649  0.00021843  
1911        0.18680800  0.19624155  0.00021837  
1912        0.19982592  0.19624343  0.00021826  
1913        0.18399800  0.19623703  0.00021824  
1914        0.18760312  0.19623252  0.00021818  
1915        0.20232312  0.19623570  0.00021809  
1916        0.19936000  0.19623733  0.00021798  
1917        0.19144288  0.19623483  0.00021788  
1918        0.18669312  0.19622985  0.00021782  
1919        0.19616128  0.19622982  0.00021771  
1920        0.19779832  0.19623063  0.00021760  
1921        0.18304568  0.19622377  0.00021759  
1922        0.20750208  0.19622964  0.00021756  
1923        0.19886688  0.19623101  0.00021745  
1924        0.19905208  0.19623247  0.00021734  
1925        0.19068792  0.19622959  0.00021725  
1926        0.19813688  0.19623058  0.00021714  
1927        0.18179768  0.19622309  0.00021715  
1928        0.19052800  0.19622014  0.00021706  
1929        0.19289848  0.19621842  0.00021695  
1930        0.17783392  0.19620889  0.00021705  
1931        0.19099232  0.19620619  0.00021696  
1932        0.19480952  0.19620547  0.00021684  
1933        0.18488448  0.19619961  0.00021681  
1934        0.19147488  0.19619717  0.00021671  
1935        0.21957728  0.19620925  0.00021694  
1936        0.20079032  0.19621162  0.00021684  
1937        0.20080128  0.19621399  0.00021674  
1938        0.20713272  0.19621962  0.00021670  
1939        0.21099000  0.19622724  0.00021672  
1940        0.19167288  0.19622489  0.00021662  
1941        0.19924608  0.19622645  0.00021652  
1942        0.20333432  0.19623011  0.00021644  
1943        0.19529528  0.19622963  0.00021633  
1944        0.18114432  0.19622187  0.00021635  
1945        0.18879200  0.19621805  0.00021628  
1946        0.20803200  0.19622412  0.00021625  
1947        0.20266848  0.19622743  0.00021617  
1948        0.20679608  0.19623285  0.00021612  
1949        0.18455032  0.19622686  0.00021609  
1950        0.19767032  0.19622760  0.00021598  
1951        0.19647200  0.19622772  0.00021587  
1952        0.20024192  0.19622978  0.00021577  
1953        0.19008248  0.19622663  0.00021569  
1954        0.19295800  0.19622496  0.00021558  
1955        0.19423200  0.19622394  0.00021547  
1956        0.20760800  0.19622976  0.00021544  
1957        0.18659712  0.19622484  0.00021539  
1958        0.19055200  0.19622194  0.00021530  
1959        0.20556032  0.19622671  0.00021524  
1960        0.21040128  0.19623394  0.00021525  
1961        0.19905152  0.19623538  0.00021515  
1962        0.19727800  0.19623591  0.00021504  
1963        0.19781368  0.19623671  0.00021493  
1964        0.19351008  0.19623532  0.00021483  
1965        0.20291968  0.19623873  0.00021474  
1966        0.17004088  0.19622540  0.00021505  
1967        0.19090688  0.19622270  0.00021495  
1968        0.19016568  0.19621962  0.00021487  
1969        0.20689272  0.19622504  0.00021483  
1970        0.18690552  0.19622031  0.00021477  
1971        0.18674912  0.19621550  0.00021471  
1972        0.20972800  0.19622236  0.00021472  
1973        0.17813472  0.19621319  0.00021480  
1974        0.20642432  0.19621836  0.00021476  
1975        0.20846328  0.19622456  0.00021474  
1976        0.19945912  0.19622620  0.00021463  
1977        0.20803328  0.19623217  0.00021461  
1978        0.21208800  0.19624019  0.00021465  
1979        0.20830592  0.19624628  0.00021463  
1980        0.18423608  0.19624022  0.00021460  
1981        0.19566048  0.19623992  0.00021450  
1982        0.19940728  0.19624152  0.00021439  
1983        0.20551800  0.19624620  0.00021434  
1984        0.19931832  0.19624775  0.00021423  
1985        0.18392800  0.19624154  0.00021422  
1986        0.18803200  0.19623741  0.00021415  
1987        0.19148472  0.19623502  0.00021405  
1988        0.20469688  0.19623927  0.00021399  
1989        0.20313952  0.19624274  0.00021391  
1990        0.20170168  0.19624549  0.00021382  
1991        0.20085888  0.19624780  0.00021372  
1992        0.19920248  0.19624929  0.00021362  
1993        0.18566200  0.19624397  0.00021358  
1994        0.20532352  0.19624853  0.00021352  
1995        0.18326200  0.19624202  0.00021352  
1996        0.20580992  0.19624681  0.00021346  
1997        0.18738432  0.19624237  0.00021340  
1998        0.20613048  0.19624732  0.00021335  
1999        0.20558208  0.19625199  0.00021330  
2000        0.19743200  0.19625258  0.00021319  
