1           0.04872000  0.04872000  0.00000000  
2           0.04872000  0.04872000  0.00000000  
3           0.06100000  0.05281333  0.00409333  
4           -0.00416000 0.03857000  0.01453445  
5           0.00192000  0.03124000  0.01343425  
6           0.05816000  0.03572667  0.01185114  
7           0.04056000  0.03641714  0.01003981  
8           0.01840000  0.03416500  0.00898168  
9           0.02084000  0.03268444  0.00805828  
10          0.01860000  0.03127600  0.00734387  
11          0.04144000  0.03220000  0.00670673  
12          0.00220000  0.02970000  0.00661313  
13          0.03404000  0.03003385  0.00609235  
14          0.02932000  0.02998286  0.00564065  
15          0.00636000  0.02840800  0.00548223  
16          0.03728000  0.02896250  0.00515805  
17          0.02484000  0.02872000  0.00485121  
18          0.03424000  0.02902667  0.00458403  
19          0.02852000  0.02900000  0.00433614  
20          0.00684000  0.02789200  0.00426023  
21          0.02472000  0.02774095  0.00405510  
22          0.02532000  0.02763091  0.00386796  
23          0.03460000  0.02793391  0.00370836  
24          0.01220000  0.02727833  0.00361050  
25          0.00044000  0.02620480  0.00362565  
26          0.03676000  0.02661077  0.00350699  
27          0.04376000  0.02724593  0.00343386  
28          0.02552000  0.02718429  0.00330952  
29          0.00600000  0.02645379  0.00327585  
30          0.03556000  0.02675733  0.00317929  
31          0.01648000  0.02642581  0.00309284  
32          -0.01296000 0.02519500  0.00323770  
33          0.00144000  0.02447515  0.00321956  
34          0.05512000  0.02537647  0.00325088  
35          0.04852000  0.02603771  0.00322514  
36          0.04408000  0.02653889  0.00317409  
37          0.02568000  0.02651568  0.00308720  
38          0.04316000  0.02695368  0.00303662  
39          0.04124000  0.02732000  0.00298033  
40          0.04100000  0.02766200  0.00292493  
41          0.03372000  0.02780976  0.00285652  
42          0.01516000  0.02750857  0.00280390  
43          0.02524000  0.02745581  0.00273843  
44          -0.00708000 0.02667091  0.00278822  
45          0.03212000  0.02679200  0.00272825  
46          0.05032000  0.02730348  0.00271686  
47          0.02556000  0.02726638  0.00265868  
48          0.01096000  0.02692667  0.00262478  
49          0.02004000  0.02678612  0.00257450  
50          0.00488000  0.02634800  0.00256025  
51          0.02104000  0.02624392  0.00251170  
52          0.00076000  0.02575385  0.00251121  
53          0.01020000  0.02546038  0.00248079  
54          0.03644000  0.02566370  0.00244289  
55          0.01056000  0.02538909  0.00241374  
56          0.02440000  0.02537143  0.00237031  
57          0.00324000  0.02498316  0.00236051  
58          0.02792000  0.02503379  0.00232000  
59          0.02752000  0.02507593  0.00228073  
60          0.00108000  0.02467600  0.00227778  
61          0.04912000  0.02507672  0.00227569  
62          -0.01108000 0.02449355  0.00231340  
63          0.02656000  0.02452635  0.00227661  
64          0.01976000  0.02445187  0.00224200  
65          0.05092000  0.02485908  0.00224448  
66          0.03616000  0.02503030  0.00221684  
67          0.02116000  0.02497254  0.00218426  
68          0.02700000  0.02500235  0.00215211  
69          0.02288000  0.02497159  0.00212091  
70          0.04236000  0.02522000  0.00210510  
71          0.00812000  0.02497915  0.00208917  
72          0.04256000  0.02522333  0.00207437  
73          0.02620000  0.02523671  0.00204580  
74          0.05636000  0.02565730  0.00206133  
75          0.03084000  0.02572640  0.00203483  
76          0.01744000  0.02561737  0.00201084  
77          0.04860000  0.02591584  0.00200687  
78          -0.00432000 0.02552821  0.00201854  
79          0.03440000  0.02564051  0.00199599  
80          0.05440000  0.02600000  0.00200340  
81          0.02308000  0.02596395  0.00197884  
82          0.00276000  0.02568098  0.00197494  
83          0.04028000  0.02585687  0.00195891  
84          0.04076000  0.02603429  0.00194357  
85          0.05708000  0.02639953  0.00195499  
86          0.05172000  0.02669395  0.00195442  
87          0.04360000  0.02688828  0.00194158  
88          0.04412000  0.02708409  0.00192935  
89          0.04460000  0.02728090  0.00191767  
90          0.03232000  0.02733689  0.00189707  
91          0.03216000  0.02738989  0.00187686  
92          0.00448000  0.02714087  0.00187297  
93          0.05880000  0.02748129  0.00188374  
94          0.02640000  0.02746979  0.00186363  
95          0.01896000  0.02738021  0.00184608  
96          0.03304000  0.02743917  0.00182770  
97          0.01456000  0.02730639  0.00181363  
98          0.02644000  0.02729755  0.00179505  
99          0.01668000  0.02719030  0.00178006  
100         0.06072000  0.02752560  0.00179378  
101         0.05328000  0.02778059  0.00179415  
102         0.03912000  0.02789176  0.00177994  
103         0.02204000  0.02783495  0.00176349  
104         0.05460000  0.02809231  0.00176532  
105         0.04964000  0.02829752  0.00176042  
106         0.02844000  0.02829887  0.00174374  
107         0.03760000  0.02838579  0.00172955  
108         0.05348000  0.02861815  0.00172914  
109         0.03260000  0.02865468  0.00171360  
110         0.03564000  0.02871818  0.00169913  
111         0.02788000  0.02871063  0.00168377  
112         0.02064000  0.02863857  0.00167023  
113         0.02288000  0.02858761  0.00165616  
114         0.00772000  0.02840456  0.00165175  
115         0.04344000  0.02853530  0.00164253  
116         0.02808000  0.02853138  0.00162832  
117         0.04168000  0.02864376  0.00161825  
118         0.02760000  0.02863492  0.00160450  
119         0.02828000  0.02863193  0.00159096  
120         0.03088000  0.02865067  0.00157776  
121         0.04184000  0.02875967  0.00156846  
122         0.02380000  0.02871902  0.00155608  
123         0.03384000  0.02876065  0.00154394  
124         0.05392000  0.02896355  0.00154482  
125         0.02624000  0.02894176  0.00153256  
126         0.02824000  0.02893619  0.00152036  
127         0.03112000  0.02895339  0.00150844  
128         0.00728000  0.02878406  0.00150616  
129         0.05912000  0.02901922  0.00151283  
130         0.03960000  0.02910062  0.00150335  
131         0.00120000  0.02888763  0.00150696  
132         0.02808000  0.02888152  0.00149551  
133         0.03904000  0.02895789  0.00148618  
134         0.02784000  0.02894955  0.00147508  
135         0.02744000  0.02893837  0.00146415  
136         0.04168000  0.02903206  0.00145636  
137         0.03620000  0.02908438  0.00144664  
138         0.01972000  0.02901652  0.00143772  
139         0.04184000  0.02910878  0.00143032  
140         0.02992000  0.02911457  0.00142008  
141         -0.00140000 0.02889816  0.00142648  
142         -0.00716000 0.02864423  0.00143898  
143         0.03016000  0.02865483  0.00142892  
144         0.03392000  0.02869139  0.00141944  
145         0.00312000  0.02851503  0.00142060  
146         0.01240000  0.02840466  0.00141515  
147         0.02928000  0.02841061  0.00140550  
148         0.00640000  0.02826189  0.00140387  
149         0.04724000  0.02838926  0.00140022  
150         0.02348000  0.02835653  0.00139124  
151         0.04764000  0.02848424  0.00138789  
152         0.04984000  0.02862474  0.00138587  
153         0.00948000  0.02849961  0.00138245  
154         0.01988000  0.02844364  0.00137459  
155         0.03444000  0.02848232  0.00136624  
156         0.02240000  0.02844333  0.00135801  
157         0.03316000  0.02847338  0.00134967  
158         0.03880000  0.02853873  0.00134269  
159         0.01888000  0.02847799  0.00133560  
160         0.05792000  0.02866200  0.00133992  
161         -0.02592000 0.02832298  0.00137405  
162         0.02784000  0.02832000  0.00136555  
163         0.06008000  0.02851485  0.00137106  
164         0.02880000  0.02851659  0.00136268  
165         0.02468000  0.02849333  0.00135459  
166         0.05732000  0.02866699  0.00135756  
167         0.04012000  0.02873557  0.00135115  
168         0.02864000  0.02873500  0.00134308  
169         0.05184000  0.02887172  0.00134209  
170         0.00460000  0.02872894  0.00134179  
171         0.06700000  0.02895275  0.00135257  
172         0.01980000  0.02889953  0.00134573  
173         -0.00440000 0.02870705  0.00135171  
174         0.02800000  0.02870299  0.00134392  
175         0.03356000  0.02873074  0.00133651  
176         0.04376000  0.02881614  0.00133163  
177         0.04792000  0.02892407  0.00132848  
178         0.05076000  0.02904674  0.00132668  
179         0.00552000  0.02891531  0.00132578  
180         0.04840000  0.02902356  0.00132283  
181         0.00236000  0.02887624  0.00132372  
182         0.02584000  0.02885956  0.00131653  
183         0.01232000  0.02876918  0.00131244  
184         0.01840000  0.02871283  0.00130650  
185         0.00080000  0.02856195  0.00130815  
186         0.03112000  0.02857570  0.00130117  
187         0.03368000  0.02860299  0.00129448  
188         0.03532000  0.02863872  0.00128807  
189         0.01988000  0.02859238  0.00128208  
190         0.03812000  0.02864253  0.00127630  
191         0.03280000  0.02866429  0.00126978  
192         0.02556000  0.02864812  0.00126326  
193         0.00592000  0.02853036  0.00126220  
194         0.02044000  0.02848866  0.00125637  
195         0.02852000  0.02848882  0.00124991  
196         0.02768000  0.02848469  0.00124352  
197         0.05696000  0.02862924  0.00124561  
198         0.01304000  0.02855051  0.00124180  
199         0.02732000  0.02854432  0.00123556  
200         0.01292000  0.02846620  0.00123185  
201         -0.00516000 0.02829891  0.00123707  
202         0.03504000  0.02833228  0.00123138  
203         0.02440000  0.02831291  0.00122545  
204         0.03884000  0.02836451  0.00122052  
205         0.02228000  0.02833483  0.00121492  
206         0.01364000  0.02826350  0.00121111  
207         0.02160000  0.02823130  0.00120567  
208         0.03180000  0.02824846  0.00119998  
209         0.03392000  0.02827560  0.00119454  
210         -0.01144000 0.02808648  0.00120378  
211         0.03596000  0.02812379  0.00119865  
212         0.01560000  0.02806472  0.00119444  
213         0.03052000  0.02807624  0.00118887  
214         0.02220000  0.02804879  0.00118362  
215         0.03496000  0.02808093  0.00117855  
216         0.01092000  0.02800148  0.00117576  
217         0.04188000  0.02806544  0.00117208  
218         0.02752000  0.02806294  0.00116669  
219         0.03924000  0.02811397  0.00116247  
220         0.00288000  0.02799927  0.00116285  
221         0.03796000  0.02804434  0.00115845  
222         0.00624000  0.02794613  0.00115740  
223         0.04824000  0.02803713  0.00115578  
224         0.01452000  0.02797679  0.00115219  
225         0.00668000  0.02788213  0.00115096  
226         0.01220000  0.02781274  0.00114795  
227         0.02724000  0.02781022  0.00114289  
228         0.04292000  0.02787649  0.00113979  
229         0.00248000  0.02776559  0.00114021  
230         0.05428000  0.02788087  0.00114108  
231         0.02136000  0.02785264  0.00113648  
232         0.03768000  0.02789500  0.00113237  
233         0.02208000  0.02787004  0.00112777  
234         0.03228000  0.02788889  0.00112310  
235         0.01464000  0.02783251  0.00111973  
236         0.01388000  0.02777339  0.00111654  
237         0.04084000  0.02782852  0.00111319  
238         0.00328000  0.02772538  0.00111329  
239         0.03136000  0.02774059  0.00110872  
240         0.03256000  0.02776067  0.00110428  
241         0.00832000  0.02768000  0.00110264  
242         0.04428000  0.02774860  0.00110022  
243         0.03448000  0.02777630  0.00109603  
244         0.01980000  0.02774361  0.00109202  
245         0.00616000  0.02765551  0.00109111  
246         0.01596000  0.02760797  0.00108771  
247         0.03848000  0.02765198  0.00108419  
248         0.02424000  0.02763823  0.00107990  
249         0.02048000  0.02760948  0.00107593  
250         0.03336000  0.02763248  0.00107187  
251         0.02744000  0.02763171  0.00106759  
252         0.06732000  0.02778921  0.00107495  
253         0.02508000  0.02777850  0.00107074  
254         0.02404000  0.02776378  0.00106662  
255         0.01536000  0.02771514  0.00106354  
256         0.01732000  0.02767453  0.00106016  
257         0.04528000  0.02774304  0.00105824  
258         0.03440000  0.02776884  0.00105445  
259         0.01304000  0.02771197  0.00105191  
260         0.02660000  0.02770769  0.00104786  
261         0.03776000  0.02774621  0.00104455  
262         0.03372000  0.02776901  0.00104081  
263         0.03272000  0.02778783  0.00103701  
264         0.04932000  0.02786939  0.00103629  
265         0.02592000  0.02786204  0.00103240  
266         0.02328000  0.02784481  0.00102866  
267         0.03940000  0.02788809  0.00102571  
268         0.02528000  0.02787836  0.00102192  
269         0.02468000  0.02786647  0.00101818  
270         0.02104000  0.02784119  0.00101472  
271         0.02436000  0.02782834  0.00101105  
272         0.04232000  0.02788162  0.00100874  
273         0.04616000  0.02794857  0.00100726  
274         -0.00712000 0.02782058  0.00101171  
275         0.01708000  0.02778153  0.00100878  
276         0.01672000  0.02774145  0.00100591  
277         0.03292000  0.02776014  0.00100245  
278         0.04128000  0.02780878  0.00100002  
279         0.02248000  0.02778968  0.00099661  
280         0.04472000  0.02785014  0.00099489  
281         0.03728000  0.02788370  0.00099191  
282         0.05092000  0.02796539  0.00099175  
283         0.04252000  0.02801682  0.00098958  
284         0.02760000  0.02801535  0.00098609  
285         0.03724000  0.02804772  0.00098316  
286         0.00520000  0.02796783  0.00098297  
287         -0.00228000 0.02786244  0.00098519  
288         0.03908000  0.02790139  0.00098253  
289         0.04640000  0.02796540  0.00098122  
290         0.01504000  0.02792083  0.00097885  
291         0.03784000  0.02795491  0.00097607  
292         0.03008000  0.02796219  0.00097275  
293         0.00536000  0.02788505  0.00097249  
294         -0.00872000 0.02776054  0.00097714  
295         0.00724000  0.02769098  0.00097630  
296         0.03232000  0.02770662  0.00097312  
297         0.00948000  0.02764525  0.00097178  
298         0.04464000  0.02770228  0.00097019  
299         0.02516000  0.02769378  0.00096698  
300         0.03344000  0.02771293  0.00096394  
301         0.03756000  0.02774565  0.00096129  
302         0.03292000  0.02776278  0.00095826  
303         0.04232000  0.02781083  0.00095630  
304         0.02504000  0.02780171  0.00095319  
305         -0.01596000 0.02765823  0.00096083  
306         0.03980000  0.02769791  0.00095851  
307         0.06020000  0.02780378  0.00096123  
308         0.04216000  0.02785039  0.00095924  
309         0.00956000  0.02779120  0.00095796  
310         0.02348000  0.02777729  0.00095496  
311         0.04224000  0.02782379  0.00095302  
312         -0.00196000 0.02772833  0.00095475  
313         0.01648000  0.02769240  0.00095237  
314         0.03208000  0.02770637  0.00094944  
315         0.04384000  0.02775759  0.00094780  
316         0.02172000  0.02773848  0.00094499  
317         0.02352000  0.02772517  0.00094210  
318         0.04040000  0.02776503  0.00093998  
319         0.01312000  0.02771912  0.00093815  
320         0.02952000  0.02772475  0.00093523  
321         0.00776000  0.02766255  0.00093439  
322         0.01896000  0.02763553  0.00093187  
323         0.04240000  0.02768124  0.00093011  
324         0.01176000  0.02763210  0.00092853  
325         0.04716000  0.02769218  0.00092762  
326         0.05244000  0.02776810  0.00092788  
327         0.04680000  0.02782630  0.00092687  
328         0.01836000  0.02779744  0.00092449  
329         0.02564000  0.02779088  0.00092170  
330         0.00852000  0.02773248  0.00092075  
331         0.04428000  0.02778248  0.00091933  
332         0.03980000  0.02781867  0.00091727  
333         0.03256000  0.02783291  0.00091462  
334         -0.00568000 0.02773257  0.00091738  
335         0.05084000  0.02780155  0.00091724  
336         0.01204000  0.02775464  0.00091570  
337         0.04296000  0.02779976  0.00091410  
338         0.06908000  0.02792189  0.00091954  
339         0.01076000  0.02787127  0.00091822  
340         0.07048000  0.02799659  0.00092405  
341         0.01108000  0.02794698  0.00092267  
342         0.03732000  0.02797439  0.00092038  
343         0.04180000  0.02801469  0.00091857  
344         0.03732000  0.02804174  0.00091630  
345         0.04800000  0.02809959  0.00091547  
346         0.01564000  0.02806358  0.00091353  
347         0.02260000  0.02804784  0.00091103  
348         -0.00452000 0.02795425  0.00091321  
349         0.02364000  0.02794189  0.00091068  
350         0.01196000  0.02789623  0.00090922  
351         0.06496000  0.02800182  0.00091275  
352         0.01620000  0.02796830  0.00091077  
353         0.02120000  0.02794912  0.00090839  
354         0.01188000  0.02790373  0.00090696  
355         0.03256000  0.02791685  0.00090450  
356         0.05592000  0.02799551  0.00090538  
357         0.02380000  0.02798375  0.00090291  
358         0.00512000  0.02791989  0.00090265  
359         0.01616000  0.02788713  0.00090073  
360         -0.00612000 0.02779267  0.00090318  
361         0.02800000  0.02779324  0.00090067  
362         0.03512000  0.02781348  0.00089841  
363         0.03516000  0.02783372  0.00089616  
364         0.01380000  0.02779516  0.00089452  
365         0.02400000  0.02778477  0.00089213  
366         0.02080000  0.02776568  0.00088989  
367         0.01212000  0.02772305  0.00088849  
368         0.03216000  0.02773511  0.00088615  
369         0.03804000  0.02776304  0.00088419  
370         0.05212000  0.02782886  0.00088425  
371         0.05728000  0.02790825  0.00088543  
372         0.03724000  0.02793333  0.00088340  
373         0.01980000  0.02791153  0.00088130  
374         0.05232000  0.02797679  0.00088136  
375         0.02736000  0.02797515  0.00087901  
376         0.03504000  0.02799394  0.00087687  
377         0.02792000  0.02799374  0.00087454  
378         0.02744000  0.02799228  0.00087222  
379         0.06172000  0.02808127  0.00087446  
380         0.04392000  0.02812295  0.00087315  
381         0.04516000  0.02816766  0.00087200  
382         0.01780000  0.02814052  0.00087014  
383         0.01396000  0.02810350  0.00086866  
384         0.01088000  0.02805865  0.00086755  
385         0.01408000  0.02802234  0.00086606  
386         0.03972000  0.02805264  0.00086434  
387         0.04468000  0.02809561  0.00086317  
388         0.04100000  0.02812887  0.00086159  
389         0.02504000  0.02812093  0.00085941  
390         0.01300000  0.02808215  0.00085808  
391         0.01140000  0.02803949  0.00085694  
392         0.02756000  0.02803827  0.00085476  
393         0.01572000  0.02800692  0.00085315  
394         0.03896000  0.02803472  0.00085144  
395         -0.00064000 0.02796213  0.00085238  
396         0.02776000  0.02796162  0.00085022  
397         0.04460000  0.02800353  0.00084911  
398         0.03008000  0.02800874  0.00084699  
399         0.04060000  0.02804030  0.00084546  
400         0.02440000  0.02803120  0.00084339  
401         0.02768000  0.02803032  0.00084128  
402         0.07244000  0.02814080  0.00084643  
403         0.01476000  0.02810759  0.00084498  
404         0.04744000  0.02815545  0.00084424  
405         0.03544000  0.02817343  0.00084235  
406         -0.01424000 0.02806897  0.00084674  
407         0.04076000  0.02810015  0.00084523  
408         0.03812000  0.02812471  0.00084351  
409         0.03184000  0.02813379  0.00084150  
410         0.03804000  0.02815795  0.00083979  
411         0.00948000  0.02811251  0.00083898  
412         0.03984000  0.02814097  0.00083742  
413         0.02600000  0.02813579  0.00083541  
414         0.01696000  0.02810879  0.00083383  
415         0.01060000  0.02806660  0.00083288  
416         0.02928000  0.02806952  0.00083088  
417         0.02544000  0.02806321  0.00082891  
418         0.02436000  0.02805435  0.00082697  
419         0.02344000  0.02804334  0.00082507  
420         0.04048000  0.02807295  0.00082364  
421         0.03988000  0.02810100  0.00082216  
422         0.01920000  0.02807991  0.00082048  
423         0.04696000  0.02812454  0.00081975  
424         -0.00364000 0.02804962  0.00082124  
425         0.02552000  0.02804367  0.00081933  
426         0.02660000  0.02804028  0.00081741  
427         0.02984000  0.02804450  0.00081550  
428         0.02324000  0.02803327  0.00081367  
429         0.04196000  0.02806573  0.00081242  
430         0.00804000  0.02801916  0.00081187  
431         0.01188000  0.02798172  0.00081085  
432         0.01620000  0.02795444  0.00080943  
433         0.00616000  0.02790411  0.00080912  
434         0.05424000  0.02796479  0.00080953  
435         0.01596000  0.02793720  0.00080814  
436         0.03244000  0.02794752  0.00080635  
437         0.05272000  0.02800421  0.00080650  
438         -0.01488000 0.02790630  0.00081059  
439         0.03704000  0.02792711  0.00080901  
440         0.02740000  0.02792591  0.00080717  
441         0.02644000  0.02792254  0.00080535  
442         0.02516000  0.02791629  0.00080355  
443         0.03332000  0.02792849  0.00080182  
444         0.04156000  0.02795919  0.00080060  
445         0.01544000  0.02793106  0.00079930  
446         0.04376000  0.02796655  0.00079829  
447         0.03156000  0.02797459  0.00079655  
448         0.03092000  0.02798116  0.00079479  
449         0.02832000  0.02798192  0.00079302  
450         0.01712000  0.02795778  0.00079163  
451         0.02104000  0.02794244  0.00079002  
452         0.00240000  0.02788593  0.00079029  
453         0.04308000  0.02791947  0.00078926  
454         0.00680000  0.02787295  0.00078889  
455         0.02736000  0.02787182  0.00078715  
456         0.02424000  0.02786386  0.00078547  
457         -0.00016000 0.02780254  0.00078614  
458         0.01132000  0.02776655  0.00078525  
459         0.03892000  0.02779085  0.00078391  
460         -0.01680000 0.02769391  0.00078819  
461         0.03140000  0.02770195  0.00078652  
462         0.01824000  0.02768147  0.00078508  
463         0.01560000  0.02765538  0.00078382  
464         0.04584000  0.02769457  0.00078311  
465         0.02872000  0.02769677  0.00078143  
466         0.04080000  0.02772489  0.00078025  
467         0.03848000  0.02774792  0.00077892  
468         0.02216000  0.02773598  0.00077735  
469         0.01528000  0.02770942  0.00077614  
470         0.04816000  0.02775294  0.00077571  
471         0.06448000  0.02783091  0.00077798  
472         0.00504000  0.02778263  0.00077783  
473         0.01992000  0.02776600  0.00077636  
474         0.02912000  0.02776886  0.00077473  
475         0.04656000  0.02780842  0.00077411  
476         0.01384000  0.02777908  0.00077304  
477         0.03848000  0.02780151  0.00077174  
478         0.01152000  0.02776745  0.00077088  
479         0.01924000  0.02774965  0.00076947  
480         0.03220000  0.02775892  0.00076792  
481         0.00080000  0.02770287  0.00076837  
482         0.01812000  0.02768299  0.00076703  
483         0.01716000  0.02766120  0.00076575  
484         0.02552000  0.02765678  0.00076418  
485         0.03436000  0.02767060  0.00076273  
486         0.01308000  0.02764058  0.00076175  
487         0.01952000  0.02762390  0.00076037  
488         0.04888000  0.02766746  0.00076006  
489         0.02892000  0.02767002  0.00075851  
490         0.03980000  0.02769478  0.00075736  
491         0.02592000  0.02769116  0.00075583  
492         0.02376000  0.02768317  0.00075433  
493         0.04760000  0.02772357  0.00075388  
494         0.02668000  0.02772146  0.00075236  
495         0.03428000  0.02773471  0.00075095  
496         -0.01016000 0.02765831  0.00075332  
497         0.04248000  0.02768813  0.00075240  
498         0.00384000  0.02764024  0.00075241  
499         0.01188000  0.02760866  0.00075156  
500         0.04480000  0.02764304  0.00075085  
501         0.04040000  0.02766850  0.00074978  
502         0.06220000  0.02773729  0.00075144  
503         -0.01756000 0.02764724  0.00075533  
504         0.02592000  0.02764381  0.00075384  
505         0.02608000  0.02764071  0.00075235  
506         0.01132000  0.02760846  0.00075155  
507         0.05616000  0.02766477  0.00075218  
508         0.03076000  0.02767087  0.00075072  
509         0.01708000  0.02765006  0.00074954  
510         0.03608000  0.02766659  0.00074825  
511         0.03252000  0.02767609  0.00074684  
512         0.04544000  0.02771078  0.00074619  
513         0.02420000  0.02770394  0.00074477  
514         0.06088000  0.02776848  0.00074611  
515         0.01516000  0.02774400  0.00074506  
516         0.04248000  0.02777256  0.00074417  
517         0.03704000  0.02779048  0.00074294  
518         0.00372000  0.02774402  0.00074296  
519         0.00396000  0.02769819  0.00074294  
520         0.00272000  0.02765015  0.00074307  
521         0.03532000  0.02766488  0.00074179  
522         0.05396000  0.02771525  0.00074208  
523         0.02240000  0.02770509  0.00074072  
524         0.05120000  0.02774992  0.00074067  
525         0.00608000  0.02770865  0.00074041  
526         0.00500000  0.02766548  0.00074026  
527         0.01900000  0.02764903  0.00073904  
528         0.00468000  0.02760553  0.00073892  
529         0.02056000  0.02759221  0.00073764  
530         -0.00128000 0.02753774  0.00073826  
531         0.00060000  0.02748701  0.00073861  
532         0.00524000  0.02744519  0.00073841  
533         0.00976000  0.02741201  0.00073777  
534         0.03860000  0.02743296  0.00073668  
535         0.02796000  0.02743394  0.00073530  
536         0.03296000  0.02744425  0.00073400  
537         0.02952000  0.02744812  0.00073264  
538         0.01524000  0.02742543  0.00073163  
539         0.01632000  0.02740482  0.00073057  
540         0.06260000  0.02747000  0.00073212  
541         0.03020000  0.02747505  0.00073078  
542         0.00992000  0.02744266  0.00073015  
543         0.01948000  0.02742799  0.00072895  
544         0.03196000  0.02743632  0.00072766  
545         0.02312000  0.02742840  0.00072637  
546         0.02024000  0.02741524  0.00072515  
547         0.02336000  0.02740782  0.00072386  
548         0.03984000  0.02743051  0.00072290  
549         0.02036000  0.02741763  0.00072169  
550         0.02916000  0.02742080  0.00072039  
551         0.04620000  0.02745488  0.00071989  
552         0.03372000  0.02746623  0.00071867  
553         0.03352000  0.02747718  0.00071745  
554         0.01760000  0.02745935  0.00071638  
555         0.03844000  0.02747914  0.00071536  
556         0.03432000  0.02749144  0.00071418  
557         0.03036000  0.02749659  0.00071292  
558         0.02256000  0.02748774  0.00071169  
559         0.03012000  0.02749245  0.00071043  
560         -0.00256000 0.02743879  0.00071119  
561         0.03928000  0.02745989  0.00071024  
562         0.02540000  0.02745623  0.00070898  
563         0.02396000  0.02745002  0.00070775  
564         0.02200000  0.02744035  0.00070656  
565         -0.00528000 0.02738244  0.00070768  
566         0.04228000  0.02740876  0.00070692  
567         0.03120000  0.02741545  0.00070570  
568         0.01056000  0.02738577  0.00070508  
569         0.02664000  0.02738446  0.00070384  
570         0.05268000  0.02742884  0.00070401  
571         0.01768000  0.02741177  0.00070298  
572         0.05640000  0.02746245  0.00070358  
573         0.05652000  0.02751316  0.00070418  
574         0.01616000  0.02749338  0.00070323  
575         0.03804000  0.02751172  0.00070224  
576         0.02944000  0.02751507  0.00070103  
577         -0.00324000 0.02746177  0.00070184  
578         0.03376000  0.02747266  0.00070071  
579         0.03476000  0.02748525  0.00069961  
580         0.03700000  0.02750166  0.00069860  
581         0.03384000  0.02751256  0.00069748  
582         0.03128000  0.02751904  0.00069631  
583         0.04860000  0.02755520  0.00069606  
584         0.01940000  0.02754123  0.00069500  
585         0.01024000  0.02751166  0.00069444  
586         0.02184000  0.02750198  0.00069333  
587         0.05668000  0.02755169  0.00069393  
588         0.02580000  0.02754871  0.00069275  
589         0.03256000  0.02755722  0.00069163  
590         0.02612000  0.02755478  0.00069046  
591         0.02964000  0.02755831  0.00068930  
592         0.03856000  0.02757689  0.00068838  
593         0.05220000  0.02761841  0.00068847  
594         0.04152000  0.02764182  0.00068771  
595         0.03424000  0.02765291  0.00068665  
596         0.03816000  0.02767054  0.00068572  
597         0.02624000  0.02766814  0.00068457  
598         0.01584000  0.02764836  0.00068371  
599         -0.00012000 0.02760200  0.00068414  
600         0.00952000  0.02757187  0.00068367  
601         0.03076000  0.02757717  0.00068255  
602         0.04868000  0.02761223  0.00068232  
603         0.02808000  0.02761300  0.00068118  
604         -0.00608000 0.02755722  0.00068234  
605         0.02084000  0.02754612  0.00068130  
606         0.02960000  0.02754950  0.00068018  
607         0.01496000  0.02752876  0.00067938  
608         0.03800000  0.02754599  0.00067848  
609         0.03792000  0.02756302  0.00067758  
610         0.03692000  0.02757836  0.00067664  
611         0.01712000  0.02756124  0.00067575  
612         0.02368000  0.02755490  0.00067467  
613         0.05624000  0.02760170  0.00067520  
614         0.05320000  0.02764339  0.00067538  
615         0.04048000  0.02766426  0.00067461  
616         0.02852000  0.02766565  0.00067351  
617         0.04292000  0.02769037  0.00067288  
618         0.03440000  0.02770123  0.00067187  
619         0.02720000  0.02770042  0.00067079  
620         0.03220000  0.02770768  0.00066974  
621         0.03752000  0.02772348  0.00066885  
622         0.01924000  0.02770984  0.00066791  
623         0.02976000  0.02771313  0.00066685  
624         0.02788000  0.02771340  0.00066578  
625         0.03776000  0.02772947  0.00066491  
626         0.03944000  0.02774818  0.00066411  
627         0.01564000  0.02772887  0.00066333  
628         0.02324000  0.02772172  0.00066231  
629         0.02772000  0.02772172  0.00066126  
630         0.00600000  0.02768724  0.00066111  
631         0.04480000  0.02771436  0.00066062  
632         0.03124000  0.02771994  0.00065959  
633         0.03372000  0.02772942  0.00065862  
634         0.01624000  0.02771129  0.00065783  
635         0.03000000  0.02771490  0.00065680  
636         0.00084000  0.02767264  0.00065713  
637         0.06668000  0.02773388  0.00065895  
638         0.03972000  0.02775266  0.00065818  
639         0.00040000  0.02770986  0.00065854  
640         0.01204000  0.02768537  0.00065797  
641         0.05676000  0.02773073  0.00065851  
642         0.03284000  0.02773869  0.00065753  
643         0.02000000  0.02772666  0.00065661  
644         0.00364000  0.02768925  0.00065666  
645         0.03608000  0.02770226  0.00065577  
646         0.01184000  0.02767771  0.00065521  
647         0.01648000  0.02766040  0.00065443  
648         0.01052000  0.02763395  0.00065395  
649         0.03664000  0.02764783  0.00065309  
650         0.00128000  0.02760726  0.00065335  
651         0.03264000  0.02761499  0.00065239  
652         0.04232000  0.02763755  0.00065178  
653         0.03124000  0.02764306  0.00065080  
654         0.00596000  0.02760991  0.00065065  
655         0.01152000  0.02758534  0.00065012  
656         0.03804000  0.02760128  0.00064933  
657         0.01140000  0.02757662  0.00064881  
658         0.00408000  0.02754091  0.00064880  
659         0.01996000  0.02752941  0.00064792  
660         0.02196000  0.02752097  0.00064699  
661         0.02968000  0.02752424  0.00064602  
662         0.00220000  0.02748598  0.00064618  
663         0.00616000  0.02745382  0.00064600  
664         0.02984000  0.02745741  0.00064504  
665         0.00112000  0.02741780  0.00064529  
666         0.02756000  0.02741802  0.00064432  
667         0.01412000  0.02739808  0.00064366  
668         0.02140000  0.02738910  0.00064276  
669         0.04564000  0.02741638  0.00064238  
670         0.04620000  0.02744442  0.00064203  
671         0.02732000  0.02744423  0.00064107  
672         0.02084000  0.02743440  0.00064019  
673         0.02092000  0.02742473  0.00063931  
674         0.02124000  0.02741555  0.00063843  
675         0.03688000  0.02742957  0.00063764  
676         0.04644000  0.02745769  0.00063731  
677         0.02340000  0.02745170  0.00063640  
678         0.04552000  0.02747835  0.00063602  
679         0.01608000  0.02746156  0.00063530  
680         0.01828000  0.02744806  0.00063451  
681         0.04944000  0.02748035  0.00063440  
682         0.02184000  0.02747208  0.00063353  
683         0.03648000  0.02748527  0.00063273  
684         0.04720000  0.02751409  0.00063247  
685         0.02920000  0.02751655  0.00063155  
686         0.02032000  0.02750606  0.00063071  
687         0.05648000  0.02754824  0.00063120  
688         0.05160000  0.02758320  0.00063126  
689         -0.00084000 0.02754194  0.00063169  
690         0.01544000  0.02752441  0.00063101  
691         0.02808000  0.02752521  0.00063010  
692         0.04016000  0.02754347  0.00062945  
693         0.02300000  0.02753691  0.00062858  
694         0.03500000  0.02754767  0.00062777  
695         0.00648000  0.02751735  0.00062759  
696         0.00016000  0.02747805  0.00062792  
697         0.03504000  0.02748890  0.00062712  
698         0.03108000  0.02749404  0.00062624  
699         0.04640000  0.02752109  0.00062593  
700         0.02976000  0.02752429  0.00062504  
701         0.03608000  0.02753649  0.00062427  
702         0.04556000  0.02756217  0.00062391  
703         0.03400000  0.02757132  0.00062308  
704         0.02096000  0.02756193  0.00062227  
705         0.00816000  0.02753441  0.00062200  
706         0.04432000  0.02755819  0.00062157  
707         0.04472000  0.02758246  0.00062116  
708         0.00800000  0.02755480  0.00062090  
709         0.02536000  0.02755171  0.00062003  
710         -0.00356000 0.02750789  0.00062071  
711         0.01172000  0.02748568  0.00062023  
712         0.02656000  0.02748438  0.00061936  
713         0.02212000  0.02747686  0.00061854  
714         -0.00268000 0.02743462  0.00061911  
715         0.01984000  0.02742400  0.00061834  
716         0.02324000  0.02741816  0.00061750  
717         -0.00524000 0.02737261  0.00061832  
718         0.01816000  0.02735978  0.00061759  
719         -0.00828000 0.02731021  0.00061872  
720         0.04196000  0.02733056  0.00061820  
721         0.02144000  0.02732239  0.00061739  
722         0.04424000  0.02734582  0.00061698  
723         0.05892000  0.02738949  0.00061767  
724         0.03884000  0.02740530  0.00061702  
725         0.05956000  0.02744966  0.00061776  
726         0.00732000  0.02742193  0.00061754  
727         0.05104000  0.02745442  0.00061754  
728         0.04328000  0.02747615  0.00061707  
729         0.00316000  0.02744280  0.00061713  
730         0.05220000  0.02747671  0.00061722  
731         0.04048000  0.02749450  0.00061663  
732         0.04860000  0.02752333  0.00061646  
733         0.04664000  0.02754941  0.00061617  
734         0.03672000  0.02756191  0.00061546  
735         0.00444000  0.02753045  0.00061542  
736         0.05088000  0.02756217  0.00061541  
737         0.04032000  0.02757948  0.00061481  
738         -0.00304000 0.02753799  0.00061538  
739         0.02484000  0.02753434  0.00061456  
740         0.03420000  0.02754335  0.00061379  
741         0.02816000  0.02754418  0.00061296  
742         0.03332000  0.02755197  0.00061219  
743         0.02692000  0.02755112  0.00061136  
744         0.00444000  0.02752005  0.00061133  
745         0.01664000  0.02750545  0.00061068  
746         0.00012000  0.02746874  0.00061097  
747         0.01416000  0.02745092  0.00061041  
748         0.04596000  0.02747567  0.00061010  
749         0.02840000  0.02747690  0.00060928  
750         -0.01216000 0.02742405  0.00061076  
751         0.02044000  0.02741475  0.00061002  
752         0.05500000  0.02745144  0.00061031  
753         0.02532000  0.02744861  0.00060950  
754         0.04044000  0.02746584  0.00060894  
755         0.00600000  0.02743740  0.00060880  
756         0.04316000  0.02745820  0.00060835  
757         0.00684000  0.02743096  0.00060815  
758         0.04508000  0.02745425  0.00060780  
759         0.04728000  0.02748037  0.00060756  
760         0.07008000  0.02753642  0.00060934  
761         0.02380000  0.02753151  0.00060856  
762         0.02264000  0.02752509  0.00060779  
763         0.04496000  0.02754794  0.00060743  
764         0.02716000  0.02754743  0.00060663  
765         0.05056000  0.02757752  0.00060658  
766         0.04468000  0.02759984  0.00060620  
767         0.00460000  0.02756986  0.00060615  
768         0.03792000  0.02758333  0.00060551  
769         0.05696000  0.02762153  0.00060593  
770         0.01036000  0.02759912  0.00060556  
771         0.02204000  0.02759191  0.00060482  
772         0.03896000  0.02760663  0.00060421  
773         0.03436000  0.02761537  0.00060349  
774         0.01976000  0.02760522  0.00060280  
775         0.03224000  0.02761120  0.00060205  
776         0.05700000  0.02764907  0.00060246  
777         0.02740000  0.02764875  0.00060169  
778         0.03372000  0.02765656  0.00060097  
779         0.00908000  0.02763271  0.00060067  
780         0.01288000  0.02761379  0.00060019  
781         0.01228000  0.02759416  0.00059975  
782         0.00532000  0.02756568  0.00059966  
783         0.03204000  0.02757139  0.00059892  
784         0.04872000  0.02759837  0.00059876  
785         0.03404000  0.02760657  0.00059805  
786         0.00780000  0.02758137  0.00059782  
787         0.04776000  0.02760701  0.00059761  
788         0.01236000  0.02758766  0.00059717  
789         0.05324000  0.02762018  0.00059730  
790         0.02424000  0.02761590  0.00059656  
791         0.05168000  0.02764632  0.00059658  
792         0.00536000  0.02761818  0.00059649  
793         0.03608000  0.02762885  0.00059583  
794         0.01532000  0.02761335  0.00059528  
795         0.03020000  0.02761660  0.00059454  
796         0.04260000  0.02763543  0.00059409  
797         0.01248000  0.02761641  0.00059365  
798         0.03396000  0.02762436  0.00059296  
799         0.00192000  0.02759219  0.00059309  
800         0.02424000  0.02758800  0.00059236  
801         0.00696000  0.02756225  0.00059218  
802         0.04904000  0.02758903  0.00059205  
803         0.02028000  0.02757993  0.00059138  
804         0.02528000  0.02757706  0.00059065  
805         0.04576000  0.02759965  0.00059035  
806         0.03664000  0.02761087  0.00058973  
807         0.02876000  0.02761229  0.00058900  
808         0.01332000  0.02759460  0.00058853  
809         0.03160000  0.02759956  0.00058783  
810         0.02428000  0.02759546  0.00058711  
811         0.00512000  0.02756774  0.00058704  
812         0.00124000  0.02753532  0.00058722  
813         0.03416000  0.02754347  0.00058655  
814         0.03384000  0.02755120  0.00058588  
815         0.00672000  0.02752564  0.00058572  
816         0.02700000  0.02752500  0.00058500  
817         0.00528000  0.02749777  0.00058492  
818         0.07796000  0.02755946  0.00058745  
819         0.02192000  0.02755258  0.00058677  
820         0.03664000  0.02756366  0.00058616  
821         0.00592000  0.02753730  0.00058604  
822         0.04408000  0.02755742  0.00058567  
823         0.02756000  0.02755742  0.00058496  
824         0.05264000  0.02758786  0.00058504  
825         0.03492000  0.02759675  0.00058440  
826         0.01920000  0.02758659  0.00058378  
827         0.02348000  0.02758162  0.00058310  
828         0.04220000  0.02759928  0.00058266  
829         0.00976000  0.02757776  0.00058235  
830         0.00856000  0.02755484  0.00058210  
831         0.03876000  0.02756833  0.00058156  
832         0.01240000  0.02755010  0.00058115  
833         0.01928000  0.02754017  0.00058053  
834         0.00332000  0.02751113  0.00058056  
835         0.03672000  0.02752216  0.00057997  
836         0.03164000  0.02752708  0.00057930  
837         0.02432000  0.02752325  0.00057862  
838         0.03432000  0.02753136  0.00057798  
839         0.02160000  0.02752429  0.00057734  
840         0.07176000  0.02757695  0.00057905  
841         0.02496000  0.02757384  0.00057837  
842         0.02928000  0.02757587  0.00057769  
843         0.01892000  0.02756560  0.00057709  
844         0.01600000  0.02755190  0.00057657  
845         0.05140000  0.02758012  0.00057658  
846         -0.00524000 0.02754132  0.00057720  
847         0.02256000  0.02753544  0.00057655  
848         0.01504000  0.02752071  0.00057606  
849         0.00748000  0.02749710  0.00057586  
850         0.00108000  0.02746602  0.00057602  
851         0.04556000  0.02748729  0.00057574  
852         0.06576000  0.02753221  0.00057682  
853         0.03564000  0.02754171  0.00057622  
854         0.01568000  0.02752782  0.00057571  
855         0.02160000  0.02752089  0.00057508  
856         0.00588000  0.02749561  0.00057496  
857         0.00480000  0.02746912  0.00057490  
858         0.00904000  0.02744765  0.00057463  
859         0.05196000  0.02747618  0.00057467  
860         0.06488000  0.02751967  0.00057565  
861         0.03236000  0.02752530  0.00057501  
862         0.05420000  0.02755624  0.00057517  
863         0.04656000  0.02757826  0.00057493  
864         0.03632000  0.02758838  0.00057435  
865         -0.00396000 0.02755191  0.00057484  
866         0.02332000  0.02754702  0.00057420  
867         0.04552000  0.02756775  0.00057391  
868         0.03024000  0.02757083  0.00057326  
869         -0.00236000 0.02753639  0.00057363  
870         0.02792000  0.02753683  0.00057298  
871         0.00464000  0.02751054  0.00057292  
872         0.02732000  0.02751032  0.00057226  
873         0.03584000  0.02751986  0.00057169  
874         0.05608000  0.02755254  0.00057197  
875         0.03416000  0.02756009  0.00057136  
876         0.00304000  0.02753210  0.00057140  
877         0.02568000  0.02752999  0.00057075  
878         0.00308000  0.02750214  0.00057078  
879         0.04288000  0.02751964  0.00057040  
880         0.03732000  0.02753077  0.00056986  
881         0.03012000  0.02753371  0.00056922  
882         0.01988000  0.02752503  0.00056864  
883         0.05704000  0.02755846  0.00056898  
884         0.06268000  0.02759819  0.00056972  
885         0.01084000  0.02757925  0.00056939  
886         0.01932000  0.02756993  0.00056882  
887         0.02464000  0.02756663  0.00056819  
888         0.03172000  0.02757131  0.00056757  
889         0.03716000  0.02758209  0.00056703  
890         0.05684000  0.02761497  0.00056735  
891         0.04192000  0.02763102  0.00056694  
892         0.02916000  0.02763274  0.00056631  
893         0.01312000  0.02761648  0.00056590  
894         -0.00320000 0.02758201  0.00056632  
895         0.03356000  0.02758869  0.00056573  
896         0.01944000  0.02757960  0.00056517  
897         0.03704000  0.02759014  0.00056464  
898         0.00800000  0.02756833  0.00056443  
899         0.02348000  0.02756378  0.00056382  
900         0.04084000  0.02757853  0.00056339  
901         0.02920000  0.02758033  0.00056276  
902         0.00728000  0.02755783  0.00056259  
903         0.01504000  0.02754396  0.00056214  
904         -0.00340000 0.02750973  0.00056256  
905         0.03792000  0.02752124  0.00056205  
906         0.03084000  0.02752490  0.00056144  
907         0.04296000  0.02754192  0.00056108  
908         0.06080000  0.02757855  0.00056166  
909         0.00516000  0.02755388  0.00056158  
910         0.02924000  0.02755574  0.00056097  
911         0.04068000  0.02757014  0.00056054  
912         0.00236000  0.02754250  0.00056061  
913         0.00820000  0.02752131  0.00056039  
914         0.01824000  0.02751116  0.00055987  
915         0.01680000  0.02749945  0.00055938  
916         0.03316000  0.02750563  0.00055880  
917         0.02512000  0.02750303  0.00055820  
918         0.02752000  0.02750305  0.00055759  
919         0.02388000  0.02749911  0.00055700  
920         0.04668000  0.02751996  0.00055678  
921         0.02720000  0.02751961  0.00055618  
922         0.02080000  0.02751232  0.00055562  
923         0.03184000  0.02751701  0.00055504  
924         0.04940000  0.02754069  0.00055495  
925         0.04652000  0.02756121  0.00055472  
926         0.03264000  0.02756670  0.00055415  
927         0.03496000  0.02757467  0.00055361  
928         0.02584000  0.02757280  0.00055302  
929         0.02888000  0.02757421  0.00055242  
930         0.01264000  0.02755815  0.00055206  
931         0.04940000  0.02758161  0.00055197  
932         0.03204000  0.02758639  0.00055140  
933         0.02876000  0.02758765  0.00055081  
934         -0.00028000 0.02755782  0.00055103  
935         -0.01404000 0.02751333  0.00055223  
936         0.07876000  0.02756808  0.00055435  
937         0.03676000  0.02757789  0.00055385  
938         0.04528000  0.02759676  0.00055358  
939         0.02032000  0.02758901  0.00055304  
940         0.03844000  0.02760055  0.00055257  
941         0.02492000  0.02759770  0.00055199  
942         0.03816000  0.02760892  0.00055152  
943         0.05688000  0.02763996  0.00055181  
944         0.04980000  0.02766343  0.00055172  
945         0.03220000  0.02766823  0.00055116  
946         0.02372000  0.02766406  0.00055059  
947         0.02000000  0.02765597  0.00055007  
948         0.04136000  0.02767042  0.00054968  
949         0.03324000  0.02767629  0.00054913  
950         0.03184000  0.02768067  0.00054857  
951         0.02656000  0.02767950  0.00054800  
952         -0.00240000 0.02764790  0.00054833  
953         0.04040000  0.02766128  0.00054792  
954         0.03184000  0.02766566  0.00054736  
955         0.02720000  0.02766517  0.00054679  
956         0.03976000  0.02767782  0.00054636  
957         0.04100000  0.02769175  0.00054597  
958         0.03916000  0.02770372  0.00054553  
959         0.02224000  0.02769802  0.00054499  
960         0.01808000  0.02768800  0.00054452  
961         0.03112000  0.02769157  0.00054396  
962         0.01584000  0.02767925  0.00054353  
963         0.02556000  0.02767705  0.00054297  
964         0.03148000  0.02768100  0.00054242  
965         0.03284000  0.02768634  0.00054189  
966         0.00564000  0.02766352  0.00054181  
967         0.04312000  0.02767950  0.00054148  
968         0.05468000  0.02770740  0.00054164  
969         0.02724000  0.02770691  0.00054108  
970         0.03012000  0.02770940  0.00054053  
971         0.01028000  0.02769145  0.00054027  
972         -0.00584000 0.02765695  0.00054082  
973         0.00540000  0.02763408  0.00054075  
974         0.03920000  0.02764595  0.00054032  
975         0.03176000  0.02765017  0.00053978  
976         0.02816000  0.02765070  0.00053923  
977         0.02348000  0.02764643  0.00053869  
978         0.03960000  0.02765865  0.00053828  
979         0.01116000  0.02764180  0.00053800  
980         0.04644000  0.02766098  0.00053779  
981         0.01512000  0.02764820  0.00053739  
982         0.00392000  0.02762403  0.00053739  
983         0.02368000  0.02762002  0.00053686  
984         0.03768000  0.02763024  0.00053641  
985         0.01316000  0.02761555  0.00053606  
986         0.01304000  0.02760077  0.00053572  
987         0.04092000  0.02761427  0.00053535  
988         0.04024000  0.02762704  0.00053496  
989         0.01008000  0.02760930  0.00053472  
990         0.00600000  0.02758747  0.00053462  
991         0.03172000  0.02759164  0.00053410  
992         0.02480000  0.02758883  0.00053357  
993         -0.00668000 0.02755432  0.00053414  
994         0.00936000  0.02753602  0.00053392  
995         0.00848000  0.02751686  0.00053373  
996         0.00172000  0.02749096  0.00053382  
997         0.03796000  0.02750146  0.00053339  
998         0.01588000  0.02748982  0.00053298  
999         0.04136000  0.02750370  0.00053263  
1000        0.03700000  0.02751320  0.00053218  
1001        0.02472000  0.02751041  0.00053165  
1002        0.03324000  0.02751613  0.00053115  
1003        0.03564000  0.02752423  0.00053069  
1004        -0.00176000 0.02749506  0.00053096  
1005        0.00784000  0.02747550  0.00053079  
1006        0.03520000  0.02748318  0.00053032  
1007        0.01116000  0.02746697  0.00053004  
1008        0.02452000  0.02746405  0.00052952  
1009        0.02856000  0.02746513  0.00052900  
1010        0.04316000  0.02748067  0.00052870  
1011        0.03360000  0.02748673  0.00052821  
1012        -0.01352000 0.02744621  0.00052925  
1013        0.04056000  0.02745915  0.00052888  
1014        0.03076000  0.02746241  0.00052837  
1015        0.01372000  0.02744887  0.00052802  
1016        0.02520000  0.02744665  0.00052751  
1017        0.01060000  0.02743009  0.00052725  
1018        0.01840000  0.02742122  0.00052680  
1019        0.00836000  0.02740251  0.00052662  
1020        0.04340000  0.02741820  0.00052634  
1021        0.02412000  0.02741497  0.00052583  
1022        0.00824000  0.02739620  0.00052565  
1023        0.00756000  0.02737681  0.00052550  
1024        0.02708000  0.02737652  0.00052498  
1025        0.02464000  0.02737385  0.00052448  
1026        0.03516000  0.02738144  0.00052402  
1027        0.03860000  0.02739237  0.00052362  
1028        0.04264000  0.02740720  0.00052332  
1029        0.04124000  0.02742064  0.00052299  
1030        0.03980000  0.02743266  0.00052262  
1031        -0.00048000 0.02740559  0.00052281  
1032        0.02816000  0.02740632  0.00052231  
1033        0.03380000  0.02741251  0.00052184  
1034        -0.00576000 0.02738043  0.00052232  
1035        0.03416000  0.02738698  0.00052185  
1036        0.01396000  0.02737402  0.00052151  
1037        -0.00436000 0.02734341  0.00052191  
1038        0.03440000  0.02735021  0.00052145  
1039        0.04448000  0.02736670  0.00052121  
1040        0.03024000  0.02736946  0.00052071  
1041        0.03108000  0.02737303  0.00052022  
1042        0.02436000  0.02737013  0.00051973  
1043        0.04132000  0.02738351  0.00051941  
1044        0.00904000  0.02736594  0.00051921  
1045        0.04096000  0.02737895  0.00051887  
1046        -0.00116000 0.02735166  0.00051909  
1047        0.06960000  0.02739202  0.00052016  
1048        0.00808000  0.02737359  0.00051999  
1049        0.03480000  0.02738067  0.00051955  
1050        0.03348000  0.02738648  0.00051908  
1051        0.06420000  0.02742150  0.00051977  
1052        0.02704000  0.02742114  0.00051928  
1053        0.01572000  0.02741003  0.00051890  
1054        0.02864000  0.02741120  0.00051841  
1055        0.06196000  0.02744394  0.00051895  
1056        0.03716000  0.02745314  0.00051854  
1057        0.03404000  0.02745938  0.00051809  
1058        0.01288000  0.02744560  0.00051778  
1059        0.02016000  0.02743872  0.00051734  
1060        0.00500000  0.02741755  0.00051729  
1061        0.03468000  0.02742439  0.00051684  
1062        0.03420000  0.02743077  0.00051640  
1063        0.02932000  0.02743255  0.00051591  
1064        0.04452000  0.02744861  0.00051568  
1065        0.01132000  0.02743346  0.00051542  
1066        0.02804000  0.02743403  0.00051493  
1067        0.05200000  0.02745706  0.00051497  
1068        0.01768000  0.02744790  0.00051456  
1069        0.01252000  0.02743394  0.00051427  
1070        0.02084000  0.02742778  0.00051383  
1071        0.00312000  0.02740508  0.00051385  
1072        0.00816000  0.02738713  0.00051368  
1073        0.05476000  0.02741264  0.00051384  
1074        0.00036000  0.02738745  0.00051398  
1075        0.02300000  0.02738337  0.00051352  
1076        0.01452000  0.02737141  0.00051318  
1077        0.01312000  0.02735818  0.00051287  
1078        0.01188000  0.02734382  0.00051260  
1079        0.01344000  0.02733094  0.00051228  
1080        0.02356000  0.02732744  0.00051182  
1081        0.05400000  0.02735212  0.00051194  
1082        0.00800000  0.02733423  0.00051178  
1083        0.02212000  0.02732942  0.00051133  
1084        0.00816000  0.02731173  0.00051117  
1085        0.02164000  0.02730651  0.00051072  
1086        0.02612000  0.02730541  0.00051025  
1087        0.01612000  0.02729512  0.00050989  
1088        0.04220000  0.02730882  0.00050960  
1089        0.04232000  0.02732261  0.00050932  
1090        0.02728000  0.02732257  0.00050885  
1091        0.00672000  0.02730368  0.00050874  
1092        0.03584000  0.02731150  0.00050833  
1093        0.02796000  0.02731210  0.00050786  
1094        0.04292000  0.02732636  0.00050760  
1095        0.04544000  0.02734290  0.00050741  
1096        0.00316000  0.02732084  0.00050742  
1097        0.02844000  0.02732186  0.00050696  
1098        0.02088000  0.02731599  0.00050653  
1099        0.00556000  0.02729620  0.00050646  
1100        0.02468000  0.02729382  0.00050600  
1101        0.03448000  0.02730035  0.00050559  
1102        0.02372000  0.02729710  0.00050514  
1103        0.02816000  0.02729788  0.00050468  
1104        0.05156000  0.02731986  0.00050470  
1105        0.03520000  0.02732699  0.00050430  
1106        0.03448000  0.02733345  0.00050388  
1107        0.00412000  0.02731248  0.00050386  
1108        0.02676000  0.02731199  0.00050341  
1109        0.03580000  0.02731964  0.00050301  
1110        0.02024000  0.02731326  0.00050260  
1111        0.02972000  0.02731543  0.00050215  
1112        0.02876000  0.02731673  0.00050170  
1113        0.01976000  0.02730994  0.00050130  
1114        0.06912000  0.02734747  0.00050225  
1115        0.01676000  0.02733797  0.00050189  
1116        0.04344000  0.02735240  0.00050165  
1117        0.01488000  0.02734124  0.00050132  
1118        0.01204000  0.02732755  0.00050106  
1119        0.04840000  0.02734638  0.00050097  
1120        0.04380000  0.02736107  0.00050073  
1121        0.02216000  0.02735643  0.00050031  
1122        0.02760000  0.02735665  0.00049986  
1123        0.01756000  0.02734793  0.00049949  
1124        0.01156000  0.02733388  0.00049925  
1125        0.03112000  0.02733724  0.00049881  
1126        0.03416000  0.02734330  0.00049841  
1127        -0.01972000 0.02730154  0.00049971  
1128        0.03168000  0.02730543  0.00049929  
1129        -0.00672000 0.02727529  0.00049975  
1130        0.03948000  0.02728609  0.00049943  
1131        0.03836000  0.02729588  0.00049908  
1132        0.00608000  0.02727714  0.00049899  
1133        0.04016000  0.02728851  0.00049868  
1134        0.04872000  0.02730741  0.00049860  
1135        0.02876000  0.02730869  0.00049816  
1136        0.02920000  0.02731035  0.00049773  
1137        0.03972000  0.02732127  0.00049741  
1138        0.03948000  0.02733195  0.00049708  
1139        0.02240000  0.02732762  0.00049667  
1140        0.01660000  0.02731821  0.00049632  
1141        0.04796000  0.02733630  0.00049622  
1142        -0.00060000 0.02731184  0.00049638  
1143        0.03196000  0.02731591  0.00049597  
1144        0.01296000  0.02730336  0.00049569  
1145        0.01848000  0.02729565  0.00049532  
1146        0.04492000  0.02731103  0.00049512  
1147        0.00788000  0.02729409  0.00049498  
1148        0.02492000  0.02729202  0.00049456  
1149        0.01644000  0.02728258  0.00049422  
1150        0.04104000  0.02729454  0.00049393  
1151        0.01396000  0.02728295  0.00049364  
1152        0.02532000  0.02728125  0.00049321  
1153        0.03432000  0.02728735  0.00049282  
1154        0.02616000  0.02728638  0.00049239  
1155        0.04204000  0.02729915  0.00049213  
1156        0.05372000  0.02732201  0.00049224  
1157        0.00292000  0.02730092  0.00049227  
1158        0.03424000  0.02730691  0.00049188  
1159        0.04324000  0.02732066  0.00049164  
1160        0.02932000  0.02732238  0.00049122  
1161        0.04292000  0.02733581  0.00049098  
1162        0.01948000  0.02732905  0.00049061  
1163        -0.00248000 0.02730342  0.00049086  
1164        0.03948000  0.02731388  0.00049054  
1165        0.03908000  0.02732398  0.00049023  
1166        0.02312000  0.02732038  0.00048982  
1167        0.04884000  0.02733882  0.00048975  
1168        0.02764000  0.02733908  0.00048933  
1169        0.03964000  0.02734960  0.00048902  
1170        0.02648000  0.02734885  0.00048861  
1171        0.02612000  0.02734781  0.00048819  
1172        0.02916000  0.02734935  0.00048777  
1173        -0.00204000 0.02732430  0.00048800  
1174        0.01112000  0.02731049  0.00048778  
1175        0.04312000  0.02732395  0.00048755  
1176        0.01896000  0.02731684  0.00048719  
1177        0.01544000  0.02730675  0.00048688  
1178        0.00388000  0.02728686  0.00048687  
1179        0.03800000  0.02729595  0.00048654  
1180        0.03288000  0.02730068  0.00048615  
1181        0.01744000  0.02729233  0.00048581  
1182        0.03680000  0.02730037  0.00048547  
1183        0.03060000  0.02730316  0.00048507  
1184        0.01328000  0.02729132  0.00048480  
1185        0.04028000  0.02730228  0.00048452  
1186        0.02740000  0.02730236  0.00048411  
1187        0.02024000  0.02729641  0.00048374  
1188        0.02756000  0.02729663  0.00048333  
1189        0.05008000  0.02731579  0.00048330  
1190        0.03484000  0.02732212  0.00048294  
1191        0.01488000  0.02731167  0.00048265  
1192        0.05500000  0.02733490  0.00048280  
1193        0.01132000  0.02732148  0.00048258  
1194        0.02480000  0.02731936  0.00048218  
1195        0.03500000  0.02732579  0.00048182  
1196        0.04836000  0.02734338  0.00048174  
1197        0.01256000  0.02733103  0.00048149  
1198        0.04796000  0.02734825  0.00048140  
1199        0.02328000  0.02734485  0.00048101  
1200        0.00560000  0.02732673  0.00048095  
1201        0.03720000  0.02733495  0.00048062  
1202        0.03084000  0.02733787  0.00048023  
1203        0.02520000  0.02733609  0.00047983  
1204        0.02240000  0.02733199  0.00047945  
1205        0.02068000  0.02732647  0.00047909  
1206        0.02772000  0.02732680  0.00047869  
1207        0.02216000  0.02732252  0.00047831  
1208        0.04120000  0.02733401  0.00047805  
1209        0.00864000  0.02731854  0.00047791  
1210        0.00012000  0.02729607  0.00047804  
1211        0.01884000  0.02728908  0.00047770  
1212        0.03860000  0.02729842  0.00047739  
1213        0.01812000  0.02729085  0.00047706  
1214        0.03288000  0.02729545  0.00047669  
1215        0.01912000  0.02728872  0.00047635  
1216        0.00612000  0.02727132  0.00047627  
1217        0.03308000  0.02727609  0.00047590  
1218        0.00876000  0.02726089  0.00047576  
1219        0.01216000  0.02724850  0.00047553  
1220        0.00288000  0.02722852  0.00047556  
1221        -0.02052000 0.02718942  0.00047677  
1222        0.02424000  0.02718700  0.00047639  
1223        0.04364000  0.02720046  0.00047619  
1224        0.01768000  0.02719268  0.00047586  
1225        0.04340000  0.02720591  0.00047566  
1226        0.01880000  0.02719905  0.00047532  
1227        0.01344000  0.02718784  0.00047507  
1228        0.04000000  0.02719827  0.00047479  
1229        0.07552000  0.02723759  0.00047603  
1230        0.02524000  0.02723597  0.00047565  
1231        -0.00528000 0.02720955  0.00047600  
1232        0.02604000  0.02720860  0.00047561  
1233        0.02528000  0.02720704  0.00047523  
1234        0.06484000  0.02723754  0.00047582  
1235        0.05272000  0.02725817  0.00047588  
1236        0.00008000  0.02723618  0.00047601  
1237        0.02512000  0.02723447  0.00047562  
1238        0.02488000  0.02723257  0.00047524  
1239        0.01672000  0.02722408  0.00047493  
1240        0.01344000  0.02721297  0.00047468  
1241        0.06644000  0.02724458  0.00047535  
1242        0.01728000  0.02723655  0.00047504  
1243        0.02592000  0.02723549  0.00047466  
1244        0.06792000  0.02726820  0.00047540  
1245        0.04004000  0.02727846  0.00047513  
1246        0.03460000  0.02728433  0.00047478  
1247        0.02828000  0.02728513  0.00047440  
1248        0.05680000  0.02730878  0.00047461  
1249        0.01952000  0.02730255  0.00047427  
1250        0.01364000  0.02729162  0.00047402  
1251        0.05024000  0.02730996  0.00047400  
1252        0.04648000  0.02732527  0.00047386  
1253        0.05800000  0.02734975  0.00047412  
1254        0.01988000  0.02734380  0.00047378  
1255        0.02972000  0.02734569  0.00047340  
1256        0.03084000  0.02734847  0.00047304  
1257        0.03960000  0.02735822  0.00047276  
1258        0.02092000  0.02735310  0.00047241  
1259        -0.01884000 0.02731641  0.00047346  
1260        0.03176000  0.02731994  0.00047310  
1261        0.03288000  0.02732435  0.00047274  
1262        0.03028000  0.02732669  0.00047237  
1263        0.01864000  0.02731981  0.00047205  
1264        0.03592000  0.02732661  0.00047172  
1265        0.02440000  0.02732430  0.00047136  
1266        0.03356000  0.02732923  0.00047101  
1267        0.05180000  0.02734854  0.00047103  
1268        0.02484000  0.02734656  0.00047067  
1269        0.02168000  0.02734210  0.00047032  
1270        0.02488000  0.02734016  0.00046995  
1271        0.02764000  0.02734039  0.00046958  
1272        0.01620000  0.02733164  0.00046929  
1273        0.03536000  0.02733794  0.00046897  
1274        0.03928000  0.02734732  0.00046869  
1275        0.01760000  0.02733967  0.00046839  
1276        0.03520000  0.02734583  0.00046806  
1277        0.02244000  0.02734199  0.00046771  
1278        0.01308000  0.02733083  0.00046748  
1279        0.02328000  0.02732766  0.00046712  
1280        0.02496000  0.02732581  0.00046676  
1281        0.01924000  0.02731950  0.00046644  
1282        0.00920000  0.02730537  0.00046629  
1283        0.02228000  0.02730145  0.00046594  
1284        0.02456000  0.02729931  0.00046558  
1285        0.04252000  0.02731116  0.00046537  
1286        0.01756000  0.02730358  0.00046507  
1287        0.00336000  0.02728497  0.00046508  
1288        0.02708000  0.02728481  0.00046472  
1289        0.02048000  0.02727953  0.00046439  
1290        0.03980000  0.02728924  0.00046413  
1291        0.01832000  0.02728229  0.00046382  
1292        0.02064000  0.02727715  0.00046349  
1293        0.03596000  0.02728387  0.00046318  
1294        0.02888000  0.02728510  0.00046283  
1295        0.05560000  0.02730697  0.00046299  
1296        0.02376000  0.02730423  0.00046264  
1297        0.02384000  0.02730156  0.00046229  
1298        0.03988000  0.02731125  0.00046203  
1299        0.05148000  0.02732985  0.00046205  
1300        0.04028000  0.02733982  0.00046180  
1301        0.04008000  0.02734961  0.00046155  
1302        0.01212000  0.02733791  0.00046135  
1303        0.01980000  0.02733213  0.00046103  
1304        0.02500000  0.02733034  0.00046068  
1305        0.00308000  0.02731175  0.00046070  
1306        0.04176000  0.02732282  0.00046048  
1307        0.02520000  0.02732119  0.00046013  
1308        0.01664000  0.02731303  0.00045985  
1309        0.03112000  0.02731594  0.00045951  
1310        0.03076000  0.02731856  0.00045917  
1311        0.00900000  0.02730459  0.00045903  
1312        0.02172000  0.02730034  0.00045870  
1313        0.03892000  0.02730919  0.00045843  
1314        0.02432000  0.02730691  0.00045809  
1315        0.04220000  0.02731824  0.00045788  
1316        0.02588000  0.02731714  0.00045753  
1317        0.01584000  0.02730843  0.00045727  
1318        0.03088000  0.02731114  0.00045693  
1319        0.02668000  0.02731066  0.00045659  
1320        0.03736000  0.02731827  0.00045630  
1321        0.01652000  0.02731010  0.00045603  
1322        0.01100000  0.02729776  0.00045585  
1323        0.02072000  0.02729279  0.00045553  
1324        0.01424000  0.02728293  0.00045530  
1325        0.01336000  0.02727242  0.00045507  
1326        0.04268000  0.02728404  0.00045488  
1327        0.05304000  0.02730345  0.00045495  
1328        0.03696000  0.02731072  0.00045467  
1329        0.05320000  0.02733020  0.00045474  
1330        0.04328000  0.02734220  0.00045456  
1331        0.02744000  0.02734227  0.00045422  
1332        0.02076000  0.02733733  0.00045390  
1333        0.01832000  0.02733056  0.00045361  
1334        0.04356000  0.02734273  0.00045343  
1335        0.01316000  0.02733210  0.00045322  
1336        0.02112000  0.02732746  0.00045290  
1337        -0.01004000 0.02729951  0.00045343  
1338        0.03192000  0.02730296  0.00045310  
1339        0.04788000  0.02731833  0.00045302  
1340        0.03508000  0.02732412  0.00045272  
1341        0.03176000  0.02732743  0.00045240  
1342        0.01528000  0.02731845  0.00045215  
1343        0.04312000  0.02733022  0.00045197  
1344        0.02840000  0.02733101  0.00045163  
1345        0.03080000  0.02733359  0.00045130  
1346        0.01220000  0.02732235  0.00045111  
1347        0.03156000  0.02732549  0.00045078  
1348        0.03728000  0.02733288  0.00045051  
1349        0.04308000  0.02734455  0.00045033  
1350        0.01880000  0.02733822  0.00045004  
1351        0.03428000  0.02734336  0.00044973  
1352        0.01004000  0.02733056  0.00044958  
1353        0.02980000  0.02733239  0.00044925  
1354        0.03120000  0.02733524  0.00044893  
1355        0.00476000  0.02731858  0.00044891  
1356        0.02408000  0.02731619  0.00044858  
1357        0.05536000  0.02733686  0.00044873  
1358        0.02256000  0.02733334  0.00044841  
1359        0.00472000  0.02731670  0.00044839  
1360        0.02612000  0.02731582  0.00044806  
1361        0.02864000  0.02731680  0.00044773  
1362        0.03280000  0.02732082  0.00044742  
1363        0.02860000  0.02732176  0.00044710  
1364        0.02832000  0.02732249  0.00044677  
1365        -0.00612000 0.02729799  0.00044711  
1366        0.01148000  0.02728641  0.00044693  
1367        0.01248000  0.02727558  0.00044674  
1368        0.02388000  0.02727310  0.00044642  
1369        0.01464000  0.02726387  0.00044619  
1370        0.01248000  0.02725308  0.00044599  
1371        0.02588000  0.02725208  0.00044567  
1372        0.03308000  0.02725633  0.00044536  
1373        0.05112000  0.02727371  0.00044538  
1374        0.04076000  0.02728352  0.00044516  
1375        0.02212000  0.02727977  0.00044485  
1376        0.02352000  0.02727703  0.00044454  
1377        0.01032000  0.02726472  0.00044439  
1378        0.01120000  0.02725306  0.00044422  
1379        0.01092000  0.02724122  0.00044405  
1380        0.03068000  0.02724371  0.00044374  
1381        0.02840000  0.02724455  0.00044342  
1382        0.00880000  0.02723120  0.00044330  
1383        0.04748000  0.02724584  0.00044322  
1384        0.02768000  0.02724616  0.00044290  
1385        0.02428000  0.02724401  0.00044258  
1386        0.03660000  0.02725076  0.00044232  
1387        0.00912000  0.02723769  0.00044219  
1388        0.02644000  0.02723712  0.00044187  
1389        0.06604000  0.02726505  0.00044244  
1390        0.01680000  0.02725753  0.00044218  
1391        0.02332000  0.02725469  0.00044187  
1392        0.02644000  0.02725411  0.00044156  
1393        0.05468000  0.02727380  0.00044168  
1394        -0.01500000 0.02724347  0.00044240  
1395        0.04240000  0.02725434  0.00044222  
1396        0.02480000  0.02725258  0.00044190  
1397        0.04124000  0.02726259  0.00044170  
1398        0.02588000  0.02726160  0.00044139  
1399        0.03092000  0.02726422  0.00044108  
1400        0.04616000  0.02727771  0.00044097  
1401        0.02848000  0.02727857  0.00044066  
1402        0.02928000  0.02728000  0.00044034  
1403        0.05416000  0.02729916  0.00044045  
1404        0.05696000  0.02732028  0.00044064  
1405        0.02328000  0.02731741  0.00044034  
1406        0.01216000  0.02730663  0.00044015  
1407        0.01652000  0.02729896  0.00043991  
1408        0.01408000  0.02728957  0.00043970  
1409        0.05552000  0.02730961  0.00043984  
1410        0.01436000  0.02730043  0.00043962  
1411        0.01388000  0.02729091  0.00043942  
1412        0.04048000  0.02730025  0.00043920  
1413        0.04084000  0.02730984  0.00043900  
1414        0.03180000  0.02731301  0.00043870  
1415        0.04936000  0.02732859  0.00043867  
1416        0.02292000  0.02732548  0.00043837  
1417        0.04652000  0.02733903  0.00043827  
1418        0.03196000  0.02734228  0.00043797  
1419        0.03892000  0.02735044  0.00043774  
1420        0.01880000  0.02734442  0.00043747  
1421        0.02508000  0.02734283  0.00043716  
1422        0.06668000  0.02737049  0.00043773  
1423        0.00476000  0.02735460  0.00043771  
1424        0.02316000  0.02735166  0.00043742  
1425        0.03416000  0.02735644  0.00043713  
1426        0.01632000  0.02734870  0.00043690  
1427        -0.00800000 0.02732392  0.00043729  
1428        0.02072000  0.02731930  0.00043701  
1429        0.02464000  0.02731742  0.00043671  
1430        0.03452000  0.02732246  0.00043643  
1431        0.03440000  0.02732741  0.00043615  
1432        0.03924000  0.02733573  0.00043593  
1433        0.03384000  0.02734027  0.00043565  
1434        0.02808000  0.02734078  0.00043535  
1435        0.06340000  0.02736591  0.00043577  
1436        0.02256000  0.02736256  0.00043548  
1437        0.01188000  0.02735179  0.00043531  
1438        0.03632000  0.02735803  0.00043505  
1439        0.02944000  0.02735947  0.00043475  
1440        0.02652000  0.02735889  0.00043445  
1441        0.03460000  0.02736391  0.00043417  
1442        0.01268000  0.02735373  0.00043399  
1443        0.02108000  0.02734938  0.00043371  
1444        0.03228000  0.02735280  0.00043343  
1445        0.02012000  0.02734779  0.00043316  
1446        0.03812000  0.02735524  0.00043292  
1447        0.05188000  0.02737219  0.00043295  
1448        0.03648000  0.02737848  0.00043270  
1449        0.04692000  0.02739197  0.00043261  
1450        0.06060000  0.02741487  0.00043292  
1451        0.00684000  0.02740069  0.00043285  
1452        0.03344000  0.02740485  0.00043257  
1453        0.03748000  0.02741178  0.00043233  
1454        0.01164000  0.02740094  0.00043217  
1455        0.00428000  0.02738504  0.00043217  
1456        0.03584000  0.02739085  0.00043191  
1457        -0.00516000 0.02736851  0.00043219  
1458        0.02420000  0.02736634  0.00043190  
1459        0.03108000  0.02736888  0.00043161  
1460        0.03084000  0.02737126  0.00043132  
1461        0.01980000  0.02736608  0.00043106  
1462        0.03772000  0.02737316  0.00043082  
1463        0.01504000  0.02736473  0.00043061  
1464        0.02728000  0.02736467  0.00043031  
1465        0.02944000  0.02736609  0.00043002  
1466        0.00872000  0.02735337  0.00042992  
1467        0.02408000  0.02735114  0.00042963  
1468        0.03756000  0.02735809  0.00042939  
1469        0.01192000  0.02734758  0.00042923  
1470        0.03140000  0.02735034  0.00042895  
1471        0.03376000  0.02735470  0.00042868  
1472        0.05156000  0.02737114  0.00042870  
1473        0.03460000  0.02737605  0.00042844  
1474        0.04448000  0.02738765  0.00042830  
1475        0.03092000  0.02739005  0.00042802  
1476        0.00736000  0.02737648  0.00042794  
1477        0.05248000  0.02739347  0.00042799  
1478        0.04308000  0.02740409  0.00042783  
1479        0.04180000  0.02741382  0.00042766  
1480        0.03344000  0.02741789  0.00042739  
1481        0.04324000  0.02742858  0.00042723  
1482        0.03632000  0.02743457  0.00042698  
1483        0.03948000  0.02744270  0.00042677  
1484        0.02644000  0.02744202  0.00042649  
1485        0.04332000  0.02745271  0.00042633  
1486        0.01824000  0.02744651  0.00042609  
1487        -0.00988000 0.02742141  0.00042654  
1488        0.01868000  0.02741554  0.00042630  
1489        0.03568000  0.02742109  0.00042605  
1490        0.02476000  0.02741930  0.00042577  
1491        0.06152000  0.02744217  0.00042609  
1492        0.04252000  0.02745228  0.00042593  
1493        0.02816000  0.02745275  0.00042564  
1494        0.00952000  0.02744075  0.00042553  
1495        0.01784000  0.02743433  0.00042529  
1496        0.04288000  0.02744465  0.00042513  
1497        0.04024000  0.02745320  0.00042493  
1498        0.04484000  0.02746481  0.00042481  
1499        0.03112000  0.02746724  0.00042453  
1500        0.02444000  0.02746523  0.00042425  
1501        0.02884000  0.02746614  0.00042397  
1502        0.04928000  0.02748067  0.00042394  
1503        -0.02132000 0.02744820  0.00042490  
1504        0.05368000  0.02746564  0.00042497  
1505        0.05104000  0.02748130  0.00042498  
1506        0.01304000  0.02747171  0.00042481  
1507        0.02220000  0.02746821  0.00042454  
1508        0.02188000  0.02746451  0.00042427  
1509        0.01488000  0.02745617  0.00042407  
1510        0.03384000  0.02746040  0.00042381  
1511        0.04832000  0.02747420  0.00042376  
1512        0.00668000  0.02746045  0.00042370  
1513        0.03864000  0.02746784  0.00042349  
1514        0.00608000  0.02745371  0.00042344  
1515        0.03672000  0.02745983  0.00042321  
1516        0.04692000  0.02747266  0.00042312  
1517        0.04136000  0.02748182  0.00042294  
1518        0.02932000  0.02748303  0.00042267  
1519        0.01616000  0.02747558  0.00042245  
1520        -0.01380000 0.02744842  0.00042305  
1521        0.01128000  0.02743779  0.00042290  
1522        0.01172000  0.02742746  0.00042275  
1523        0.01212000  0.02741741  0.00042259  
1524        -0.00160000 0.02739837  0.00042274  
1525        0.05076000  0.02741369  0.00042274  
1526        0.02580000  0.02741263  0.00042247  
1527        0.05548000  0.02743102  0.00042259  
1528        0.02980000  0.02743257  0.00042232  
1529        0.02420000  0.02743045  0.00042205  
1530        0.05836000  0.02745067  0.00042226  
1531        0.03032000  0.02745254  0.00042198  
1532        0.04212000  0.02746211  0.00042182  
1533        0.03372000  0.02746620  0.00042156  
1534        0.04076000  0.02747486  0.00042138  
1535        0.01808000  0.02746874  0.00042115  
1536        0.02680000  0.02746831  0.00042087  
1537        0.02716000  0.02746811  0.00042060  
1538        0.04368000  0.02747865  0.00042046  
1539        0.03488000  0.02748346  0.00042021  
1540        0.03024000  0.02748525  0.00041994  
1541        0.01820000  0.02747922  0.00041971  
1542        0.03800000  0.02748604  0.00041950  
1543        0.02072000  0.02748166  0.00041925  
1544        0.04528000  0.02749319  0.00041913  
1545        0.01748000  0.02748671  0.00041891  
1546        0.02216000  0.02748326  0.00041866  
1547        0.05276000  0.02749960  0.00041870  
1548        0.04292000  0.02750956  0.00041855  
1549        0.03088000  0.02751174  0.00041829  
1550        0.02308000  0.02750888  0.00041803  
1551        0.04384000  0.02751941  0.00041789  
1552        0.04596000  0.02753129  0.00041779  
1553        0.03720000  0.02753751  0.00041757  
1554        0.04608000  0.02754945  0.00041747  
1555        0.05244000  0.02756545  0.00041751  
1556        0.06004000  0.02758632  0.00041776  
1557        0.01716000  0.02757963  0.00041755  
1558        0.05520000  0.02759736  0.00041765  
1559        0.00204000  0.02758096  0.00041771  
1560        0.00848000  0.02756872  0.00041762  
1561        0.00792000  0.02755613  0.00041754  
1562        0.02108000  0.02755198  0.00041729  
1563        0.04084000  0.02756049  0.00041711  
1564        0.02732000  0.02756033  0.00041685  
1565        0.01244000  0.02755067  0.00041669  
1566        -0.00248000 0.02753149  0.00041687  
1567        0.01444000  0.02752314  0.00041669  
1568        0.02152000  0.02751931  0.00041644  
1569        0.03700000  0.02752535  0.00041622  
1570        0.03144000  0.02752785  0.00041596  
1571        0.02552000  0.02752657  0.00041570  
1572        0.01152000  0.02751639  0.00041556  
1573        0.01748000  0.02751001  0.00041534  
1574        0.04276000  0.02751970  0.00041519  
1575        0.05096000  0.02753458  0.00041519  
1576        0.03080000  0.02753665  0.00041493  
1577        0.01264000  0.02752720  0.00041478  
1578        0.02956000  0.02752849  0.00041452  
1579        0.04904000  0.02754212  0.00041448  
1580        0.03060000  0.02754405  0.00041422  
1581        0.05592000  0.02756200  0.00041435  
1582        0.03064000  0.02756394  0.00041409  
1583        0.01776000  0.02755775  0.00041387  
1584        0.02636000  0.02755699  0.00041361  
1585        0.03352000  0.02756076  0.00041337  
1586        0.02928000  0.02756184  0.00041311  
1587        0.01076000  0.02755125  0.00041299  
1588        0.04568000  0.02756267  0.00041288  
1589        0.04180000  0.02757163  0.00041272  
1590        0.02640000  0.02757089  0.00041246  
1591        0.04392000  0.02758117  0.00041233  
1592        0.02556000  0.02757990  0.00041207  
1593        0.02800000  0.02758016  0.00041182  
1594        0.01120000  0.02756989  0.00041169  
1595        0.05348000  0.02758613  0.00041175  
1596        0.03228000  0.02758907  0.00041150  
1597        0.04352000  0.02759905  0.00041136  
1598        0.00956000  0.02758776  0.00041126  
1599        0.02392000  0.02758547  0.00041101  
1600        0.00132000  0.02756905  0.00041108  
1601        0.02164000  0.02756535  0.00041084  
1602        -0.00608000 0.02754434  0.00041112  
1603        -0.00100000 0.02752654  0.00041125  
1604        0.03600000  0.02753182  0.00041103  
1605        0.05864000  0.02755120  0.00041123  
1606        0.02596000  0.02755021  0.00041097  
1607        0.03972000  0.02755778  0.00041079  
1608        0.01716000  0.02755132  0.00041058  
1609        0.00836000  0.02753939  0.00041050  
1610        0.04336000  0.02754922  0.00041036  
1611        0.01720000  0.02754279  0.00041016  
1612        0.02660000  0.02754221  0.00040990  
1613        0.04044000  0.02755020  0.00040973  
1614        0.02976000  0.02755157  0.00040948  
1615        0.02196000  0.02754811  0.00040924  
1616        0.00364000  0.02753332  0.00040925  
1617        0.04784000  0.02754588  0.00040919  
1618        0.03672000  0.02755155  0.00040898  
1619        0.03624000  0.02755691  0.00040876  
1620        0.03384000  0.02756079  0.00040853  
1621        -0.00752000 0.02753915  0.00040885  
1622        0.04484000  0.02754982  0.00040873  
1623        0.00592000  0.02753649  0.00040870  
1624        0.04728000  0.02754865  0.00040863  
1625        0.01652000  0.02754186  0.00040843  
1626        0.04080000  0.02755001  0.00040826  
1627        -0.02116000 0.02752007  0.00040911  
1628        0.01036000  0.02750953  0.00040899  
1629        0.01724000  0.02750323  0.00040879  
1630        -0.01024000 0.02748007  0.00040920  
1631        0.04284000  0.02748949  0.00040905  
1632        0.01876000  0.02748414  0.00040884  
1633        0.02692000  0.02748380  0.00040859  
1634        0.01824000  0.02747814  0.00040838  
1635        0.03296000  0.02748149  0.00040814  
1636        0.02668000  0.02748100  0.00040789  
1637        0.00324000  0.02746619  0.00040791  
1638        0.02020000  0.02746176  0.00040769  
1639        0.01272000  0.02745276  0.00040754  
1640        0.00568000  0.02743949  0.00040751  
1641        0.03224000  0.02744241  0.00040727  
1642        0.05756000  0.02746076  0.00040743  
1643        0.03668000  0.02746637  0.00040722  
1644        0.04608000  0.02747769  0.00040713  
1645        0.01600000  0.02747071  0.00040694  
1646        0.01464000  0.02746292  0.00040677  
1647        0.02120000  0.02745911  0.00040654  
1648        0.01472000  0.02745138  0.00040637  
1649        0.01140000  0.02744165  0.00040624  
1650        0.03080000  0.02744368  0.00040600  
1651        0.04536000  0.02745454  0.00040590  
1652        0.01196000  0.02744516  0.00040576  
1653        0.03896000  0.02745212  0.00040557  
1654        0.03272000  0.02745531  0.00040534  
1655        0.03740000  0.02746132  0.00040514  
1656        0.03724000  0.02746722  0.00040494  
1657        0.02576000  0.02746619  0.00040470  
1658        0.00288000  0.02745136  0.00040472  
1659        0.02516000  0.02744998  0.00040448  
1660        0.02072000  0.02744593  0.00040426  
1661        0.05708000  0.02746377  0.00040441  
1662        0.05828000  0.02748231  0.00040459  
1663        0.04444000  0.02749251  0.00040448  
1664        0.03180000  0.02749510  0.00040424  
1665        0.02972000  0.02749643  0.00040400  
1666        0.02568000  0.02749534  0.00040376  
1667        0.03032000  0.02749704  0.00040352  
1668        0.03704000  0.02750276  0.00040332  
1669        0.01716000  0.02749656  0.00040313  
1670        0.04856000  0.02750917  0.00040308  
1671        0.03436000  0.02751327  0.00040286  
1672        0.01528000  0.02750596  0.00040269  
1673        -0.01640000 0.02747971  0.00040330  
1674        0.03508000  0.02748425  0.00040308  
1675        0.00820000  0.02747274  0.00040301  
1676        0.02616000  0.02747196  0.00040277  
1677        0.02416000  0.02746998  0.00040253  
1678        0.02952000  0.02747120  0.00040230  
1679        0.04260000  0.02748021  0.00040216  
1680        0.04232000  0.02748905  0.00040201  
1681        0.01712000  0.02748288  0.00040182  
1682        0.00500000  0.02746951  0.00040181  
1683        0.02588000  0.02746857  0.00040157  
1684        0.04660000  0.02747993  0.00040149  
1685        0.03636000  0.02748520  0.00040129  
1686        -0.00552000 0.02746562  0.00040153  
1687        0.03056000  0.02746746  0.00040129  
1688        0.02632000  0.02746678  0.00040105  
1689        0.02080000  0.02746283  0.00040084  
1690        0.03460000  0.02746705  0.00040062  
1691        0.02044000  0.02746290  0.00040041  
1692        0.05632000  0.02747995  0.00040053  
1693        0.02700000  0.02747967  0.00040030  
1694        0.02868000  0.02748038  0.00040006  
1695        0.01404000  0.02747245  0.00039990  
1696        0.01084000  0.02746264  0.00039979  
1697        0.03612000  0.02746774  0.00039958  
1698        -0.00796000 0.02744688  0.00039989  
1699        0.01912000  0.02744198  0.00039969  
1700        0.03108000  0.02744412  0.00039946  
1701        0.04416000  0.02745394  0.00039935  
1702        0.04228000  0.02746266  0.00039921  
1703        -0.00460000 0.02744383  0.00039941  
1704        0.02152000  0.02744035  0.00039920  
1705        0.02240000  0.02743740  0.00039897  
1706        0.04956000  0.02745036  0.00039895  
1707        0.01200000  0.02744131  0.00039882  
1708        0.03988000  0.02744859  0.00039865  
1709        0.04068000  0.02745634  0.00039849  
1710        0.02244000  0.02745340  0.00039827  
1711        0.04032000  0.02746092  0.00039811  
1712        0.02124000  0.02745729  0.00039789  
1713        -0.00360000 0.02743916  0.00039807  
1714        0.02640000  0.02743855  0.00039784  
1715        0.02868000  0.02743928  0.00039761  
1716        0.01804000  0.02743380  0.00039742  
1717        0.02092000  0.02743001  0.00039720  
1718        0.02528000  0.02742875  0.00039697  
1719        0.02120000  0.02742513  0.00039676  
1720        0.01144000  0.02741584  0.00039664  
1721        0.02680000  0.02741548  0.00039641  
1722        0.01304000  0.02740713  0.00039626  
1723        0.00860000  0.02739622  0.00039618  
1724        0.05676000  0.02741325  0.00039632  
1725        0.00480000  0.02740014  0.00039631  
1726        0.02040000  0.02739608  0.00039610  
1727        0.03372000  0.02739975  0.00039589  
1728        0.03064000  0.02740162  0.00039566  
1729        0.04460000  0.02741157  0.00039556  
1730        0.01156000  0.02740240  0.00039544  
1731        0.03016000  0.02740400  0.00039521  
1732        0.01836000  0.02739878  0.00039502  
1733        0.03260000  0.02740178  0.00039480  
1734        0.04372000  0.02741119  0.00039468  
1735        0.02432000  0.02740941  0.00039446  
1736        0.04900000  0.02742184  0.00039443  
1737        0.03484000  0.02742611  0.00039423  
1738        0.04944000  0.02743878  0.00039420  
1739        -0.00456000 0.02742038  0.00039441  
1740        0.00824000  0.02740936  0.00039433  
1741        0.03804000  0.02741546  0.00039415  
1742        -0.00864000 0.02739476  0.00039447  
1743        0.02940000  0.02739592  0.00039425  
1744        0.03180000  0.02739844  0.00039403  
1745        0.02960000  0.02739970  0.00039380  
1746        0.02948000  0.02740089  0.00039358  
1747        0.03188000  0.02740346  0.00039336  
1748        0.04408000  0.02741300  0.00039325  
1749        0.00888000  0.02740240  0.00039317  
1750        0.02564000  0.02740139  0.00039295  
1751        0.06824000  0.02742472  0.00039342  
1752        0.04136000  0.02743267  0.00039327  
1753        0.04908000  0.02744502  0.00039324  
1754        0.01396000  0.02743733  0.00039309  
1755        0.02180000  0.02743412  0.00039288  
1756        0.03152000  0.02743645  0.00039266  
1757        0.02728000  0.02743636  0.00039244  
1758        0.04116000  0.02744416  0.00039229  
1759        0.04232000  0.02745262  0.00039216  
1760        0.00704000  0.02744102  0.00039211  
1761        0.01760000  0.02743543  0.00039193  
1762        0.01304000  0.02742726  0.00039179  
1763        0.04100000  0.02743496  0.00039164  
1764        0.03032000  0.02743660  0.00039143  
1765        0.02508000  0.02743526  0.00039121  
1766        0.03848000  0.02744152  0.00039104  
1767        0.06288000  0.02746157  0.00039133  
1768        0.02312000  0.02745912  0.00039111  
1769        0.02556000  0.02745804  0.00039089  
1770        0.04036000  0.02746533  0.00039074  
1771        0.03048000  0.02746704  0.00039052  
1772        0.01276000  0.02745874  0.00039039  
1773        0.04148000  0.02746664  0.00039025  
1774        0.03252000  0.02746949  0.00039004  
1775        0.02640000  0.02746889  0.00038982  
1776        0.00172000  0.02745439  0.00038987  
1777        0.01632000  0.02744813  0.00038970  
1778        -0.00656000 0.02742900  0.00038995  
1779        0.05908000  0.02744679  0.00039014  
1780        0.04956000  0.02745921  0.00039012  
1781        0.02384000  0.02745718  0.00038991  
1782        0.04360000  0.02746624  0.00038979  
1783        0.01012000  0.02745651  0.00038970  
1784        0.02124000  0.02745303  0.00038949  
1785        0.03728000  0.02745853  0.00038931  
1786        0.06148000  0.02747758  0.00038956  
1787        0.05208000  0.02749135  0.00038959  
1788        0.01920000  0.02748671  0.00038940  
1789        0.02180000  0.02748353  0.00038919  
1790        0.01496000  0.02747654  0.00038904  
1791        0.04188000  0.02748458  0.00038890  
1792        0.03876000  0.02749087  0.00038874  
1793        0.02468000  0.02748930  0.00038852  
1794        0.02424000  0.02748749  0.00038831  
1795        0.02892000  0.02748829  0.00038809  
1796        0.00936000  0.02747820  0.00038801  
1797        0.02116000  0.02747468  0.00038781  
1798        0.04584000  0.02748489  0.00038773  
1799        0.02524000  0.02748365  0.00038752  
1800        0.04108000  0.02749120  0.00038737  
1801        0.00832000  0.02748056  0.00038730  
1802        0.03032000  0.02748213  0.00038709  
1803        0.03340000  0.02748541  0.00038689  
1804        0.03184000  0.02748783  0.00038668  
1805        0.02016000  0.02748377  0.00038649  
1806        0.00344000  0.02747045  0.00038651  
1807        0.00252000  0.02745665  0.00038654  
1808        0.03216000  0.02745925  0.00038633  
1809        -0.00032000 0.02744389  0.00038643  
1810        0.02184000  0.02744080  0.00038623  
1811        0.02348000  0.02743861  0.00038602  
1812        0.04564000  0.02744865  0.00038594  
1813        0.01388000  0.02744117  0.00038580  
1814        0.02316000  0.02743881  0.00038559  
1815        0.04344000  0.02744763  0.00038548  
1816        0.03068000  0.02744941  0.00038527  
1817        0.01860000  0.02744453  0.00038509  
1818        0.06920000  0.02746750  0.00038556  
1819        0.01820000  0.02746241  0.00038538  
1820        0.04952000  0.02747453  0.00038536  
1821        0.06484000  0.02749505  0.00038570  
1822        0.05324000  0.02750918  0.00038574  
1823        0.03464000  0.02751309  0.00038555  
1824        0.02232000  0.02751024  0.00038535  
1825        0.03372000  0.02751364  0.00038515  
1826        0.04388000  0.02752261  0.00038505  
1827        0.01708000  0.02751689  0.00038488  
1828        0.03636000  0.02752173  0.00038470  
1829        -0.00316000 0.02750495  0.00038486  
1830        0.02132000  0.02750157  0.00038466  
1831        0.02956000  0.02750270  0.00038445  
1832        0.01200000  0.02749424  0.00038433  
1833        0.01576000  0.02748783  0.00038418  
1834        0.04560000  0.02749771  0.00038410  
1835        0.00008000  0.02748277  0.00038418  
1836        0.03340000  0.02748599  0.00038398  
1837        0.03084000  0.02748782  0.00038378  
1838        0.02340000  0.02748559  0.00038357  
1839        0.03952000  0.02749214  0.00038342  
1840        0.04600000  0.02750220  0.00038334  
1841        0.02328000  0.02749990  0.00038314  
1842        0.01992000  0.02749579  0.00038296  
1843        0.03968000  0.02750240  0.00038281  
1844        -0.00284000 0.02748594  0.00038295  
1845        0.00560000  0.02747408  0.00038293  
1846        0.02404000  0.02747222  0.00038273  
1847        0.01988000  0.02746811  0.00038254  
1848        0.04664000  0.02747848  0.00038247  
1849        0.02588000  0.02747762  0.00038227  
1850        -0.00272000 0.02746130  0.00038241  
1851        0.02956000  0.02746243  0.00038220  
1852        0.03468000  0.02746633  0.00038202  
1853        0.00600000  0.02745474  0.00038199  
1854        0.03292000  0.02745769  0.00038179  
1855        0.06092000  0.02747573  0.00038201  
1856        -0.00192000 0.02745989  0.00038214  
1857        0.00420000  0.02744737  0.00038214  
1858        0.02408000  0.02744555  0.00038193  
1859        0.04144000  0.02745308  0.00038180  
1860        0.03168000  0.02745535  0.00038160  
1861        0.04872000  0.02746678  0.00038157  
1862        0.01292000  0.02745897  0.00038145  
1863        0.01952000  0.02745471  0.00038126  
1864        0.03676000  0.02745970  0.00038109  
1865        0.00300000  0.02744658  0.00038111  
1866        0.04312000  0.02745498  0.00038100  
1867        0.04276000  0.02746318  0.00038089  
1868        0.04196000  0.02747094  0.00038076  
1869        -0.00832000 0.02745179  0.00038104  
1870        0.02552000  0.02745076  0.00038084  
1871        0.01932000  0.02744641  0.00038066  
1872        0.00340000  0.02743357  0.00038067  
1873        0.00428000  0.02742121  0.00038067  
1874        0.00200000  0.02740764  0.00038071  
1875        0.01412000  0.02740055  0.00038057  
1876        0.02024000  0.02739674  0.00038039  
1877        0.00900000  0.02738694  0.00038031  
1878        0.03936000  0.02739331  0.00038016  
1879        0.03184000  0.02739568  0.00037997  
1880        0.05388000  0.02740977  0.00038002  
1881        0.03604000  0.02741435  0.00037985  
1882        0.01448000  0.02740748  0.00037971  
1883        0.03600000  0.02741204  0.00037954  
1884        0.05188000  0.02742503  0.00037956  
1885        0.02800000  0.02742534  0.00037936  
1886        0.02704000  0.02742513  0.00037915  
1887        0.06764000  0.02744644  0.00037955  
1888        0.02064000  0.02744284  0.00037937  
1889        0.04908000  0.02745429  0.00037934  
1890        0.03632000  0.02745898  0.00037917  
1891        0.04408000  0.02746777  0.00037907  
1892        0.01972000  0.02746368  0.00037889  
1893        0.01904000  0.02745923  0.00037872  
1894        0.06124000  0.02747706  0.00037894  
1895        0.02880000  0.02747776  0.00037874  
1896        0.03644000  0.02748249  0.00037857  
1897        0.06340000  0.02750142  0.00037884  
1898        0.03992000  0.02750797  0.00037870  
1899        0.05284000  0.02752131  0.00037873  
1900        0.03452000  0.02752499  0.00037855  
1901        0.04216000  0.02753269  0.00037843  
1902        0.03296000  0.02753554  0.00037824  
1903        -0.01364000 0.02751390  0.00037866  
1904        0.06300000  0.02753254  0.00037892  
1905        0.04844000  0.02754352  0.00037888  
1906        -0.03072000 0.02751295  0.00037992  
1907        0.02564000  0.02751197  0.00037972  
1908        0.02204000  0.02750910  0.00037953  
1909        0.03480000  0.02751292  0.00037935  
1910        0.03920000  0.02751904  0.00037920  
1911        0.06648000  0.02753942  0.00037955  
1912        0.03548000  0.02754358  0.00037937  
1913        0.00444000  0.02753150  0.00037937  
1914        0.00656000  0.02752054  0.00037933  
1915        0.01664000  0.02751486  0.00037917  
1916        0.03100000  0.02751668  0.00037898  
1917        0.01152000  0.02750834  0.00037887  
1918        0.02364000  0.02750632  0.00037868  
1919        0.03796000  0.02751177  0.00037852  
1920        0.04332000  0.02752000  0.00037842  
1921        0.02312000  0.02751771  0.00037823  
1922        0.03860000  0.02752348  0.00037807  
1923        0.03688000  0.02752834  0.00037791  
1924        0.01864000  0.02752372  0.00037774  
1925        0.02948000  0.02752474  0.00037754  
1926        -0.00348000 0.02750864  0.00037769  
1927        0.00528000  0.02749710  0.00037767  
1928        0.03360000  0.02750027  0.00037749  
1929        0.03700000  0.02750519  0.00037733  
1930        0.03856000  0.02751092  0.00037717  
1931        0.02172000  0.02750792  0.00037699  
1932        0.02784000  0.02750810  0.00037679  
1933        0.05216000  0.02752085  0.00037682  
1934        0.00704000  0.02751026  0.00037677  
1935        0.03884000  0.02751611  0.00037662  
1936        0.03460000  0.02751977  0.00037644  
1937        -0.00632000 0.02750230  0.00037665  
1938        0.01820000  0.02749750  0.00037649  
1939        -0.01096000 0.02747767  0.00037682  
1940        0.03600000  0.02748206  0.00037665  
1941        0.03680000  0.02748686  0.00037649  
1942        0.00728000  0.02747646  0.00037644  
1943        0.01668000  0.02747090  0.00037628  
1944        0.02272000  0.02746846  0.00037610  
1945        0.01008000  0.02745952  0.00037601  
1946        0.02552000  0.02745852  0.00037582  
1947        0.01740000  0.02745335  0.00037566  
1948        0.01296000  0.02744591  0.00037554  
1949        0.03004000  0.02744724  0.00037535  
1950        0.02816000  0.02744761  0.00037516  
1951        0.03056000  0.02744921  0.00037497  
1952        0.06344000  0.02746764  0.00037523  
1953        0.03716000  0.02747261  0.00037507  
1954        0.01568000  0.02746657  0.00037493  
1955        0.02772000  0.02746670  0.00037474  
1956        0.01632000  0.02746100  0.00037459  
1957        0.04928000  0.02747215  0.00037456  
1958        0.00332000  0.02745982  0.00037458  
1959        0.03484000  0.02746358  0.00037440  
1960        0.03900000  0.02746947  0.00037426  
1961        0.05236000  0.02748216  0.00037428  
1962        0.04764000  0.02749244  0.00037423  
1963        0.03632000  0.02749693  0.00037407  
1964        -0.00308000 0.02748136  0.00037420  
1965        0.01052000  0.02747273  0.00037411  
1966        0.03136000  0.02747471  0.00037393  
1967        0.04564000  0.02748395  0.00037385  
1968        0.02308000  0.02748171  0.00037367  
1969        0.03792000  0.02748701  0.00037352  
1970        0.06916000  0.02750816  0.00037392  
1971        0.04528000  0.02751718  0.00037384  
1972        0.00040000  0.02750343  0.00037391  
1973        0.02936000  0.02750437  0.00037372  
1974        0.03264000  0.02750697  0.00037354  
1975        0.05816000  0.02752249  0.00037367  
1976        0.03104000  0.02752427  0.00037349  
1977        0.03956000  0.02753036  0.00037335  
1978        0.00308000  0.02751800  0.00037336  
1979        0.03512000  0.02752184  0.00037319  
1980        0.01980000  0.02751794  0.00037303  
1981        0.02736000  0.02751786  0.00037284  
1982        0.03976000  0.02752404  0.00037270  
1983        0.01992000  0.02752020  0.00037253  
1984        0.00772000  0.02751022  0.00037248  
1985        0.05392000  0.02752353  0.00037253  
1986        0.03456000  0.02752707  0.00037236  
1987        0.01872000  0.02752264  0.00037220  
1988        -0.00904000 0.02750425  0.00037246  
1989        0.01300000  0.02749695  0.00037235  
1990        0.02924000  0.02749783  0.00037216  
1991        0.01020000  0.02748914  0.00037208  
1992        0.01304000  0.02748189  0.00037196  
1993        0.02156000  0.02747892  0.00037178  
1994        0.02840000  0.02747938  0.00037160  
1995        0.03320000  0.02748225  0.00037142  
1996        0.00740000  0.02747218  0.00037137  
1997        -0.00384000 0.02745650  0.00037152  
1998        0.01756000  0.02745155  0.00037137  
1999        0.03224000  0.02745395  0.00037119  
2000        0.01480000  0.02744762  0.00037106  
