1           0.95676000  0.95676000  0.00000000  
2           0.98028000  0.96852000  0.01176000  
3           0.99208000  0.97637333  0.01038143  
4           0.87692000  0.95151000  0.02592436  
5           0.97660000  0.95652800  0.02069840  
6           0.90452000  0.94786000  0.01899342  
7           0.93724000  0.94634286  0.01612391  
8           0.98408000  0.95106000  0.01473895  
9           0.96792000  0.95293333  0.01313283  
10          0.97408000  0.95504800  0.01193519  
11          0.78536000  0.93962182  0.01882860  
12          0.89956000  0.93628333  0.01750930  
13          0.99852000  0.94107077  0.01680267  
14          0.96944000  0.94309714  0.01568767  
15          0.99076000  0.94627467  0.01494610  
16          0.67480000  0.92930750  0.02198516  
17          0.98480000  0.93257176  0.02090786  
18          0.87628000  0.92944444  0.01995865  
19          0.99556000  0.93292421  0.01919701  
20          0.94836000  0.93369600  0.01822823  
21          0.95756000  0.93483238  0.01737570  
22          0.98252000  0.93700000  0.01670828  
23          0.98064000  0.93889739  0.01607767  
24          0.90060000  0.93730167  0.01547569  
25          0.97880000  0.93896160  0.01493628  
26          0.83812000  0.93508308  0.01486521  
27          0.98228000  0.93683111  0.01441047  
28          0.99368000  0.93886143  0.01403392  
29          0.70796000  0.93089931  0.01570870  
30          0.90300000  0.92996933  0.01520452  
31          0.98532000  0.93175484  0.01481387  
32          0.89116000  0.93048625  0.01439946  
33          0.95740000  0.93130182  0.01398010  
34          0.91332000  0.93077294  0.01357300  
35          0.68352000  0.92370857  0.01495340  
36          0.73128000  0.91836333  0.01548397  
37          0.98580000  0.92018595  0.01516956  
38          0.93808000  0.92065684  0.01477248  
39          0.98384000  0.92227692  0.01447963  
40          0.99516000  0.92409900  0.01423013  
41          0.95292000  0.92480195  0.01389651  
42          0.96700000  0.92580667  0.01359877  
43          0.78192000  0.92246047  0.01369388  
44          0.99260000  0.92405455  0.01347367  
45          0.99240000  0.92557333  0.01325813  
46          0.74476000  0.92164261  0.01354939  
47          0.93908000  0.92201362  0.01326316  
48          0.94200000  0.92243000  0.01299058  
49          0.90636000  0.92210204  0.01272693  
50          0.52284000  0.91411680  0.01480743  
51          0.97100000  0.91523216  0.01455697  
52          0.93976000  0.91570385  0.01428208  
53          0.84216000  0.91431623  0.01407857  
54          0.93856000  0.91476519  0.01382268  
55          0.90328000  0.91455636  0.01357064  
56          0.96040000  0.91537500  0.01335123  
57          0.99296000  0.91673614  0.01318535  
58          0.82876000  0.91521931  0.01304451  
59          0.99420000  0.91655797  0.01289120  
60          -0.65844000 0.89030800  0.02914969  
61          0.52292000  0.88428525  0.02929367  
62          0.92404000  0.88492645  0.02882445  
63          0.94736000  0.88591746  0.02838053  
64          0.97160000  0.88725625  0.02796563  
65          0.99712000  0.88894646  0.02758386  
66          0.87328000  0.88870909  0.02716375  
67          0.96584000  0.88986030  0.02678000  
68          0.78468000  0.88831353  0.02642854  
69          -0.12668000 0.87360348  0.02991000  
70          0.88740000  0.87380057  0.02948027  
71          0.95872000  0.87499662  0.02908669  
72          0.85004000  0.87465000  0.02868196  
73          0.97272000  0.87599342  0.02831821  
74          0.94324000  0.87690216  0.02794769  
75          0.73988000  0.87507520  0.02763300  
76          0.99344000  0.87663263  0.02731143  
77          0.99352000  0.87815065  0.02699711  
78          0.96592000  0.87927590  0.02667249  
79          0.95800000  0.88027241  0.02635155  
80          0.99876000  0.88175350  0.02606219  
81          0.99472000  0.88314815  0.02577618  
82          0.95400000  0.88401220  0.02547455  
83          0.65244000  0.88122217  0.02531995  
84          0.43664000  0.87592952  0.02557044  
85          0.05136000  0.86622871  0.02706601  
86          0.86120000  0.86617023  0.02674950  
87          0.97828000  0.86745885  0.02647163  
88          0.98668000  0.86881364  0.02620413  
89          0.88936000  0.86904449  0.02590906  
90          0.96184000  0.87007556  0.02564030  
91          0.97696000  0.87125011  0.02538416  
92          0.92800000  0.87186696  0.02511431  
93          0.76840000  0.87075441  0.02486769  
94          0.69312000  0.86886468  0.02467419  
95          0.96044000  0.86982863  0.02443211  
96          0.92528000  0.87040625  0.02418317  
97          0.94960000  0.87122268  0.02394648  
98          0.98984000  0.87243306  0.02373175  
99          0.97124000  0.87343111  0.02351201  
100         0.76216000  0.87231840  0.02330228  
101         0.72588000  0.87086851  0.02311593  
102         0.98096000  0.87194784  0.02291361  
103         0.99252000  0.87311845  0.02272024  
104         0.99800000  0.87431923  0.02253273  
105         0.99948000  0.87551124  0.02234891  
106         0.98672000  0.87656038  0.02216192  
107         0.98916000  0.87761271  0.02197903  
108         0.93488000  0.87814296  0.02178102  
109         0.96912000  0.87897761  0.02159640  
110         0.94316000  0.87956109  0.02140713  
111         0.90856000  0.87982234  0.02121500  
112         0.95908000  0.88053000  0.02103663  
113         0.83128000  0.88009416  0.02085419  
114         0.81272000  0.87950316  0.02067890  
115         0.96920000  0.88028313  0.02051313  
116         0.88212000  0.88029897  0.02033553  
117         0.98672000  0.88120855  0.02018148  
118         0.96072000  0.88188237  0.02002106  
119         0.24176000  0.87650319  0.02056797  
120         0.01528000  0.86932633  0.02162171  
121         0.98332000  0.87026843  0.02146296  
122         0.97128000  0.87109639  0.02130240  
123         0.96896000  0.87189203  0.02114348  
124         -0.18440000 0.86337355  0.02263627  
125         0.84752000  0.86324672  0.02245481  
126         0.97276000  0.86411587  0.02229283  
127         0.90140000  0.86440945  0.02211855  
128         0.87280000  0.86447500  0.02194517  
129         0.81496000  0.86409116  0.02177777  
130         0.98188000  0.86499723  0.02162858  
131         0.90964000  0.86533802  0.02146555  
132         0.88240000  0.86546727  0.02130270  
133         0.98964000  0.86640090  0.02116253  
134         0.93556000  0.86691701  0.02101035  
135         0.82620000  0.86661541  0.02085631  
136         0.83320000  0.86636971  0.02070385  
137         0.98104000  0.86720672  0.02056921  
138         0.93644000  0.86770841  0.02042577  
139         0.95152000  0.86831137  0.02028726  
140         0.83288000  0.86805829  0.02014342  
141         0.90540000  0.86832312  0.02000180  
142         0.94576000  0.86886845  0.01986793  
143         0.97192000  0.86958909  0.01974166  
144         0.86452000  0.86955389  0.01960411  
145         0.82920000  0.86927559  0.01947043  
146         0.80956000  0.86886658  0.01934094  
147         0.79368000  0.86835510  0.01921573  
148         0.59908000  0.86653568  0.01917198  
149         0.67116000  0.86522443  0.01908796  
150         0.97256000  0.86594000  0.01897378  
151         0.93784000  0.86641616  0.01885372  
152         0.91620000  0.86674368  0.01873214  
153         0.97372000  0.86744288  0.01862243  
154         0.92356000  0.86780727  0.01850470  
155         0.94980000  0.86833626  0.01839253  
156         0.99288000  0.86913462  0.01829168  
157         0.96372000  0.86973707  0.01818479  
158         0.99764000  0.87054658  0.01808745  
159         0.97748000  0.87121912  0.01798591  
160         0.93328000  0.87160700  0.01787735  
161         0.95164000  0.87210410  0.01777292  
162         0.92908000  0.87245580  0.01766637  
163         0.95980000  0.87299166  0.01756583  
164         0.90020000  0.87315756  0.01745918  
165         0.99024000  0.87386715  0.01736755  
166         0.96704000  0.87442843  0.01727173  
167         0.98776000  0.87510707  0.01718140  
168         0.99676000  0.87583119  0.01709417  
169         0.95396000  0.87629349  0.01699901  
170         0.94236000  0.87668212  0.01690318  
171         0.99840000  0.87739392  0.01681911  
172         0.92952000  0.87769698  0.01672379  
173         0.94952000  0.87811214  0.01663202  
174         0.98424000  0.87872207  0.01654740  
175         0.76196000  0.87805486  0.01646610  
176         0.99156000  0.87869977  0.01638497  
177         0.99420000  0.87935232  0.01630520  
178         0.94184000  0.87970337  0.01621714  
179         0.87724000  0.87968961  0.01612629  
180         0.44064000  0.87725044  0.01622089  
181         0.85108000  0.87710586  0.01613167  
182         0.92792000  0.87738505  0.01604522  
183         0.99884000  0.87804874  0.01597110  
184         0.99644000  0.87869217  0.01589709  
185         0.99568000  0.87932454  0.01582356  
186         0.71944000  0.87846495  0.01576172  
187         0.95856000  0.87889326  0.01568305  
188         0.85992000  0.87879234  0.01559974  
189         0.99500000  0.87940720  0.01552916  
190         0.93352000  0.87969200  0.01544983  
191         0.99408000  0.88029089  0.01538039  
192         0.99388000  0.88088250  0.01531151  
193         0.91980000  0.88108415  0.01523331  
194         0.71496000  0.88022784  0.01517875  
195         0.86668000  0.88015836  0.01510087  
196         0.56232000  0.87853673  0.01511089  
197         0.91672000  0.87873056  0.01503524  
198         0.99888000  0.87933737  0.01497142  
199         0.87844000  0.87933286  0.01489599  
200         0.98488000  0.87986060  0.01483072  
201         0.99464000  0.88043164  0.01476780  
202         0.87428000  0.88040119  0.01469454  
203         0.95296000  0.88075862  0.01462634  
204         0.99140000  0.88130098  0.01456457  
205         0.98928000  0.88182771  0.01450291  
206         0.99300000  0.88236738  0.01444243  
207         0.47664000  0.88040734  0.01450552  
208         0.98092000  0.88089058  0.01444370  
209         0.87956000  0.88088421  0.01437443  
210         0.96952000  0.88130629  0.01431204  
211         0.83292000  0.88107697  0.01424589  
212         0.93828000  0.88134679  0.01418110  
213         0.99148000  0.88186385  0.01412384  
214         0.99332000  0.88238467  0.01406733  
215         0.83988000  0.88218698  0.01400314  
216         0.98076000  0.88264333  0.01394563  
217         0.90696000  0.88275539  0.01388167  
218         0.98964000  0.88324569  0.01382654  
219         0.99104000  0.88373790  0.01377206  
220         0.40092000  0.88154327  0.01388386  
221         0.91628000  0.88170045  0.01382179  
222         0.77936000  0.88123946  0.01376711  
223         0.97504000  0.88166009  0.01371169  
224         0.98404000  0.88211714  0.01365799  
225         0.76928000  0.88161564  0.01360640  
226         0.95524000  0.88194142  0.01354997  
227         0.94104000  0.88220176  0.01349266  
228         0.98800000  0.88266579  0.01344137  
229         0.98116000  0.88309590  0.01338945  
230         0.95972000  0.88342904  0.01333527  
231         0.95176000  0.88372485  0.01328071  
232         0.82292000  0.88346276  0.01322594  
233         0.97896000  0.88387262  0.01317543  
234         0.93556000  0.88409350  0.01312086  
235         0.81416000  0.88379591  0.01306830  
236         0.99916000  0.88428475  0.01302199  
237         0.88388000  0.88428304  0.01296693  
238         0.98472000  0.88470504  0.01291922  
239         0.96544000  0.88504285  0.01286949  
240         0.97216000  0.88540583  0.01282089  
241         0.99564000  0.88586324  0.01277577  
242         0.85448000  0.88573355  0.01272353  
243         0.97796000  0.88611309  0.01267675  
244         0.98380000  0.88651344  0.01263103  
245         0.93408000  0.88670759  0.01258087  
246         0.83760000  0.88650797  0.01253121  
247         0.97348000  0.88686008  0.01248534  
248         0.99436000  0.88729355  0.01244245  
249         0.50340000  0.88575181  0.01248791  
250         0.97488000  0.88610832  0.01244297  
251         0.96168000  0.88640940  0.01239695  
252         0.90324000  0.88647619  0.01234784  
253         0.91632000  0.88659415  0.01229951  
254         0.73692000  0.88600488  0.01226515  
255         0.99748000  0.88644204  0.01222478  
256         0.78776000  0.88605656  0.01218303  
257         0.82296000  0.88581105  0.01213802  
258         0.98508000  0.88619581  0.01209700  
259         0.93316000  0.88637714  0.01205157  
260         0.95172000  0.88662846  0.01200775  
261         0.97288000  0.88695893  0.01196622  
262         0.92864000  0.88711802  0.01192152  
263         0.99320000  0.88752137  0.01188296  
264         0.94228000  0.88772879  0.01183968  
265         0.98920000  0.88811170  0.01180113  
266         0.84000000  0.88793083  0.01175807  
267         0.92132000  0.88805588  0.01171462  
268         0.99856000  0.88846821  0.01167811  
269         0.99528000  0.88886528  0.01164139  
270         0.99620000  0.88926281  0.01160500  
271         0.96880000  0.88955631  0.01156582  
272         0.94596000  0.88976368  0.01152509  
273         0.94020000  0.88994842  0.01148428  
274         0.84416000  0.88978131  0.01144351  
275         0.97500000  0.89009120  0.01140603  
276         0.70280000  0.88941261  0.01138487  
277         0.97628000  0.88972621  0.01134803  
278         0.88076000  0.88969396  0.01130718  
279         0.98072000  0.89002022  0.01127131  
280         0.97836000  0.89033571  0.01123541  
281         0.93412000  0.89049153  0.01119644  
282         0.89708000  0.89051489  0.01115669  
283         0.77772000  0.89011633  0.01112434  
284         0.86544000  0.89002944  0.01108544  
285         0.76988000  0.88960786  0.01105452  
286         -0.22648000 0.88570545  0.01168660  
287         0.99052000  0.88607066  0.01165153  
288         0.98372000  0.88640972  0.01161595  
289         0.99204000  0.88677522  0.01158146  
290         0.95584000  0.88701338  0.01154391  
291         0.94720000  0.88722021  0.01150603  
292         0.93460000  0.88738247  0.01146771  
293         0.99032000  0.88773379  0.01143390  
294         0.99808000  0.88810912  0.01140112  
295         0.98144000  0.88842549  0.01136681  
296         0.94704000  0.88862351  0.01133008  
297         0.96856000  0.88889266  0.01129507  
298         0.91656000  0.88898550  0.01125749  
299         0.97960000  0.88928856  0.01122386  
300         0.84760000  0.88914960  0.01118725  
301         0.99012000  0.88948505  0.01115507  
302         0.98480000  0.88980066  0.01112255  
303         0.98720000  0.89012211  0.01109044  
304         0.96504000  0.89036855  0.01105664  
305         0.71708000  0.88980039  0.01103497  
306         0.97512000  0.89007922  0.01100238  
307         0.99324000  0.89041524  0.01097163  
308         0.97004000  0.89067377  0.01093901  
309         0.94864000  0.89086136  0.01090516  
310         0.84308000  0.89070723  0.01087102  
311         0.90912000  0.89076643  0.01083617  
312         0.99256000  0.89109269  0.01080631  
313         0.94792000  0.89127425  0.01077326  
314         0.93340000  0.89140841  0.01073973  
315         0.99544000  0.89173867  0.01071068  
316         0.97104000  0.89198962  0.01067968  
317         0.81604000  0.89175003  0.01064863  
318         0.92460000  0.89185333  0.01061559  
319         0.98724000  0.89215235  0.01058649  
320         0.98948000  0.89245650  0.01055773  
321         0.97708000  0.89272012  0.01052809  
322         0.98800000  0.89301602  0.01049952  
323         0.96596000  0.89324186  0.01046940  
324         0.97888000  0.89350617  0.01044038  
325         0.88128000  0.89346855  0.01040827  
326         0.96352000  0.89368344  0.01037852  
327         0.97028000  0.89391768  0.01034939  
328         0.86176000  0.89381963  0.01031825  
329         0.77688000  0.89346419  0.01029298  
330         0.97188000  0.89370182  0.01026449  
331         0.94700000  0.89386284  0.01023470  
332         0.99164000  0.89415735  0.01020808  
333         0.97788000  0.89440877  0.01018048  
334         0.97708000  0.89465629  0.01015297  
335         0.95312000  0.89483081  0.01012412  
336         0.93232000  0.89494238  0.01009456  
337         0.99744000  0.89524653  0.01006916  
338         0.90692000  0.89528107  0.01003938  
339         0.76144000  0.89488625  0.01001751  
340         0.99400000  0.89517776  0.00999226  
341         0.96876000  0.89539355  0.00996525  
342         0.98376000  0.89565193  0.00993942  
343         0.97560000  0.89588501  0.00991314  
344         0.96296000  0.89608000  0.00988621  
345         0.99252000  0.89635954  0.00986147  
346         0.86700000  0.89627468  0.00983330  
347         -0.65052000 0.89181706  0.01077065  
348         0.84772000  0.89169034  0.01074040  
349         0.95656000  0.89187622  0.01071119  
350         0.99384000  0.89216754  0.01068452  
351         0.41136000  0.89079772  0.01074173  
352         0.80380000  0.89055057  0.01071403  
353         0.98704000  0.89082391  0.01068713  
354         0.88604000  0.89081040  0.01065690  
355         0.94420000  0.89096079  0.01062791  
356         0.94384000  0.89110933  0.01059905  
357         0.95696000  0.89129378  0.01057093  
358         0.94592000  0.89144637  0.01054246  
359         0.96112000  0.89164045  0.01051485  
360         0.99764000  0.89193489  0.01048973  
361         0.96236000  0.89212997  0.01046245  
362         0.97708000  0.89236464  0.01043615  
363         0.99612000  0.89265047  0.01041129  
364         0.94940000  0.89280637  0.01038381  
365         0.96612000  0.89300723  0.01035727  
366         0.88340000  0.89298098  0.01032897  
367         0.83728000  0.89282921  0.01030191  
368         0.97624000  0.89305587  0.01027637  
369         0.96528000  0.89325160  0.01025035  
370         0.96088000  0.89343438  0.01022425  
371         0.99404000  0.89370555  0.01020026  
372         0.97136000  0.89391430  0.01017494  
373         0.91932000  0.89398241  0.01014785  
374         0.98424000  0.89422374  0.01012356  
375         0.98384000  0.89446272  0.01009936  
376         0.99676000  0.89473479  0.01007614  
377         0.98852000  0.89498355  0.01005245  
378         0.99560000  0.89524974  0.01002936  
379         0.98732000  0.89549266  0.01000581  
380         0.76132000  0.89513958  0.00998569  
381         0.98940000  0.89538698  0.00996251  
382         0.83020000  0.89521634  0.00993787  
383         0.95708000  0.89537786  0.00991320  
384         0.99484000  0.89563688  0.00989074  
385         0.95776000  0.89579823  0.00986634  
386         0.59112000  0.89500891  0.00987235  
387         0.96340000  0.89518563  0.00984839  
388         0.84272000  0.89505041  0.00982391  
389         0.69464000  0.89453522  0.00981216  
390         0.98960000  0.89477897  0.00979000  
391         0.98028000  0.89499765  0.00976738  
392         0.93092000  0.89508929  0.00974286  
393         0.99920000  0.89535420  0.00972165  
394         0.87408000  0.89530020  0.00969709  
395         0.96080000  0.89546603  0.00967393  
396         0.99064000  0.89570636  0.00965246  
397         0.94568000  0.89583224  0.00962894  
398         0.85536000  0.89573055  0.00960526  
399         0.99816000  0.89598727  0.00958459  
400         0.87260000  0.89592880  0.00956078  
401         0.99592000  0.89617815  0.00954017  
402         0.92916000  0.89626020  0.00951676  
403         0.96164000  0.89642243  0.00949450  
404         0.79188000  0.89616366  0.00947451  
405         0.90176000  0.89617748  0.00945109  
406         0.98524000  0.89639685  0.00943034  
407         0.89280000  0.89638801  0.00940714  
408         0.98380000  0.89660225  0.00938650  
409         0.95948000  0.89675599  0.00936479  
410         0.98904000  0.89698107  0.00934463  
411         0.98628000  0.89719835  0.00932440  
412         0.96192000  0.89735544  0.00930306  
413         0.99748000  0.89759787  0.00928368  
414         0.98464000  0.89780812  0.00926361  
415         0.90188000  0.89781793  0.00924127  
416         0.97060000  0.89799288  0.00922069  
417         0.80076000  0.89775971  0.00920150  
418         0.92960000  0.89783589  0.00917978  
419         0.97564000  0.89802158  0.00915973  
420         0.97488000  0.89820457  0.00913972  
421         0.97872000  0.89839582  0.00911999  
422         0.96708000  0.89855858  0.00909981  
423         0.99696000  0.89879121  0.00908125  
424         0.97824000  0.89897858  0.00906175  
425         0.92552000  0.89904104  0.00904062  
426         0.94936000  0.89915915  0.00902014  
427         0.97208000  0.89932993  0.00900061  
428         0.99696000  0.89955804  0.00898246  
429         0.98400000  0.89975487  0.00896366  
430         0.97476000  0.89992930  0.00894449  
431         0.94968000  0.90004473  0.00892446  
432         -0.29324000 0.89728250  0.00932240  
433         0.91224000  0.89731704  0.00930091  
434         0.98480000  0.89751862  0.00928164  
435         0.96400000  0.89767145  0.00926154  
436         0.92048000  0.89772376  0.00924042  
437         0.96892000  0.89788668  0.00922069  
438         0.98220000  0.89807918  0.00920163  
439         0.98312000  0.89827289  0.00918269  
440         0.87168000  0.89821245  0.00916200  
441         0.97620000  0.89838930  0.00914291  
442         0.95600000  0.89851964  0.00912313  
443         0.91488000  0.89855657  0.00910259  
444         0.89176000  0.89854126  0.00908208  
445         0.99184000  0.89875092  0.00906407  
446         0.65944000  0.89821435  0.00905963  
447         0.72480000  0.89782640  0.00904766  
448         0.98220000  0.89801473  0.00902940  
449         0.97876000  0.89819457  0.00901107  
450         0.99384000  0.89840711  0.00899353  
451         0.96076000  0.89854537  0.00897463  
452         0.99480000  0.89875832  0.00895729  
453         0.79728000  0.89853430  0.00894030  
454         0.91820000  0.89857762  0.00892069  
455         0.97820000  0.89875262  0.00890278  
456         0.99480000  0.89896325  0.00888573  
457         0.99076000  0.89916411  0.00886854  
458         0.95488000  0.89928576  0.00885000  
459         0.97520000  0.89945115  0.00883224  
460         0.91336000  0.89948139  0.00881307  
461         0.97100000  0.89963653  0.00879530  
462         0.87824000  0.89959022  0.00877637  
463         0.95000000  0.89969909  0.00875807  
464         0.99196000  0.89989793  0.00874143  
465         0.91332000  0.89992680  0.00872266  
466         0.97400000  0.90008575  0.00870538  
467         0.99168000  0.90028188  0.00868893  
468         0.99812000  0.90049094  0.00867286  
469         0.99208000  0.90068623  0.00865655  
470         0.97640000  0.90084732  0.00863962  
471         0.98980000  0.90103618  0.00862332  
472         0.81772000  0.90085966  0.00860684  
473         0.99048000  0.90104913  0.00859072  
474         0.98964000  0.90123603  0.00857461  
475         0.89628000  0.90122560  0.00855655  
476         0.96176000  0.90135277  0.00853950  
477         0.90996000  0.90137082  0.00852160  
478         0.97468000  0.90152418  0.00850513  
479         0.97964000  0.90168727  0.00848893  
480         0.99624000  0.90188425  0.00847351  
481         0.95092000  0.90198620  0.00845649  
482         0.63040000  0.90142274  0.00845772  
483         0.70040000  0.90100654  0.00845045  
484         0.98660000  0.90118339  0.00843482  
485         0.77536000  0.90092396  0.00842141  
486         0.99124000  0.90110979  0.00840612  
487         0.91824000  0.90114497  0.00838891  
488         0.89684000  0.90113615  0.00837171  
489         0.86088000  0.90105382  0.00835498  
490         0.70268000  0.90064898  0.00834773  
491         0.94112000  0.90073141  0.00833112  
492         0.85712000  0.90064276  0.00831464  
493         -0.01556000 0.89878434  0.00850333  
494         0.85364000  0.89869296  0.00848659  
495         0.94956000  0.89879572  0.00847005  
496         0.95256000  0.89890411  0.00845365  
497         0.97924000  0.89906575  0.00843817  
498         0.85172000  0.89897068  0.00842175  
499         0.94784000  0.89906862  0.00840542  
500         0.91980000  0.89911008  0.00838870  
501         0.97488000  0.89926132  0.00837330  
502         0.98140000  0.89942494  0.00835821  
503         -0.01752000 0.89760199  0.00853845  
504         0.62068000  0.89705254  0.00853918  
505         0.99804000  0.89725251  0.00852460  
506         0.90224000  0.89726237  0.00850774  
507         0.93384000  0.89733452  0.00849125  
508         0.16960000  0.89590197  0.00859475  
509         0.68412000  0.89548589  0.00858793  
510         0.93568000  0.89556471  0.00857144  
511         0.99348000  0.89575632  0.00855679  
512         0.92256000  0.89580867  0.00854023  
513         0.58968000  0.89521193  0.00854443  
514         0.60256000  0.89464257  0.00854677  
515         -0.84216000 0.89127014  0.00917262  
516         0.86120000  0.89121186  0.00915501  
517         0.97540000  0.89137470  0.00913874  
518         0.99736000  0.89157931  0.00912337  
519         0.98288000  0.89175522  0.00910748  
520         0.88188000  0.89173623  0.00908996  
521         0.83212000  0.89162180  0.00907322  
522         0.98888000  0.89180812  0.00905774  
523         0.97984000  0.89197644  0.00904197  
524         0.92676000  0.89204282  0.00902494  
525         0.63224000  0.89154796  0.00902132  
526         0.87792000  0.89152205  0.00900419  
527         0.94596000  0.89162535  0.00898768  
528         0.97592000  0.89178500  0.00897206  
529         0.98224000  0.89195599  0.00895672  
530         0.98560000  0.89213268  0.00894155  
531         0.98128000  0.89230056  0.00892627  
532         0.86888000  0.89225654  0.00890959  
533         0.94896000  0.89236293  0.00889349  
534         0.99852000  0.89256172  0.00887905  
535         0.98812000  0.89274034  0.00886424  
536         0.98800000  0.89291806  0.00884947  
537         0.93396000  0.89299449  0.00883330  
538         0.99248000  0.89317941  0.00881881  
539         0.83060000  0.89306330  0.00880320  
540         0.95700000  0.89318170  0.00878768  
541         0.99572000  0.89337124  0.00877347  
542         0.99368000  0.89355631  0.00875922  
543         0.92516000  0.89361451  0.00874327  
544         0.97032000  0.89375551  0.00872832  
545         0.99900000  0.89394862  0.00871443  
546         0.95376000  0.89405817  0.00869914  
547         0.62828000  0.89357229  0.00869681  
548         0.99844000  0.89376365  0.00868303  
549         0.86032000  0.89370273  0.00866742  
550         0.94196000  0.89379047  0.00865209  
551         0.93948000  0.89387339  0.00863677  
552         0.87280000  0.89383522  0.00862119  
553         0.97220000  0.89397693  0.00860676  
554         0.99328000  0.89415617  0.00859308  
555         0.97104000  0.89429470  0.00857870  
556         0.82616000  0.89417216  0.00856413  
557         0.96588000  0.89430090  0.00854971  
558         0.88124000  0.89427749  0.00853441  
559         0.96636000  0.89440644  0.00852010  
560         0.94804000  0.89450221  0.00850541  
561         0.88304000  0.89448178  0.00849026  
562         0.67628000  0.89409352  0.00848403  
563         0.88732000  0.89408149  0.00846896  
564         0.98004000  0.89423390  0.00845530  
565         0.92880000  0.89429508  0.00844055  
566         0.77712000  0.89408806  0.00842816  
567         0.98704000  0.89425199  0.00841488  
568         0.98908000  0.89441894  0.00840171  
569         0.95388000  0.89452344  0.00838759  
570         0.97436000  0.89466351  0.00837403  
571         0.95624000  0.89477135  0.00836005  
572         0.88604000  0.89475608  0.00834543  
573         0.96928000  0.89488614  0.00833187  
574         0.97108000  0.89501889  0.00831840  
575         0.95712000  0.89512689  0.00830462  
576         0.95300000  0.89522736  0.00829080  
577         0.82964000  0.89511369  0.00827720  
578         0.85852000  0.89505038  0.00826311  
579         0.99180000  0.89521748  0.00825052  
580         0.93220000  0.89528124  0.00823653  
581         0.99128000  0.89544647  0.00822400  
582         0.98708000  0.89560392  0.00821137  
583         0.93888000  0.89567815  0.00819761  
584         0.84628000  0.89559356  0.00818400  
585         0.84736000  0.89551111  0.00817041  
586         0.96320000  0.89562662  0.00815727  
587         0.99008000  0.89578753  0.00814495  
588         0.91764000  0.89582469  0.00813118  
589         0.96528000  0.89594261  0.00811821  
590         0.56556000  0.89538264  0.00812377  
591         0.96624000  0.89550254  0.00811089  
592         0.96756000  0.89562426  0.00809810  
593         0.83164000  0.89551636  0.00808515  
594         0.98948000  0.89567455  0.00807308  
595         0.87800000  0.89564484  0.00805955  
596         0.97900000  0.89578470  0.00804723  
597         0.85672000  0.89571926  0.00803401  
598         0.95460000  0.89581773  0.00802117  
599         0.94932000  0.89590705  0.00800826  
600         0.94076000  0.89598180  0.00799525  
601         0.78844000  0.89580286  0.00798395  
602         0.96540000  0.89591847  0.00797151  
603         0.94108000  0.89599337  0.00795863  
604         0.98732000  0.89614457  0.00794688  
605         0.20544000  0.89500291  0.00801546  
606         0.92464000  0.89505182  0.00800237  
607         0.82044000  0.89492890  0.00799012  
608         0.97836000  0.89506612  0.00797815  
609         0.93424000  0.89513044  0.00796530  
610         0.95592000  0.89523010  0.00795285  
611         0.92940000  0.89528602  0.00794002  
612         0.98168000  0.89542719  0.00792830  
613         0.99708000  0.89559302  0.00791709  
614         0.96148000  0.89570033  0.00790491  
615         0.81848000  0.89557476  0.00789305  
616         0.93428000  0.89563760  0.00788047  
617         0.99096000  0.89579209  0.00786921  
618         0.90688000  0.89581003  0.00785648  
619         -0.78460000 0.89309532  0.00830028  
620         0.56604000  0.89256781  0.00830365  
621         0.83340000  0.89247253  0.00829082  
622         0.32984000  0.89156797  0.00832675  
623         0.91928000  0.89161246  0.00831350  
624         0.97744000  0.89175000  0.00830130  
625         0.95684000  0.89185414  0.00828866  
626         0.98216000  0.89199840  0.00827667  
627         0.99304000  0.89215955  0.00826503  
628         0.92832000  0.89221713  0.00825206  
629         0.82048000  0.89210308  0.00823972  
630         0.91504000  0.89213949  0.00822671  
631         0.99532000  0.89230301  0.00821529  
632         0.96284000  0.89241462  0.00820304  
633         0.97240000  0.89254098  0.00819105  
634         0.96996000  0.89266309  0.00817903  
635         0.95600000  0.89276283  0.00816675  
636         0.99196000  0.89291881  0.00815539  
637         0.97104000  0.89304144  0.00814350  
638         0.95464000  0.89313799  0.00813130  
639         0.97436000  0.89326510  0.00811956  
640         0.81808000  0.89314763  0.00810771  
641         0.78232000  0.89297473  0.00809690  
642         0.99360000  0.89313146  0.00808580  
643         0.97808000  0.89326358  0.00807429  
644         0.99608000  0.89342323  0.00806333  
645         0.97848000  0.89355510  0.00805189  
646         0.98532000  0.89369715  0.00804068  
647         0.99532000  0.89385422  0.00802977  
648         0.96304000  0.89396099  0.00801808  
649         0.74512000  0.89373165  0.00800900  
650         0.98780000  0.89387637  0.00799798  
651         0.97328000  0.89399834  0.00798662  
652         0.94788000  0.89408098  0.00797479  
653         0.99584000  0.89423681  0.00796409  
654         0.99508000  0.89439101  0.00795340  
655         0.99032000  0.89453747  0.00794260  
656         0.94644000  0.89461659  0.00793088  
657         0.98340000  0.89475172  0.00791995  
658         0.99372000  0.89490213  0.00790933  
659         0.82292000  0.89479290  0.00789808  
660         0.95412000  0.89488279  0.00788661  
661         0.98568000  0.89502015  0.00787587  
662         0.87516000  0.89499015  0.00786402  
663         0.99832000  0.89514600  0.00785370  
664         0.96472000  0.89525078  0.00784256  
665         0.96232000  0.89535164  0.00783141  
666         0.89716000  0.89535435  0.00781964  
667         0.79416000  0.89520264  0.00780938  
668         0.00820000  0.89387479  0.00790993  
669         0.78680000  0.89371474  0.00789972  
670         0.97316000  0.89383331  0.00788881  
671         0.99296000  0.89398104  0.00787843  
672         0.57752000  0.89351012  0.00788078  
673         0.98840000  0.89365111  0.00787033  
674         0.90608000  0.89366955  0.00785867  
675         0.92644000  0.89371810  0.00784716  
676         0.95648000  0.89381095  0.00783610  
677         0.89004000  0.89380538  0.00782452  
678         0.96824000  0.89391516  0.00781374  
679         0.97332000  0.89403211  0.00780310  
680         0.94252000  0.89410341  0.00779194  
681         0.99632000  0.89425351  0.00778194  
682         0.97620000  0.89437367  0.00777145  
683         0.95396000  0.89446091  0.00776055  
684         0.99720000  0.89461111  0.00775065  
685         0.96724000  0.89471714  0.00774006  
686         0.97508000  0.89483429  0.00772965  
687         0.89656000  0.89483680  0.00771839  
688         0.99624000  0.89498419  0.00770858  
689         0.97440000  0.89509945  0.00769824  
690         0.98460000  0.89522916  0.00768817  
691         0.89228000  0.89522489  0.00767704  
692         0.75132000  0.89501694  0.00766876  
693         0.86460000  0.89497304  0.00765781  
694         0.91956000  0.89500847  0.00764685  
695         0.99840000  0.89515724  0.00763729  
696         0.98736000  0.89528971  0.00762746  
697         0.98748000  0.89542198  0.00761765  
698         0.91904000  0.89545582  0.00760681  
699         0.96080000  0.89554930  0.00759649  
700         0.98776000  0.89568103  0.00758678  
701         0.98912000  0.89581432  0.00757712  
702         0.95948000  0.89590501  0.00756686  
703         0.95692000  0.89599181  0.00755659  
704         0.96944000  0.89609614  0.00754657  
705         0.91720000  0.89612607  0.00753592  
706         0.98908000  0.89625773  0.00752639  
707         0.97696000  0.89637188  0.00751660  
708         0.53816000  0.89586593  0.00752301  
709         0.99716000  0.89600880  0.00751375  
710         0.98096000  0.89612845  0.00750411  
711         0.78984000  0.89597896  0.00749504  
712         0.98508000  0.89610410  0.00748555  
713         0.94016000  0.89616589  0.00747530  
714         0.98296000  0.89628745  0.00746582  
715         0.97124000  0.89639228  0.00745610  
716         0.99380000  0.89652832  0.00744693  
717         0.95352000  0.89660781  0.00743696  
718         0.97368000  0.89671515  0.00742737  
719         0.93716000  0.89677140  0.00741724  
720         0.99412000  0.89690661  0.00740817  
721         0.97496000  0.89701487  0.00739868  
722         0.98068000  0.89713075  0.00738933  
723         0.99076000  0.89726025  0.00738024  
724         0.86744000  0.89721906  0.00737016  
725         0.93772000  0.89727492  0.00736019  
726         0.97740000  0.89738529  0.00735088  
727         0.98468000  0.89750536  0.00734174  
728         0.98284000  0.89762258  0.00733259  
729         0.96496000  0.89771495  0.00732310  
730         0.99788000  0.89785216  0.00731435  
731         0.95128000  0.89792525  0.00730471  
732         0.78924000  0.89777678  0.00729623  
733         0.89840000  0.89777763  0.00728627  
734         0.78924000  0.89762975  0.00727784  
735         0.90276000  0.89763673  0.00726793  
736         0.98204000  0.89775141  0.00725896  
737         0.92292000  0.89778556  0.00724918  
738         0.96100000  0.89787122  0.00723986  
739         0.98940000  0.89799507  0.00723112  
740         0.95036000  0.89806584  0.00722169  
741         0.99132000  0.89819169  0.00721303  
742         0.99104000  0.89831682  0.00720439  
743         0.96176000  0.89840221  0.00719519  
744         0.98660000  0.89852075  0.00718649  
745         0.99772000  0.89865391  0.00717808  
746         0.11196000  0.89759936  0.00724560  
747         0.94004000  0.89765617  0.00723612  
748         0.98576000  0.89777396  0.00722740  
749         0.99900000  0.89790911  0.00721901  
750         0.99048000  0.89803253  0.00721043  
751         0.79544000  0.89789593  0.00720212  
752         0.66740000  0.89758941  0.00719906  
753         0.86640000  0.89754799  0.00718962  
754         0.89032000  0.89753841  0.00718008  
755         0.99356000  0.89766559  0.00717169  
756         0.90156000  0.89767074  0.00716220  
757         0.95644000  0.89774838  0.00715315  
758         0.99076000  0.89787108  0.00714477  
759         0.98516000  0.89798609  0.00713627  
760         0.97288000  0.89808463  0.00712756  
761         0.83532000  0.89800216  0.00711866  
762         0.97700000  0.89810583  0.00711007  
763         0.95032000  0.89817426  0.00710108  
764         0.80944000  0.89805812  0.00709273  
765         0.53960000  0.89758954  0.00709893  
766         0.95456000  0.89766392  0.00709005  
767         0.99148000  0.89778623  0.00708185  
768         0.11964000  0.89677302  0.00714483  
769         0.73632000  0.89656437  0.00713859  
770         0.89480000  0.89656208  0.00712931  
771         0.82312000  0.89646682  0.00712069  
772         0.95476000  0.89654233  0.00711186  
773         0.98400000  0.89665547  0.00710356  
774         0.97488000  0.89675654  0.00709510  
775         0.88852000  0.89674591  0.00708594  
776         0.95688000  0.89682340  0.00707723  
777         0.98760000  0.89694023  0.00706908  
778         0.89616000  0.89693923  0.00705999  
779         0.90960000  0.89695548  0.00705094  
780         0.73452000  0.89674723  0.00704497  
781         0.43892000  0.89616102  0.00706032  
782         0.99296000  0.89628481  0.00705238  
783         0.97284000  0.89638258  0.00704404  
784         0.71584000  0.89615230  0.00703882  
785         0.94000000  0.89620815  0.00703007  
786         0.97584000  0.89630947  0.00702185  
787         0.79248000  0.89617753  0.00701416  
788         0.86816000  0.89614198  0.00700535  
789         0.97156000  0.89623757  0.00699711  
790         0.98308000  0.89634749  0.00698912  
791         0.38212000  0.89569740  0.00701048  
792         0.98748000  0.89581328  0.00700258  
793         0.98708000  0.89592837  0.00699470  
794         0.90872000  0.89594448  0.00698590  
795         0.97272000  0.89604106  0.00697777  
796         0.83088000  0.89595920  0.00696948  
797         0.91000000  0.89597681  0.00696076  
798         0.89736000  0.89597855  0.00695203  
799         0.97104000  0.89607249  0.00694396  
800         0.95792000  0.89614980  0.00693570  
801         0.96572000  0.89623665  0.00692758  
802         0.98780000  0.89635082  0.00691988  
803         0.97900000  0.89645375  0.00691202  
804         0.96768000  0.89654234  0.00690399  
805         0.98956000  0.89665789  0.00689638  
806         0.99376000  0.89677836  0.00688887  
807         0.98284000  0.89688501  0.00688115  
808         0.81704000  0.89678619  0.00687334  
809         0.98180000  0.89689127  0.00686565  
810         0.98944000  0.89700553  0.00685812  
811         0.95528000  0.89707739  0.00685003  
812         0.99204000  0.89719433  0.00684259  
813         0.97932000  0.89729535  0.00683491  
814         0.95596000  0.89736742  0.00682689  
815         0.92596000  0.89740250  0.00681860  
816         0.90916000  0.89741691  0.00681026  
817         0.96736000  0.89750252  0.00680245  
818         0.95896000  0.89757765  0.00679455  
819         0.92184000  0.89760728  0.00678631  
820         0.92960000  0.89764629  0.00677814  
821         0.47256000  0.89712853  0.00678965  
822         0.91168000  0.89714623  0.00678141  
823         0.93908000  0.89719718  0.00677336  
824         0.74268000  0.89700966  0.00676773  
825         0.96524000  0.89709236  0.00676003  
826         0.96972000  0.89718029  0.00675241  
827         0.81760000  0.89708406  0.00674493  
828         0.92940000  0.89712309  0.00673689  
829         0.99900000  0.89724598  0.00672988  
830         0.75448000  0.89707398  0.00672397  
831         0.87544000  0.89704794  0.00671592  
832         0.89704000  0.89704793  0.00670785  
833         0.96112000  0.89712485  0.00670023  
834         0.94124000  0.89717775  0.00669240  
835         0.73148000  0.89697931  0.00668733  
836         0.98048000  0.89707919  0.00668007  
837         0.97780000  0.89717563  0.00667278  
838         0.99528000  0.89729270  0.00666584  
839         0.98848000  0.89740138  0.00665878  
840         0.72180000  0.89719233  0.00665413  
841         0.94104000  0.89724447  0.00664642  
842         0.99868000  0.89736494  0.00663961  
843         0.96120000  0.89744066  0.00663216  
844         0.98040000  0.89753896  0.00662503  
845         0.88848000  0.89752824  0.00661719  
846         0.80392000  0.89741759  0.00661029  
847         0.89352000  0.89741299  0.00660249  
848         0.83412000  0.89733835  0.00659512  
849         -0.95684000 0.89515439  0.00693994  
850         -0.89332000 0.89305031  0.00724408  
851         0.65472000  0.89277025  0.00724098  
852         0.97580000  0.89286770  0.00723313  
853         0.96656000  0.89295409  0.00722516  
854         0.97464000  0.89304974  0.00721733  
855         0.94920000  0.89311542  0.00720918  
856         0.97920000  0.89321598  0.00720146  
857         0.99560000  0.89333545  0.00719404  
858         0.99868000  0.89345823  0.00718670  
859         0.95268000  0.89352717  0.00717866  
860         0.99796000  0.89364860  0.00717134  
861         0.91744000  0.89367624  0.00716306  
862         0.80752000  0.89357629  0.00715544  
863         0.98980000  0.89368779  0.00714801  
864         0.98664000  0.89379537  0.00714055  
865         0.99576000  0.89391325  0.00713326  
866         0.89052000  0.89390933  0.00712502  
867         0.99116000  0.89402150  0.00711768  
868         0.99816000  0.89414147  0.00711049  
869         0.98844000  0.89424999  0.00710313  
870         0.98312000  0.89435214  0.00709570  
871         0.99068000  0.89446273  0.00708841  
872         0.96144000  0.89453954  0.00708069  
873         0.99552000  0.89465521  0.00707352  
874         0.99468000  0.89476966  0.00706635  
875         0.75500000  0.89460992  0.00706008  
876         0.98312000  0.89471096  0.00705274  
877         0.99104000  0.89482080  0.00704555  
878         0.98112000  0.89491909  0.00703820  
879         0.93280000  0.89496218  0.00703032  
880         0.20820000  0.89418177  0.00706556  
881         0.97080000  0.89426874  0.00705807  
882         0.99476000  0.89438268  0.00705099  
883         0.95284000  0.89444888  0.00704331  
884         0.98528000  0.89455163  0.00703609  
885         0.97240000  0.89463959  0.00702868  
886         0.97400000  0.89472916  0.00702132  
887         0.98024000  0.89482557  0.00701406  
888         0.95128000  0.89488914  0.00700644  
889         0.92124000  0.89491879  0.00699862  
890         0.78944000  0.89480027  0.00699176  
891         0.82168000  0.89471820  0.00698439  
892         0.94116000  0.89477027  0.00697675  
893         0.96976000  0.89485424  0.00696944  
894         0.98136000  0.89495101  0.00696231  
895         0.97380000  0.89503911  0.00695508  
896         0.98772000  0.89514254  0.00694809  
897         0.98188000  0.89523924  0.00694101  
898         0.98332000  0.89533733  0.00693397  
899         0.81696000  0.89525014  0.00692680  
900         0.58656000  0.89490716  0.00692760  
901         0.98716000  0.89500954  0.00692066  
902         0.69392000  0.89478661  0.00691658  
903         0.99176000  0.89489400  0.00690975  
904         0.99392000  0.89500354  0.00690297  
905         0.99184000  0.89511054  0.00689617  
906         0.92900000  0.89514795  0.00688865  
907         0.69952000  0.89493226  0.00688444  
908         0.99664000  0.89504427  0.00687776  
909         0.84848000  0.89499305  0.00687038  
910         0.32896000  0.89437103  0.00689096  
911         0.99504000  0.89448154  0.00688428  
912         0.99236000  0.89458886  0.00687756  
913         0.89344000  0.89458760  0.00687002  
914         0.99148000  0.89469361  0.00686332  
915         0.99232000  0.89480031  0.00685665  
916         0.97200000  0.89488459  0.00684968  
917         0.74768000  0.89472406  0.00684409  
918         -0.09768000 0.89364301  0.00692157  
919         0.98608000  0.89374359  0.00691477  
920         0.93948000  0.89379330  0.00690742  
921         0.84852000  0.89374415  0.00690010  
922         0.80876000  0.89365197  0.00689322  
923         0.82436000  0.89357690  0.00688616  
924         0.96344000  0.89365251  0.00687912  
925         0.58280000  0.89331645  0.00687989  
926         0.99688000  0.89342829  0.00687337  
927         0.99308000  0.89353579  0.00686679  
928         0.95744000  0.89360466  0.00685973  
929         0.90116000  0.89361279  0.00685235  
930         0.88328000  0.89360168  0.00684499  
931         0.93236000  0.89364331  0.00683776  
932         0.93452000  0.89368717  0.00683056  
933         0.74996000  0.89353312  0.00682497  
934         -0.27620000 0.89228073  0.00693174  
935         0.97900000  0.89237348  0.00692494  
936         0.94848000  0.89243342  0.00691780  
937         0.96848000  0.89251458  0.00691089  
938         0.84376000  0.89246260  0.00690371  
939         0.93728000  0.89251033  0.00689652  
940         0.98492000  0.89260864  0.00688988  
941         0.99028000  0.89271243  0.00688334  
942         0.98804000  0.89281363  0.00687677  
943         0.99804000  0.89292522  0.00687038  
944         0.98792000  0.89302585  0.00686384  
945         0.96976000  0.89310705  0.00685705  
946         0.82824000  0.89303848  0.00685014  
947         0.96512000  0.89311459  0.00684333  
948         0.97340000  0.89319928  0.00683663  
949         0.99680000  0.89330845  0.00683029  
950         0.98204000  0.89340185  0.00682374  
951         0.94476000  0.89345586  0.00681677  
952         0.99536000  0.89356290  0.00681045  
953         0.77416000  0.89343761  0.00680446  
954         0.97704000  0.89352524  0.00679788  
955         0.99696000  0.89363355  0.00679163  
956         0.98036000  0.89372427  0.00678512  
957         0.97492000  0.89380911  0.00677856  
958         0.88760000  0.89380263  0.00677149  
959         0.98916000  0.89390206  0.00676515  
960         0.92832000  0.89393792  0.00675820  
961         0.96696000  0.89401390  0.00675159  
962         0.98532000  0.89410881  0.00674523  
963         0.89628000  0.89411107  0.00673823  
964         0.99388000  0.89421456  0.00673203  
965         0.98572000  0.89430939  0.00672572  
966         0.98128000  0.89439942  0.00671935  
967         0.95708000  0.89446424  0.00671271  
968         0.87124000  0.89444025  0.00670582  
969         0.93772000  0.89448491  0.00669904  
970         0.99352000  0.89458701  0.00669291  
971         0.98592000  0.89468107  0.00668668  
972         0.99680000  0.89478613  0.00668062  
973         0.99556000  0.89488970  0.00667456  
974         0.94828000  0.89494452  0.00666792  
975         0.93352000  0.89498408  0.00666120  
976         0.64672000  0.89472971  0.00665923  
977         0.97720000  0.89481412  0.00665295  
978         0.99224000  0.89491374  0.00664689  
979         0.98272000  0.89500343  0.00664070  
980         0.93572000  0.89504498  0.00663405  
981         0.84812000  0.89499715  0.00662746  
982         0.97772000  0.89508138  0.00662124  
983         0.96016000  0.89514759  0.00661483  
984         0.97352000  0.89522724  0.00660859  
985         0.96364000  0.89529669  0.00660224  
986         0.28940000  0.89468219  0.00662410  
987         0.78272000  0.89456875  0.00661836  
988         0.93420000  0.89460887  0.00661178  
989         0.90776000  0.89462216  0.00660511  
990         0.99116000  0.89471968  0.00659915  
991         0.96408000  0.89478967  0.00659286  
992         0.90048000  0.89479540  0.00658621  
993         0.97972000  0.89488093  0.00658013  
994         0.82040000  0.89480600  0.00657394  
995         0.96804000  0.89487960  0.00656774  
996         0.97052000  0.89495554  0.00656158  
997         0.65240000  0.89471226  0.00655951  
998         0.99252000  0.89481026  0.00655367  
999         0.69872000  0.89461397  0.00655005  
1000        0.14816000  0.89386752  0.00658593  
1001        0.94712000  0.89392072  0.00657956  
1002        0.99088000  0.89401749  0.00657371  
1003        0.94520000  0.89406851  0.00656735  
1004        0.80076000  0.89397558  0.00656146  
1005        0.99720000  0.89407829  0.00655573  
1006        0.97408000  0.89415781  0.00654970  
1007        0.95208000  0.89421533  0.00654344  
1008        0.96840000  0.89428893  0.00653736  
1009        0.99204000  0.89438581  0.00653160  
1010        0.01148000  0.89351164  0.00658342  
1011        0.97516000  0.89359240  0.00657740  
1012        0.90920000  0.89360783  0.00657092  
1013        0.79592000  0.89351139  0.00656514  
1014        0.96488000  0.89358178  0.00655904  
1015        0.98848000  0.89367527  0.00655324  
1016        0.96900000  0.89374941  0.00654720  
1017        0.97160000  0.89382596  0.00654121  
1018        0.86164000  0.89379434  0.00653486  
1019        0.97232000  0.89387140  0.00652890  
1020        0.98976000  0.89396541  0.00652317  
1021        0.99884000  0.89406813  0.00651759  
1022        0.89696000  0.89407096  0.00651121  
1023        0.84872000  0.89402663  0.00650499  
1024        0.84536000  0.89397910  0.00649881  
1025        0.99572000  0.89407836  0.00649323  
1026        0.96652000  0.89414897  0.00648728  
1027        0.84244000  0.89409862  0.00648115  
1028        0.65892000  0.89386984  0.00647889  
1029        0.96216000  0.89393621  0.00647293  
1030        0.97912000  0.89401891  0.00646717  
1031        0.99584000  0.89411767  0.00646165  
1032        0.95728000  0.89417888  0.00645567  
1033        0.99596000  0.89427741  0.00645017  
1034        0.74756000  0.89413551  0.00644549  
1035        0.97580000  0.89421442  0.00643975  
1036        0.95592000  0.89427398  0.00643380  
1037        0.99844000  0.89437443  0.00642838  
1038        0.98516000  0.89446189  0.00642278  
1039        0.99116000  0.89455496  0.00641727  
1040        0.89768000  0.89455796  0.00641110  
1041        0.95252000  0.89461364  0.00640518  
1042        0.94608000  0.89466303  0.00639922  
1043        0.95964000  0.89472533  0.00639339  
1044        0.93392000  0.89476287  0.00638737  
1045        0.95068000  0.89481638  0.00638148  
1046        0.99612000  0.89491323  0.00637611  
1047        0.93924000  0.89495557  0.00637016  
1048        0.96700000  0.89502431  0.00636445  
1049        0.99300000  0.89511771  0.00635906  
1050        0.98800000  0.89520617  0.00635362  
1051        0.96268000  0.89527037  0.00634790  
1052        0.98884000  0.89535932  0.00634248  
1053        0.53920000  0.89502108  0.00634548  
1054        0.94940000  0.89507268  0.00633966  
1055        0.85340000  0.89503318  0.00633378  
1056        0.96580000  0.89510019  0.00632813  
1057        0.30892000  0.89454562  0.00634642  
1058        0.94980000  0.89459784  0.00634063  
1059        0.98556000  0.89468374  0.00633522  
1060        0.95840000  0.89474385  0.00632953  
1061        0.87452000  0.89472479  0.00632359  
1062        0.98232000  0.89480727  0.00631817  
1063        0.84960000  0.89476474  0.00631237  
1064        0.81324000  0.89468812  0.00630690  
1065        0.10400000  0.89394569  0.00634456  
1066        0.68428000  0.89374901  0.00634166  
1067        0.92296000  0.89377638  0.00633577  
1068        0.96528000  0.89384333  0.00633019  
1069        0.95900000  0.89390428  0.00632456  
1070        0.92172000  0.89393028  0.00631870  
1071        0.85984000  0.89389845  0.00631288  
1072        0.83956000  0.89384776  0.00630719  
1073        0.97168000  0.89392030  0.00630172  
1074        0.96892000  0.89399013  0.00629624  
1075        0.89480000  0.89399088  0.00629038  
1076        0.99720000  0.89408680  0.00628526  
1077        0.99300000  0.89417864  0.00628010  
1078        0.95144000  0.89423176  0.00627449  
1079        0.93160000  0.89426639  0.00626877  
1080        0.99748000  0.89436196  0.00626369  
1081        0.87596000  0.89434494  0.00625792  
1082        0.98872000  0.89443216  0.00625274  
1083        0.98812000  0.89451867  0.00624756  
1084        0.90584000  0.89452911  0.00624181  
1085        0.97640000  0.89460457  0.00623651  
1086        0.96076000  0.89466549  0.00623106  
1087        0.97284000  0.89473741  0.00622574  
1088        0.82752000  0.89467562  0.00622032  
1089        0.93796000  0.89471537  0.00621474  
1090        0.53324000  0.89438374  0.00621788  
1091        0.89760000  0.89438669  0.00621218  
1092        0.99212000  0.89447619  0.00620713  
1093        -0.25492000 0.89342459  0.00628998  
1094        0.69112000  0.89323967  0.00628695  
1095        0.78168000  0.89313779  0.00628203  
1096        0.95532000  0.89319453  0.00627655  
1097        0.96320000  0.89325834  0.00627115  
1098        0.81680000  0.89318871  0.00626583  
1099        0.88568000  0.89318187  0.00626013  
1100        0.96292000  0.89324527  0.00625476  
1101        0.96760000  0.89331281  0.00624944  
1102        0.10872000  0.89260083  0.00628422  
1103        0.62804000  0.89236098  0.00628310  
1104        0.98444000  0.89244438  0.00627796  
1105        0.59944000  0.89217922  0.00627788  
1106        0.98920000  0.89226694  0.00627282  
1107        0.94104000  0.89231100  0.00626730  
1108        0.91860000  0.89233473  0.00626169  
1109        0.99496000  0.89242727  0.00625673  
1110        0.99300000  0.89251787  0.00625174  
1111        0.97040000  0.89258797  0.00624651  
1112        0.88980000  0.89258547  0.00624089  
1113        0.99956000  0.89268158  0.00623602  
1114        0.92396000  0.89270966  0.00623048  
1115        0.96120000  0.89277109  0.00622519  
1116        0.98580000  0.89285444  0.00622017  
1117        0.98196000  0.89293422  0.00621511  
1118        0.87300000  0.89291639  0.00620958  
1119        0.98744000  0.89300086  0.00620460  
1120        0.93716000  0.89304029  0.00619918  
1121        0.78608000  0.89294487  0.00619439  
1122        0.99276000  0.89303383  0.00618950  
1123        0.97796000  0.89310946  0.00618445  
1124        0.98724000  0.89319320  0.00617951  
1125        0.97840000  0.89326894  0.00617448  
1126        0.98016000  0.89334611  0.00616948  
1127        0.93460000  0.89338272  0.00616411  
1128        0.91156000  0.89339883  0.00615866  
1129        0.99232000  0.89348645  0.00615383  
1130        0.98456000  0.89356704  0.00614891  
1131        0.95200000  0.89361871  0.00614369  
1132        0.83464000  0.89356661  0.00613848  
1133        0.84060000  0.89351986  0.00613324  
1134        0.98836000  0.89360349  0.00612840  
1135        0.95032000  0.89365346  0.00612320  
1136        0.87012000  0.89363275  0.00611784  
1137        0.78160000  0.89353421  0.00611325  
1138        0.97940000  0.89360967  0.00610835  
1139        0.77224000  0.89350311  0.00610391  
1140        0.99388000  0.89359116  0.00609919  
1141        0.96988000  0.89365802  0.00609421  
1142        0.90708000  0.89366977  0.00608888  
1143        0.99300000  0.89375668  0.00608417  
1144        0.65940000  0.89355182  0.00608230  
1145        0.95448000  0.89360503  0.00607722  
1146        0.88668000  0.89359899  0.00607192  
1147        0.99444000  0.89368690  0.00606726  
1148        0.97212000  0.89375523  0.00606236  
1149        0.99764000  0.89384564  0.00605775  
1150        0.96192000  0.89390483  0.00605277  
1151        0.99312000  0.89399103  0.00604813  
1152        0.87600000  0.89397542  0.00604289  
1153        0.99808000  0.89406571  0.00603833  
1154        0.83104000  0.89401109  0.00603334  
1155        0.97888000  0.89408457  0.00602856  
1156        0.97780000  0.89415699  0.00602378  
1157        0.86140000  0.89412868  0.00601864  
1158        0.96384000  0.89418888  0.00601374  
1159        0.96292000  0.89424818  0.00600884  
1160        0.68988000  0.89407200  0.00600624  
1161        0.81412000  0.89400314  0.00600146  
1162        0.91564000  0.89402176  0.00599632  
1163        0.98432000  0.89409940  0.00599167  
1164        0.93600000  0.89413540  0.00598663  
1165        0.97608000  0.89420573  0.00598190  
1166        0.99604000  0.89429307  0.00597740  
1167        0.98440000  0.89437028  0.00597278  
1168        0.69432000  0.89419901  0.00597012  
1169        0.86100000  0.89417061  0.00596508  
1170        0.91656000  0.89418974  0.00596001  
1171        0.90732000  0.89420096  0.00595493  
1172        0.98940000  0.89428218  0.00595040  
1173        0.95516000  0.89433408  0.00594555  
1174        0.89744000  0.89433673  0.00594049  
1175        0.89336000  0.89433590  0.00593543  
1176        0.98844000  0.89441592  0.00593092  
1177        0.94076000  0.89445529  0.00592601  
1178        0.99776000  0.89454299  0.00592162  
1179        0.88476000  0.89453469  0.00591661  
1180        0.98628000  0.89461244  0.00591210  
1181        0.98704000  0.89469070  0.00590761  
1182        0.95044000  0.89473787  0.00590280  
1183        0.96240000  0.89479506  0.00589808  
1184        0.98624000  0.89487230  0.00589361  
1185        0.97340000  0.89493857  0.00588900  
1186        0.91572000  0.89495609  0.00588406  
1187        0.87644000  0.89494049  0.00587912  
1188        0.92972000  0.89496976  0.00587425  
1189        0.97608000  0.89503798  0.00586970  
1190        0.97180000  0.89510249  0.00586512  
1191        0.92564000  0.89512813  0.00586025  
1192        0.99284000  0.89521010  0.00585591  
1193        0.98676000  0.89528684  0.00585150  
1194        0.89268000  0.89528466  0.00584660  
1195        0.87540000  0.89526802  0.00584172  
1196        0.99220000  0.89534906  0.00583740  
1197        0.97816000  0.89541825  0.00583293  
1198        0.97300000  0.89548301  0.00582842  
1199        0.86120000  0.89545441  0.00582363  
1200        0.99696000  0.89553900  0.00581939  
1201        0.42596000  0.89514801  0.00582767  
1202        0.93968000  0.89518506  0.00582294  
1203        0.98380000  0.89525872  0.00581856  
1204        0.97232000  0.89532272  0.00581408  
1205        0.97140000  0.89538586  0.00580960  
1206        0.96464000  0.89544328  0.00580506  
1207        0.96524000  0.89550111  0.00580054  
1208        0.99652000  0.89558474  0.00579634  
1209        0.95524000  0.89563408  0.00579175  
1210        0.11292000  0.89498721  0.00582300  
1211        -0.53680000 0.89380489  0.00593711  
1212        0.95100000  0.89385208  0.00593240  
1213        0.97500000  0.89391898  0.00592788  
1214        0.98508000  0.89399407  0.00592347  
1215        0.99524000  0.89407740  0.00591918  
1216        0.98820000  0.89415480  0.00591482  
1217        0.92860000  0.89418311  0.00591002  
1218        0.99644000  0.89426706  0.00590577  
1219        0.94952000  0.89431239  0.00590109  
1220        0.98860000  0.89438967  0.00589676  
1221        0.98864000  0.89446686  0.00589244  
1222        0.93816000  0.89450262  0.00588772  
1223        0.98220000  0.89457433  0.00588334  
1224        0.98496000  0.89464817  0.00587900  
1225        0.90320000  0.89465515  0.00587420  
1226        0.86888000  0.89463413  0.00586944  
1227        0.99876000  0.89471899  0.00586527  
1228        0.90376000  0.89472635  0.00586050  
1229        0.99656000  0.89480921  0.00585631  
1230        0.88608000  0.89480211  0.00585155  
1231        0.81120000  0.89473420  0.00584719  
1232        0.93156000  0.89476409  0.00584252  
1233        0.97700000  0.89483079  0.00583816  
1234        0.90584000  0.89483971  0.00583344  
1235        -0.04180000 0.89408130  0.00587785  
1236        0.95240000  0.89412848  0.00587328  
1237        0.93848000  0.89416433  0.00586864  
1238        0.90964000  0.89417683  0.00586391  
1239        0.83320000  0.89412762  0.00585938  
1240        0.97708000  0.89419452  0.00585503  
1241        0.96228000  0.89424938  0.00585057  
1242        0.90800000  0.89426045  0.00584587  
1243        0.99432000  0.89434095  0.00584172  
1244        0.87692000  0.89432695  0.00583704  
1245        0.64776000  0.89412890  0.00583571  
1246        0.72792000  0.89399551  0.00583255  
1247        0.64908000  0.89379910  0.00583118  
1248        0.88208000  0.89378971  0.00582651  
1249        0.94040000  0.89382703  0.00582197  
1250        0.95396000  0.89387514  0.00581751  
1251        0.76108000  0.89376898  0.00581382  
1252        0.90784000  0.89378022  0.00580919  
1253        0.80032000  0.89370563  0.00580503  
1254        0.99424000  0.89378581  0.00580095  
1255        0.99676000  0.89386786  0.00579691  
1256        0.97344000  0.89393121  0.00579264  
1257        0.97612000  0.89399660  0.00578840  
1258        0.99556000  0.89407733  0.00578436  
1259        0.99716000  0.89415921  0.00578034  
1260        0.89656000  0.89416111  0.00577575  
1261        0.98352000  0.89423197  0.00577160  
1262        0.61188000  0.89400824  0.00577137  
1263        0.98184000  0.89407778  0.00576722  
1264        0.99788000  0.89415991  0.00576324  
1265        0.93956000  0.89419579  0.00575879  
1266        0.99412000  0.89427472  0.00575478  
1267        0.96636000  0.89433162  0.00575052  
1268        0.99952000  0.89441457  0.00574658  
1269        0.86812000  0.89439385  0.00574209  
1270        0.98664000  0.89446649  0.00573802  
1271        0.98412000  0.89453703  0.00573394  
1272        0.96672000  0.89459377  0.00572971  
1273        0.93328000  0.89462416  0.00572529  
1274        0.94448000  0.89466330  0.00572093  
1275        0.99460000  0.89474168  0.00571698  
1276        0.92028000  0.89476169  0.00571253  
1277        0.70408000  0.89461237  0.00571001  
1278        0.71756000  0.89447383  0.00570722  
1279        0.93028000  0.89450183  0.00570283  
1280        0.88744000  0.89449631  0.00569837  
1281        0.89212000  0.89449446  0.00569392  
1282        0.95524000  0.89454184  0.00568968  
1283        0.99688000  0.89462161  0.00568580  
1284        0.60680000  0.89439745  0.00568579  
1285        0.99780000  0.89447791  0.00568193  
1286        0.95192000  0.89452258  0.00567769  
1287        0.98060000  0.89458946  0.00567367  
1288        0.99956000  0.89467096  0.00566985  
1289        0.84152000  0.89462973  0.00566560  
1290        0.99096000  0.89470440  0.00566170  
1291        0.84688000  0.89466736  0.00565743  
1292        0.99696000  0.89474653  0.00565360  
1293        0.31196000  0.89429581  0.00566718  
1294        0.96876000  0.89435335  0.00566309  
1295        0.88776000  0.89434826  0.00565872  
1296        0.88820000  0.89434352  0.00565435  
1297        0.99068000  0.89441779  0.00565048  
1298        0.99892000  0.89449831  0.00564670  
1299        0.94852000  0.89453989  0.00564251  
1300        0.97936000  0.89460514  0.00563854  
1301        0.95900000  0.89465463  0.00563442  
1302        0.96584000  0.89470931  0.00563036  
1303        0.96236000  0.89476123  0.00562628  
1304        0.86932000  0.89474172  0.00562199  
1305        0.99820000  0.89482100  0.00561824  
1306        0.97116000  0.89487945  0.00561424  
1307        0.98408000  0.89494770  0.00561036  
1308        0.94160000  0.89498336  0.00560618  
1309        0.76712000  0.89488568  0.00560275  
1310        0.96148000  0.89493652  0.00559870  
1311        0.94512000  0.89497480  0.00559456  
1312        0.94320000  0.89501155  0.00559042  
1313        0.99272000  0.89508597  0.00558665  
1314        0.98428000  0.89515385  0.00558281  
1315        0.98380000  0.89522126  0.00557897  
1316        0.97216000  0.89527973  0.00557504  
1317        0.86752000  0.89525865  0.00557084  
1318        0.94432000  0.89529587  0.00556674  
1319        0.97448000  0.89535591  0.00556284  
1320        0.94220000  0.89539139  0.00555874  
1321        0.98596000  0.89545995  0.00555495  
1322        0.93952000  0.89549328  0.00555085  
1323        0.94412000  0.89553004  0.00554677  
1324        0.99924000  0.89560837  0.00554314  
1325        0.98072000  0.89567260  0.00553932  
1326        0.99960000  0.89575098  0.00553570  
1327        0.98288000  0.89581664  0.00553192  
1328        0.82748000  0.89576518  0.00552799  
1329        0.99296000  0.89583831  0.00552431  
1330        0.99448000  0.89591248  0.00552065  
1331        0.83476000  0.89586654  0.00551670  
1332        0.93948000  0.89589928  0.00551265  
1333        0.87928000  0.89588681  0.00550853  
1334        0.98568000  0.89595412  0.00550481  
1335        0.92696000  0.89597735  0.00550073  
1336        0.46856000  0.89565743  0.00550592  
1337        -0.76824000 0.89441292  0.00564079  
1338        -0.83500000 0.89312039  0.00578287  
1339        0.77404000  0.89303146  0.00577924  
1340        0.97868000  0.89309537  0.00577528  
1341        0.98356000  0.89316283  0.00577136  
1342        0.99212000  0.89323657  0.00576753  
1343        0.62524000  0.89303702  0.00576669  
1344        0.97804000  0.89310027  0.00576275  
1345        0.93812000  0.89313374  0.00575856  
1346        0.99436000  0.89320895  0.00575477  
1347        0.96936000  0.89326548  0.00575077  
1348        0.99224000  0.89333890  0.00574697  
1349        0.91244000  0.89335306  0.00574273  
1350        0.93228000  0.89338190  0.00573855  
1351        0.96072000  0.89343174  0.00573451  
1352        0.91848000  0.89345027  0.00573030  
1353        0.95632000  0.89349673  0.00572625  
1354        0.93036000  0.89352396  0.00572209  
1355        0.98704000  0.89359297  0.00571828  
1356        0.96000000  0.89364195  0.00571427  
1357        0.76152000  0.89354458  0.00571089  
1358        0.98952000  0.89361526  0.00570712  
1359        0.99748000  0.89369169  0.00570343  
1360        0.98344000  0.89375768  0.00569962  
1361        0.96152000  0.89380747  0.00569564  
1362        0.98700000  0.89387589  0.00569187  
1363        0.99904000  0.89395304  0.00568822  
1364        0.91484000  0.89396836  0.00568407  
1365        0.70568000  0.89383042  0.00568158  
1366        0.94900000  0.89387081  0.00567756  
1367        0.94712000  0.89390976  0.00567354  
1368        0.99320000  0.89398234  0.00566985  
1369        0.98800000  0.89405102  0.00566613  
1370        0.95304000  0.89409407  0.00566215  
1371        0.93708000  0.89412543  0.00565811  
1372        0.98516000  0.89419178  0.00565437  
1373        0.94368000  0.89422782  0.00565037  
1374        0.57948000  0.89399875  0.00565090  
1375        0.99116000  0.89406941  0.00564723  
1376        0.90004000  0.89407375  0.00564312  
1377        0.99408000  0.89414638  0.00563949  
1378        0.93256000  0.89417425  0.00563547  
1379        0.98868000  0.89424278  0.00563180  
1380        0.99184000  0.89431351  0.00562816  
1381        0.78224000  0.89423235  0.00562467  
1382        0.99712000  0.89430680  0.00562109  
1383        0.70064000  0.89416677  0.00561877  
1384        0.94872000  0.89420618  0.00561484  
1385        0.99476000  0.89427879  0.00561126  
1386        0.96644000  0.89433085  0.00560745  
1387        0.92004000  0.89434939  0.00560344  
1388        0.96732000  0.89440196  0.00559965  
1389        0.08120000  0.89381650  0.00562616  
1390        0.98424000  0.89388155  0.00562248  
1391        0.93188000  0.89390887  0.00561851  
1392        0.97220000  0.89396511  0.00561475  
1393        0.96940000  0.89401927  0.00561098  
1394        0.99148000  0.89408918  0.00560739  
1395        0.95816000  0.89413511  0.00560356  
1396        0.93468000  0.89416415  0.00559962  
1397        0.90280000  0.89417034  0.00559561  
1398        0.92188000  0.89419016  0.00559164  
1399        0.89052000  0.89418753  0.00558764  
1400        0.99560000  0.89425997  0.00558412  
1401        0.89132000  0.89425787  0.00558013  
1402        0.95752000  0.89430300  0.00557634  
1403        0.97936000  0.89436362  0.00557269  
1404        0.98372000  0.89442726  0.00556908  
1405        0.99316000  0.89449754  0.00556556  
1406        0.83460000  0.89445494  0.00556176  
1407        0.97784000  0.89451420  0.00555813  
1408        0.99640000  0.89458656  0.00555465  
1409        0.98936000  0.89465383  0.00555111  
1410        0.98024000  0.89471452  0.00554751  
1411        0.97364000  0.89477046  0.00554385  
1412        0.98724000  0.89483595  0.00554031  
1413        0.99488000  0.89490675  0.00553684  
1414        0.97380000  0.89496255  0.00553321  
1415        0.89044000  0.89495935  0.00552930  
1416        0.99532000  0.89503023  0.00552585  
1417        0.99976000  0.89510414  0.00552244  
1418        0.93920000  0.89513523  0.00551863  
1419        0.98496000  0.89519853  0.00551510  
1420        0.82376000  0.89514823  0.00551145  
1421        0.99636000  0.89521945  0.00550803  
1422        0.97652000  0.89527662  0.00550445  
1423        0.99176000  0.89534443  0.00550100  
1424        0.96416000  0.89539275  0.00549735  
1425        0.96052000  0.89543846  0.00549368  
1426        0.89976000  0.89544149  0.00548983  
1427        0.95556000  0.89548362  0.00548614  
1428        0.98868000  0.89554888  0.00548268  
1429        0.98268000  0.89560985  0.00547919  
1430        0.96732000  0.89566000  0.00547558  
1431        0.99132000  0.89572685  0.00547216  
1432        0.68744000  0.89558140  0.00547027  
1433        0.98808000  0.89564595  0.00546684  
1434        0.98372000  0.89570736  0.00546337  
1435        0.98596000  0.89577026  0.00545992  
1436        0.96544000  0.89581877  0.00545633  
1437        -0.14300000 0.89509587  0.00550025  
1438        -0.05012000 0.89443855  0.00553559  
1439        0.89384000  0.89443814  0.00553174  
1440        0.98156000  0.89449864  0.00552823  
1441        0.80444000  0.89443614  0.00552474  
1442        0.97436000  0.89449157  0.00552119  
1443        0.97764000  0.89454919  0.00551766  
1444        0.84440000  0.89451446  0.00551395  
1445        0.91308000  0.89452731  0.00551015  
1446        0.93096000  0.89455250  0.00550639  
1447        0.94900000  0.89459013  0.00550271  
1448        0.98420000  0.89465202  0.00549926  
1449        0.94480000  0.89468663  0.00549557  
1450        0.76880000  0.89459981  0.00549247  
1451        0.90116000  0.89460433  0.00548868  
1452        0.99172000  0.89467121  0.00548531  
1453        0.93164000  0.89469666  0.00548159  
1454        0.92964000  0.89472069  0.00547787  
1455        0.93256000  0.89474669  0.00547417  
1456        0.99100000  0.89481280  0.00547081  
1457        0.99204000  0.89487953  0.00546746  
1458        0.65236000  0.89471320  0.00546624  
1459        0.98988000  0.89477842  0.00546288  
1460        0.97080000  0.89483049  0.00545939  
1461        0.98004000  0.89488882  0.00545596  
1462        0.99464000  0.89495705  0.00545265  
1463        0.99096000  0.89502267  0.00544932  
1464        0.97240000  0.89507552  0.00544585  
1465        0.93856000  0.89510520  0.00544222  
1466        0.91296000  0.89511738  0.00543852  
1467        0.82676000  0.89507078  0.00543501  
1468        0.93648000  0.89509899  0.00543138  
1469        0.99140000  0.89516455  0.00542807  
1470        0.82428000  0.89511633  0.00542459  
1471        0.75080000  0.89501822  0.00542179  
1472        0.87644000  0.89500560  0.00541812  
1473        0.96944000  0.89505613  0.00541468  
1474        0.80400000  0.89499436  0.00541136  
1475        0.93312000  0.89502020  0.00540775  
1476        0.89216000  0.89501827  0.00540408  
1477        0.99812000  0.89508807  0.00540088  
1478        0.84432000  0.89505372  0.00539733  
1479        0.97132000  0.89510529  0.00539393  
1480        0.06232000  0.89454259  0.00541957  
1481        0.94052000  0.89457364  0.00541600  
1482        0.81568000  0.89452040  0.00541260  
1483        0.85648000  0.89449475  0.00540901  
1484        0.89976000  0.89449830  0.00540537  
1485        0.92780000  0.89452073  0.00540177  
1486        0.94596000  0.89455534  0.00539825  
1487        0.93032000  0.89457939  0.00539467  
1488        0.92004000  0.89459651  0.00539107  
1489        0.96796000  0.89464578  0.00538768  
1490        0.79700000  0.89458024  0.00538446  
1491        0.99660000  0.89464867  0.00538128  
1492        0.96216000  0.89469391  0.00537786  
1493        0.99368000  0.89476021  0.00537467  
1494        0.68740000  0.89462142  0.00537286  
1495        0.93816000  0.89465054  0.00536935  
1496        0.96960000  0.89470064  0.00536599  
1497        0.98868000  0.89476342  0.00536277  
1498        0.81532000  0.89471039  0.00535945  
1499        0.99468000  0.89477708  0.00535629  
1500        0.99760000  0.89484563  0.00535316  
1501        0.91128000  0.89485658  0.00534960  
1502        0.82540000  0.89481033  0.00534624  
1503        0.74980000  0.89471385  0.00534355  
1504        0.66416000  0.89456056  0.00534220  
1505        0.90600000  0.89456816  0.00533865  
1506        0.92504000  0.89458839  0.00533514  
1507        0.87464000  0.89457516  0.00533162  
1508        0.98544000  0.89463541  0.00532842  
1509        0.86692000  0.89461704  0.00532492  
1510        0.93208000  0.89464185  0.00532145  
1511        0.98620000  0.89470245  0.00531828  
1512        0.97404000  0.89475492  0.00531502  
1513        0.95644000  0.89479569  0.00531166  
1514        0.97336000  0.89484758  0.00530840  
1515        0.97324000  0.89489933  0.00530515  
1516        0.98448000  0.89495842  0.00530198  
1517        0.90584000  0.89496559  0.00529849  
1518        0.95476000  0.89500498  0.00529514  
1519        0.99820000  0.89507292  0.00529209  
1520        0.95404000  0.89511171  0.00528875  
1521        0.94632000  0.89514538  0.00528538  
1522        0.96328000  0.89519014  0.00528210  
1523        0.97232000  0.89524079  0.00527887  
1524        0.97656000  0.89529415  0.00527567  
1525        0.98448000  0.89535263  0.00527254  
1526        0.59420000  0.89515528  0.00527278  
1527        0.93360000  0.89518046  0.00526938  
1528        0.96440000  0.89522576  0.00526613  
1529        0.99736000  0.89529256  0.00526311  
1530        0.99652000  0.89535872  0.00526008  
1531        0.95052000  0.89539475  0.00525677  
1532        0.99268000  0.89545825  0.00525372  
1533        0.96808000  0.89550562  0.00525050  
1534        0.97280000  0.89555601  0.00524732  
1535        0.96880000  0.89560373  0.00524412  
1536        0.96104000  0.89564633  0.00524088  
1537        0.97340000  0.89569692  0.00523771  
1538        0.89748000  0.89569808  0.00523430  
1539        0.48844000  0.89543345  0.00523759  
1540        0.98920000  0.89549434  0.00523454  
1541        0.98340000  0.89555138  0.00523146  
1542        0.99112000  0.89561336  0.00522843  
1543        0.59876000  0.89542097  0.00522858  
1544        -0.81092000 0.89431583  0.00534079  
1545        -0.99452000 0.89309328  0.00547555  
1546        -0.87648000 0.89194867  0.00559044  
1547        0.70504000  0.89182785  0.00558813  
1548        0.99792000  0.89189638  0.00558494  
1549        0.90156000  0.89190262  0.00558134  
1550        0.99472000  0.89196895  0.00557813  
1551        0.90072000  0.89197460  0.00557454  
1552        0.98416000  0.89203399  0.00557126  
1553        0.99700000  0.89210158  0.00556808  
1554        0.99640000  0.89216870  0.00556490  
1555        0.95968000  0.89221212  0.00556149  
1556        0.46044000  0.89193463  0.00556484  
1557        0.94600000  0.89196935  0.00556137  
1558        0.98356000  0.89202814  0.00555811  
1559        0.96988000  0.89207808  0.00555477  
1560        0.95156000  0.89211621  0.00555134  
1561        0.99136000  0.89217978  0.00554815  
1562        0.99056000  0.89224277  0.00554495  
1563        0.96856000  0.89229159  0.00554162  
1564        0.98080000  0.89234818  0.00553836  
1565        0.99148000  0.89241153  0.00553519  
1566        0.67852000  0.89227494  0.00553334  
1567        0.97348000  0.89232676  0.00553005  
1568        0.99596000  0.89239286  0.00552691  
1569        0.99036000  0.89245530  0.00552374  
1570        0.73524000  0.89235516  0.00552113  
1571        0.97792000  0.89240962  0.00551788  
1572        0.93060000  0.89243392  0.00551443  
1573        0.95732000  0.89247517  0.00551107  
1574        0.99208000  0.89253845  0.00550794  
1575        0.98908000  0.89259975  0.00550478  
1576        0.89156000  0.89259909  0.00550128  
1577        0.96816000  0.89264700  0.00549800  
1578        0.98064000  0.89270276  0.00549480  
1579        0.96412000  0.89274799  0.00549151  
1580        0.95384000  0.89278666  0.00548817  
1581        0.97308000  0.89283744  0.00548493  
1582        0.98980000  0.89289874  0.00548180  
1583        0.93620000  0.89292609  0.00547841  
1584        0.82712000  0.89288455  0.00547511  
1585        0.99068000  0.89294625  0.00547200  
1586        0.80512000  0.89289087  0.00546883  
1587        0.98504000  0.89294894  0.00546569  
1588        0.75200000  0.89286018  0.00546297  
1589        0.07564000  0.89234588  0.00548370  
1590        0.96032000  0.89238863  0.00548042  
1591        0.87824000  0.89237974  0.00547698  
1592        0.97368000  0.89243080  0.00547377  
1593        0.80760000  0.89237755  0.00547060  
1594        0.97792000  0.89243122  0.00546743  
1595        0.95484000  0.89247034  0.00546414  
1596        0.96776000  0.89251752  0.00546092  
1597        0.99332000  0.89258064  0.00545786  
1598        0.88492000  0.89257584  0.00545445  
1599        0.92476000  0.89259597  0.00545107  
1600        0.76084000  0.89251363  0.00544829  
1601        0.84400000  0.89248332  0.00544497  
1602        0.98992000  0.89254414  0.00544191  
1603        0.93984000  0.89257365  0.00543859  
1604        0.83024000  0.89253479  0.00543534  
1605        0.98948000  0.89259519  0.00543229  
1606        0.99212000  0.89265716  0.00542926  
1607        0.97040000  0.89270554  0.00542609  
1608        0.48024000  0.89244903  0.00542878  
1609        0.72368000  0.89234414  0.00542642  
1610        0.97752000  0.89239704  0.00542330  
1611        0.95200000  0.89243404  0.00542006  
1612        0.83120000  0.89239605  0.00541683  
1613        0.93696000  0.89242368  0.00541354  
1614        0.90328000  0.89243041  0.00541019  
1615        0.92764000  0.89245221  0.00540689  
1616        0.97620000  0.89250403  0.00540379  
1617        0.91112000  0.89251555  0.00540046  
1618        0.90076000  0.89252064  0.00539712  
1619        0.96328000  0.89256435  0.00539396  
1620        0.94660000  0.89259770  0.00539074  
1621        0.96432000  0.89264195  0.00538759  
1622        0.86380000  0.89262417  0.00538430  
1623        0.98472000  0.89268091  0.00538128  
1624        0.75668000  0.89259717  0.00537862  
1625        0.55232000  0.89238777  0.00537938  
1626        0.55756000  0.89218185  0.00538002  
1627        0.98352000  0.89223798  0.00537700  
1628        0.98200000  0.89229312  0.00537398  
1629        0.81644000  0.89224656  0.00537088  
1630        0.86724000  0.89223121  0.00536761  
1631        0.98000000  0.89228503  0.00536459  
1632        0.99468000  0.89234777  0.00536166  
1633        0.95212000  0.89238437  0.00535850  
1634        0.99496000  0.89244715  0.00535559  
1635        0.98636000  0.89250459  0.00535262  
1636        0.99796000  0.89256905  0.00534974  
1637        0.73128000  0.89247052  0.00534738  
1638        0.96040000  0.89251199  0.00534427  
1639        0.98024000  0.89256552  0.00534128  
1640        0.92968000  0.89258815  0.00533807  
1641        0.98672000  0.89264551  0.00533512  
1642        0.98328000  0.89270071  0.00533216  
1643        0.99780000  0.89276467  0.00532930  
1644        0.99904000  0.89282932  0.00532645  
1645        0.99124000  0.89288914  0.00532354  
1646        0.99324000  0.89295011  0.00532066  
1647        0.98852000  0.89300814  0.00531774  
1648        0.88692000  0.89300444  0.00531452  
1649        0.76756000  0.89292837  0.00531184  
1650        0.92772000  0.89294945  0.00530866  
1651        0.99448000  0.89301095  0.00530580  
1652        0.78344000  0.89294462  0.00530300  
1653        0.87300000  0.89293256  0.00529981  
1654        0.99644000  0.89299514  0.00529697  
1655        0.26052000  0.89261298  0.00530755  
1656        0.98224000  0.89266710  0.00530462  
1657        0.99760000  0.89273043  0.00530179  
1658        0.45684000  0.89246753  0.00530511  
1659        0.98240000  0.89252174  0.00530219  
1660        0.86184000  0.89250325  0.00529903  
1661        0.99508000  0.89256501  0.00529620  
1662        0.88808000  0.89256231  0.00529301  
1663        0.98912000  0.89262037  0.00529014  
1664        0.95264000  0.89265644  0.00528709  
1665        0.92828000  0.89267784  0.00528395  
1666        0.94108000  0.89270689  0.00528086  
1667        0.35220000  0.89238265  0.00528764  
1668        0.99432000  0.89244376  0.00528483  
1669        0.98804000  0.89250104  0.00528197  
1670        0.97724000  0.89255178  0.00527905  
1671        0.98536000  0.89260732  0.00527618  
1672        0.88240000  0.89260122  0.00527303  
1673        0.89632000  0.89260344  0.00526988  
1674        0.99620000  0.89266533  0.00526709  
1675        0.99416000  0.89272592  0.00526429  
1676        0.97184000  0.89277313  0.00526136  
1677        0.85708000  0.89275184  0.00525827  
1678        0.97088000  0.89279840  0.00525534  
1679        0.36412000  0.89248353  0.00526164  
1680        0.81700000  0.89243860  0.00525870  
1681        0.98488000  0.89249359  0.00525586  
1682        0.94032000  0.89252202  0.00525281  
1683        0.98856000  0.89257908  0.00525000  
1684        0.88828000  0.89257653  0.00524688  
1685        0.93148000  0.89259962  0.00524381  
1686        0.97072000  0.89264595  0.00524091  
1687        0.98348000  0.89269980  0.00523808  
1688        0.97988000  0.89275145  0.00523523  
1689        0.96592000  0.89279477  0.00523231  
1690        0.78468000  0.89273079  0.00522960  
1691        0.91504000  0.89274399  0.00522652  
1692        0.93008000  0.89276605  0.00522348  
1693        0.99288000  0.89282519  0.00522073  
1694        0.98380000  0.89287889  0.00521792  
1695        0.88328000  0.89287323  0.00521485  
1696        0.95352000  0.89290899  0.00521189  
1697        0.97712000  0.89295861  0.00520906  
1698        0.92736000  0.89297887  0.00520603  
1699        0.98280000  0.89303174  0.00520323  
1700        0.74736000  0.89294605  0.00520088  
1701        0.77360000  0.89287588  0.00519829  
1702        0.91980000  0.89289170  0.00519526  
1703        0.90428000  0.89289839  0.00519221  
1704        0.99592000  0.89295885  0.00518952  
1705        0.99204000  0.89301696  0.00518680  
1706        0.11760000  0.89256244  0.00520365  
1707        0.90548000  0.89257001  0.00520060  
1708        0.92100000  0.89258665  0.00519758  
1709        0.90232000  0.89259235  0.00519454  
1710        0.99196000  0.89265046  0.00519183  
1711        0.97096000  0.89269622  0.00518900  
1712        0.98912000  0.89275255  0.00518627  
1713        0.99292000  0.89281102  0.00518357  
1714        0.99736000  0.89287202  0.00518091  
1715        0.99064000  0.89292903  0.00517820  
1716        0.96536000  0.89297124  0.00517535  
1717        0.95520000  0.89300748  0.00517246  
1718        0.88496000  0.89300279  0.00516945  
1719        0.92612000  0.89302206  0.00516648  
1720        0.97740000  0.89307112  0.00516371  
1721        0.99688000  0.89313144  0.00516106  
1722        0.98136000  0.89318267  0.00515832  
1723        0.98144000  0.89323389  0.00515558  
1724        0.89536000  0.89323513  0.00515259  
1725        0.98692000  0.89328944  0.00514988  
1726        0.98200000  0.89334083  0.00514716  
1727        0.98996000  0.89339678  0.00514448  
1728        0.99880000  0.89345778  0.00514186  
1729        0.96280000  0.89349788  0.00513905  
1730        0.74308000  0.89341094  0.00513681  
1731        0.98460000  0.89346362  0.00513411  
1732        0.94260000  0.89349199  0.00513123  
1733        0.95688000  0.89352856  0.00512839  
1734        0.42624000  0.89325908  0.00513251  
1735        0.84352000  0.89323041  0.00512964  
1736        0.93620000  0.89325516  0.00512674  
1737        0.98160000  0.89330602  0.00512404  
1738        0.72300000  0.89320803  0.00512203  
1739        0.95332000  0.89324260  0.00511920  
1740        0.99304000  0.89329995  0.00511658  
1741        0.96760000  0.89334263  0.00511382  
1742        0.97068000  0.89338703  0.00511107  
1743        0.95336000  0.89342143  0.00510825  
1744        0.95700000  0.89345789  0.00510546  
1745        0.92836000  0.89347789  0.00510257  
1746        0.96664000  0.89351979  0.00509982  
1747        0.98244000  0.89357069  0.00509715  
1748        0.99304000  0.89362760  0.00509455  
1749        0.99284000  0.89368432  0.00509195  
1750        0.94524000  0.89371378  0.00508913  
1751        0.95508000  0.89374883  0.00508634  
1752        0.06504000  0.89327582  0.00510540  
1753        0.91976000  0.89329093  0.00510251  
1754        -0.02676000 0.89276639  0.00512650  
1755        0.87688000  0.89275733  0.00512359  
1756        0.98968000  0.89281253  0.00512097  
1757        0.98500000  0.89286500  0.00511832  
1758        0.92656000  0.89288416  0.00511544  
1759        0.98912000  0.89293887  0.00511283  
1760        0.98612000  0.89299182  0.00511020  
1761        0.91756000  0.89300577  0.00510731  
1762        0.87228000  0.89299401  0.00510443  
1763        0.75176000  0.89291390  0.00510216  
1764        0.84880000  0.89288889  0.00509933  
1765        0.99248000  0.89294531  0.00509675  
1766        0.87428000  0.89293475  0.00509388  
1767        0.91900000  0.89294950  0.00509101  
1768        0.95532000  0.89298477  0.00508825  
1769        0.99684000  0.89304348  0.00508572  
1770        0.99284000  0.89309986  0.00508316  
1771        0.99208000  0.89315575  0.00508059  
1772        0.91972000  0.89317074  0.00507775  
1773        0.99296000  0.89322703  0.00507519  
1774        0.96108000  0.89326528  0.00507248  
1775        0.99448000  0.89332230  0.00506994  
1776        0.93712000  0.89334696  0.00506714  
1777        0.84852000  0.89332173  0.00506435  
1778        0.93528000  0.89334533  0.00506156  
1779        0.97700000  0.89339236  0.00505893  
1780        0.96852000  0.89343456  0.00505626  
1781        0.98072000  0.89348357  0.00505366  
1782        0.97828000  0.89353116  0.00505105  
1783        0.93116000  0.89355226  0.00504826  
1784        0.98196000  0.89360182  0.00504567  
1785        0.99316000  0.89365759  0.00504315  
1786        0.93728000  0.89368202  0.00504039  
1787        0.98200000  0.89373144  0.00503781  
1788        0.89368000  0.89373141  0.00503499  
1789        0.99120000  0.89378589  0.00503247  
1790        0.99268000  0.89384114  0.00502996  
1791        0.98232000  0.89389054  0.00502740  
1792        0.94692000  0.89392013  0.00502468  
1793        0.88264000  0.89391384  0.00502188  
1794        0.98016000  0.89396192  0.00501931  
1795        0.79796000  0.89390843  0.00501680  
1796        0.93012000  0.89392860  0.00501404  
1797        0.99640000  0.89398562  0.00501158  
1798        0.90796000  0.89399339  0.00500879  
1799        0.95352000  0.89402648  0.00500612  
1800        0.99460000  0.89408236  0.00500365  
1801        0.99908000  0.89414066  0.00500121  
1802        0.83824000  0.89410963  0.00499853  
1803        0.80020000  0.89405755  0.00499603  
1804        0.97800000  0.89410408  0.00499347  
1805        0.99664000  0.89416089  0.00499103  
1806        0.93420000  0.89418306  0.00498831  
1807        0.99132000  0.89423681  0.00498584  
1808        0.69416000  0.89412615  0.00498431  
1809        0.81500000  0.89408241  0.00498175  
1810        0.99784000  0.89413973  0.00497933  
1811        0.83212000  0.89410549  0.00497669  
1812        0.92116000  0.89412042  0.00497397  
1813        0.98272000  0.89416929  0.00497146  
1814        0.98956000  0.89422187  0.00496900  
1815        0.77164000  0.89415434  0.00496672  
1816        0.99748000  0.89421123  0.00496431  
1817        0.98396000  0.89426063  0.00496183  
1818        0.94380000  0.89428788  0.00495917  
1819        0.96500000  0.89432675  0.00495660  
1820        0.92004000  0.89434088  0.00495389  
1821        0.97692000  0.89438623  0.00495138  
1822        0.99560000  0.89444178  0.00494897  
1823        0.99824000  0.89449872  0.00494658  
1824        0.91188000  0.89450825  0.00494388  
1825        0.99444000  0.89456300  0.00494147  
1826        0.98520000  0.89461264  0.00493902  
1827        0.98360000  0.89466135  0.00493655  
1828        0.95924000  0.89469667  0.00493398  
1829        0.97800000  0.89474222  0.00493149  
1830        0.94760000  0.89477110  0.00492888  
1831        0.97816000  0.89481665  0.00492640  
1832        0.97164000  0.89485858  0.00492389  
1833        0.99868000  0.89491522  0.00492152  
1834        0.98888000  0.89496646  0.00491911  
1835        0.99812000  0.89502267  0.00491675  
1836        0.98540000  0.89507190  0.00491432  
1837        0.98812000  0.89512255  0.00491190  
1838        0.98340000  0.89517058  0.00490946  
1839        0.98072000  0.89521710  0.00490701  
1840        0.91048000  0.89522539  0.00490435  
1841        0.95436000  0.89525751  0.00490179  
1842        0.94756000  0.89528591  0.00489921  
1843        0.99684000  0.89534101  0.00489686  
1844        0.99340000  0.89539419  0.00489450  
1845        0.93120000  0.89541359  0.00489188  
1846        0.98260000  0.89546082  0.00488946  
1847        0.96876000  0.89550051  0.00488697  
1848        0.84592000  0.89547368  0.00488440  
1849        0.98312000  0.89552108  0.00488199  
1850        0.87480000  0.89550988  0.00487936  
1851        0.95148000  0.89554012  0.00487682  
1852        0.81576000  0.89549704  0.00487437  
1853        0.84960000  0.89547227  0.00487181  
1854        0.99664000  0.89552684  0.00486948  
1855        0.92908000  0.89554493  0.00486689  
1856        0.99208000  0.89559694  0.00486455  
1857        0.98076000  0.89564280  0.00486214  
1858        0.96364000  0.89567940  0.00485966  
1859        0.97100000  0.89571991  0.00485722  
1860        0.98172000  0.89576615  0.00485483  
1861        0.98896000  0.89581623  0.00485247  
1862        0.81848000  0.89577469  0.00485005  
1863        0.76052000  0.89570209  0.00484799  
1864        0.98796000  0.89575159  0.00484564  
1865        0.87348000  0.89573965  0.00484305  
1866        0.86432000  0.89572281  0.00484049  
1867        0.88152000  0.89571520  0.00483790  
1868        0.94608000  0.89574216  0.00483538  
1869        0.99792000  0.89579683  0.00483310  
1870        0.99320000  0.89584892  0.00483080  
1871        0.98528000  0.89589672  0.00482845  
1872        0.99256000  0.89594835  0.00482615  
1873        0.81816000  0.89590682  0.00482375  
1874        0.53164000  0.89571244  0.00482509  
1875        0.97652000  0.89575554  0.00482271  
1876        0.95596000  0.89578763  0.00482025  
1877        0.99756000  0.89584185  0.00481798  
1878        0.97076000  0.89588175  0.00481558  
1879        0.91040000  0.89588947  0.00481303  
1880        0.94800000  0.89591719  0.00481054  
1881        0.98104000  0.89596245  0.00480820  
1882        0.90312000  0.89596625  0.00480565  
1883        0.95344000  0.89599677  0.00480319  
1884        0.92108000  0.89601008  0.00480066  
1885        0.99884000  0.89606464  0.00479842  
1886        0.79792000  0.89601260  0.00479616  
1887        0.94336000  0.89603769  0.00479368  
1888        0.98016000  0.89608225  0.00479135  
1889        0.83936000  0.89605222  0.00478891  
1890        0.82748000  0.89601594  0.00478651  
1891        0.99052000  0.89606591  0.00478424  
1892        0.98916000  0.89611512  0.00478196  
1893        0.99100000  0.89616524  0.00477970  
1894        0.95072000  0.89619404  0.00477726  
1895        0.99748000  0.89624749  0.00477504  
1896        0.97904000  0.89629116  0.00477272  
1897        0.99192000  0.89634157  0.00477047  
1898        0.99856000  0.89639543  0.00476826  
1899        0.89864000  0.89639661  0.00476575  
1900        0.99652000  0.89644931  0.00476353  
1901        0.96592000  0.89648585  0.00476116  
1902        0.98344000  0.89653157  0.00475888  
1903        0.95000000  0.89655966  0.00475646  
1904        0.99252000  0.89661006  0.00475423  
1905        -0.11620000 0.89607840  0.00478138  
1906        0.48728000  0.89586392  0.00478368  
1907        0.93316000  0.89588348  0.00478121  
1908        0.98836000  0.89593195  0.00477895  
1909        0.95428000  0.89596251  0.00477655  
1910        0.98048000  0.89600676  0.00477425  
1911        0.92948000  0.89602428  0.00477178  
1912        0.99136000  0.89607414  0.00476955  
1913        0.76692000  0.89600663  0.00476753  
1914        0.97256000  0.89604662  0.00476521  
1915        0.95080000  0.89607522  0.00476281  
1916        0.98928000  0.89612386  0.00476057  
1917        0.83796000  0.89609352  0.00475818  
1918        0.76500000  0.89602517  0.00475619  
1919        0.97248000  0.89606501  0.00475388  
1920        0.94600000  0.89609102  0.00475147  
1921        0.98632000  0.89613799  0.00474923  
1922        0.97376000  0.89617838  0.00474693  
1923        0.99372000  0.89622910  0.00474473  
1924        0.43560000  0.89598969  0.00474831  
1925        -0.75668000 0.89513116  0.00482287  
1926        0.44704000  0.89489850  0.00482598  
1927        0.84796000  0.89487415  0.00482353  
1928        0.98244000  0.89491956  0.00482124  
1929        0.83884000  0.89489049  0.00481883  
1930        0.97096000  0.89492991  0.00481649  
1931        0.98112000  0.89497454  0.00481421  
1932        0.97752000  0.89501727  0.00481190  
1933        0.95440000  0.89504799  0.00480951  
1934        0.08356000  0.89462840  0.00482530  
1935        0.95876000  0.89466154  0.00482292  
1936        0.98324000  0.89470729  0.00482065  
1937        0.80188000  0.89465937  0.00481840  
1938        -0.99716000 0.89368320  0.00491385  
1939        -0.20448000 0.89311684  0.00494386  
1940        0.89108000  0.89311579  0.00494131  
1941        0.51800000  0.89292253  0.00494254  
1942        0.93608000  0.89294476  0.00494005  
1943        0.85136000  0.89292336  0.00493755  
1944        0.99420000  0.89297545  0.00493529  
1945        0.88396000  0.89297082  0.00493275  
1946        0.98364000  0.89301741  0.00493043  
1947        0.77280000  0.89295567  0.00492829  
1948        -0.30348000 0.89234148  0.00496390  
1949        0.95652000  0.89237441  0.00496146  
1950        0.99672000  0.89242792  0.00495921  
1951        0.97916000  0.89247237  0.00495686  
1952        0.99716000  0.89252600  0.00495461  
1953        0.80424000  0.89248080  0.00495228  
1954        0.98748000  0.89252942  0.00494999  
1955        0.98540000  0.89257692  0.00494768  
1956        0.99520000  0.89262939  0.00494543  
1957        0.97364000  0.89267078  0.00494307  
1958        0.91092000  0.89268010  0.00494056  
1959        0.97672000  0.89272300  0.00493822  
1960        0.96524000  0.89276000  0.00493584  
1961        0.94116000  0.89278468  0.00493338  
1962        0.90656000  0.89279170  0.00493087  
1963        0.99148000  0.89284198  0.00492862  
1964        0.87128000  0.89283100  0.00492612  
1965        0.45292000  0.89260712  0.00492870  
1966        0.98292000  0.89265306  0.00492641  
1967        0.95980000  0.89268720  0.00492402  
1968        0.98616000  0.89273470  0.00492175  
1969        -0.50868000 0.89202296  0.00497047  
1970        -0.04900000 0.89154528  0.00499086  
1971        0.98684000  0.89159363  0.00498856  
1972        0.40708000  0.89134793  0.00499208  
1973        0.95720000  0.89138131  0.00498966  
1974        0.96888000  0.89142057  0.00498728  
1975        0.98740000  0.89146916  0.00498500  
1976        0.98228000  0.89151512  0.00498268  
1977        0.97852000  0.89155913  0.00498036  
1978        0.93636000  0.89158178  0.00497789  
1979        0.86108000  0.89156637  0.00497540  
1980        0.97088000  0.89160642  0.00497305  
1981        0.97948000  0.89165078  0.00497073  
1982        0.98916000  0.89169998  0.00496847  
1983        0.90360000  0.89170598  0.00496597  
1984        0.98540000  0.89175321  0.00496369  
1985        0.83664000  0.89172544  0.00496126  
1986        0.98912000  0.89177448  0.00495901  
1987        0.99864000  0.89182826  0.00495680  
1988        0.99608000  0.89188070  0.00495459  
1989        0.96692000  0.89191843  0.00495224  
1990        0.97956000  0.89196247  0.00494994  
1991        0.96088000  0.89199709  0.00494758  
1992        0.81244000  0.89195715  0.00494526  
1993        0.99536000  0.89200903  0.00494305  
1994        0.96888000  0.89204758  0.00494072  
1995        0.63308000  0.89191777  0.00493995  
1996        0.88340000  0.89191351  0.00493747  
1997        0.76028000  0.89184759  0.00493544  
1998        0.93632000  0.89186985  0.00493302  
1999        0.98232000  0.89191510  0.00493076  
2000        0.98356000  0.89196092  0.00492851  
