1           17.85392000 17.85392000 0.00000000  
2           57.24992000 37.55192000 19.69800000 
3           84.38496000 53.16293333 19.31426430 
4           89.97248000 62.36532000 16.46828233 
5           99.28896000 69.75004800 14.73963369 
6           83.37776000 72.02133333 12.24731010 
7           10.56928000 63.24246857 13.57235788 
8           74.90112000 64.69980000 11.84400645 
9           53.48224000 63.45340444 10.51953177 
10          46.60720000 61.76878400 9.55857651  
11          94.52176000 64.74632727 9.14440151  
12          78.95504000 65.93038667 8.43121556  
13          60.40208000 65.50513231 7.76724033  
14          60.11616000 65.12020571 7.20136210  
15          68.35840000 65.33608533 6.70757815  
16          46.44688000 64.15551000 6.38446648  
17          99.01504000 66.20607059 6.33803997  
18          27.79104000 64.07190222 6.34523511  
19          66.97040000 64.22445474 6.00392993  
20          95.84240000 65.80535200 5.91114992  
21          78.64224000 66.41663238 5.65575607  
22          64.98224000 66.35143273 5.39294597  
23          20.60528000 64.36246957 5.52365901  
24          97.36976000 65.73777333 5.46440316  
25          81.88336000 66.38359680 5.28091031  
26          93.53648000 67.42793846 5.18009955  
27          85.79744000 68.10829037 5.03077017  
28          25.33904000 66.58081714 5.08272194  
29          68.28576000 66.63960828 4.90467729  
30          91.98192000 67.48435200 4.81307877  
31          87.10000000 68.11711484 4.69803715  
32          90.02160000 68.80163000 4.60006978  
33          69.50816000 68.82304000 4.45854654  
34          59.22800000 68.54083294 4.33462183  
35          41.83760000 67.77788343 4.27754419  
36          99.26688000 68.65257778 4.24805287  
37          81.55152000 69.00119784 4.14632755  
38          78.73776000 69.25742316 4.04386446  
39          87.12944000 69.71568000 3.96537917  
40          13.84912000 68.31901600 4.10958522  
41          56.66672000 68.03481366 4.01816166  
42          87.34288000 68.49452952 3.94817965  
43          45.06144000 67.94957395 3.89359348  
44          59.20272000 67.75078182 3.80926429  
45          97.42672000 68.41024711 3.78159728  
46          87.00336000 68.81444522 3.72049650  
47          93.52576000 69.34021787 3.67824766  
48          77.60816000 69.51246667 3.60491970  
49          88.15808000 69.89298939 3.55103045  
50          53.29664000 69.56106240 3.49508227  
51          91.37472000 69.98878118 3.45246293  
52          79.29136000 70.16767692 3.39014183  
53          91.80864000 70.57599698 3.35053525  
54          50.93680000 70.21230815 3.30795633  
55          93.00816000 70.62677818 3.27359873  
56          92.00400000 71.00851429 3.23719644  
57          42.58288000 70.50981895 3.21876345  
58          54.10080000 70.22690483 3.17540896  
59          86.45312000 70.50192542 3.13321788  
60          9.14704000  69.47934400 3.24584225  
61          89.56144000 69.80855869 3.20911954  
62          98.48256000 70.27104258 3.19063185  
63          98.66112000 70.72167873 3.17175436  
64          83.86656000 70.92706750 3.12855150  
65          95.29248000 71.30192000 3.10277049  
66          41.43520000 70.84939394 3.08872655  
67          55.26992000 70.61686448 3.05115038  
68          97.71936000 71.01543059 3.03225398  
69          90.56656000 71.29878029 3.00139003  
70          39.07632000 70.83845943 2.99380297  
71          51.90608000 70.57180620 2.96335711  
72          91.24016000 70.85886667 2.93597665  
73          75.19152000 70.91821808 2.89608671  
74          91.81488000 71.20060541 2.87060561  
75          79.68800000 71.31377067 2.83433230  
76          81.75216000 71.45111789 2.80016027  
77          57.55344000 71.27062857 2.76944295  
78          64.60432000 71.18516308 2.73504236  
79          88.74592000 71.40745114 2.70933387  
80          68.16256000 71.36689000 2.67556031  
81          32.65648000 70.88898370 2.68519297  
82          42.40016000 70.54155902 2.67490283  
83          74.23904000 70.58610699 2.64285405  
84          91.54992000 70.83567619 2.62310130  
85          33.07152000 70.39139200 2.62985760  
86          87.89248000 70.59489302 2.60705254  
87          82.47920000 70.73149425 2.58053024  
88          68.78176000 70.70933818 2.55113371  
89          48.40704000 70.45875056 2.53472362  
90          83.76832000 70.60663467 2.51076077  
91          89.85984000 70.81820835 2.49201433  
92          94.49200000 71.07553217 2.47817433  
93          55.79312000 70.91120516 2.45688408  
94          62.52448000 70.82198468 2.43224345  
95          59.48528000 70.70265095 2.40946164  
96          96.42512000 70.97059333 2.39923957  
97          69.52992000 70.95574103 2.37442276  
98          34.05344000 70.57918694 2.38004571  
99          98.24960000 70.85868606 2.37240398  
100         68.42464000 70.83434560 2.34868624  
101         78.37344000 70.90899010 2.32651342  
102         89.66416000 71.09286431 2.31091837  
103         90.30240000 71.27936466 2.29595952  
104         60.43104000 71.17505385 2.27616722  
105         64.59680000 71.11240381 2.25525557  
106         9.51712000  70.53131623 2.30821898  
107         34.31264000 70.19282393 2.31146392  
108         83.67056000 70.31761778 2.29335933  
109         74.78976000 70.35864661 2.27259232  
110         95.23232000 70.58477091 2.26316258  
111         97.93488000 70.83116829 2.25617596  
112         45.18656000 70.60219857 2.24763394  
113         87.71872000 70.75367221 2.23279851  
114         88.81424000 70.91209825 2.21878909  
115         91.46896000 71.09085357 2.20666279  
116         72.64080000 71.10421517 2.18759793  
117         99.33232000 71.34548103 2.18219821  
118         94.23440000 71.53945492 2.17230367  
119         81.51840000 71.62331160 2.15560337  
120         70.36176000 71.61279867 2.13759038  
121         97.76816000 71.82895868 2.13084309  
122         98.22384000 72.04531016 2.12435071  
123         48.46208000 71.85357659 2.11571448  
124         43.57056000 71.62548774 2.11094167  
125         96.78976000 71.82680192 2.10364088  
126         87.16208000 71.94851048 2.09042460  
127         99.45808000 72.16512126 2.08518064  
128         84.00768000 72.25764125 2.07089379  
129         91.68976000 72.40827783 2.06029185  
130         78.26704000 72.45334523 2.04487871  
131         79.51920000 72.50728305 2.02992564  
132         98.77936000 72.70631394 2.02429693  
133         67.03344000 72.66366075 2.00947173  
134         92.31472000 72.81031045 1.99980361  
135         67.85776000 72.77362489 1.98527396  
136         96.77744000 72.95012353 1.97851054  
137         82.01024000 73.01625577 1.96512885  
138         53.97184000 72.87825275 1.95571192  
139         47.49952000 72.69567194 1.95015682  
140         74.93616000 72.71167543 1.93624316  
141         86.71184000 72.81096738 1.92502432  
142         69.22864000 72.78573972 1.91158621  
143         91.21680000 72.91462825 1.90254223  
144         84.32896000 72.99389444 1.89094604  
145         67.49056000 72.95594041 1.87824326  
146         82.86432000 73.02380603 1.86656837  
147         60.74448000 72.94027320 1.85570817  
148         75.27440000 72.95604432 1.84319443  
149         82.74464000 73.02173960 1.83196052  
150         95.25728000 73.16997653 1.82573432  
151         96.06848000 73.32162225 1.81993200  
152         81.35248000 73.37445684 1.80869097  
153         86.39856000 73.45958170 1.79884584  
154         92.36288000 73.58233039 1.79133738  
155         98.53184000 73.74329497 1.78700705  
156         90.36544000 73.84984718 1.77870925  
157         81.25840000 73.89703541 1.76797343  
158         99.40848000 74.05850025 1.76415270  
159         94.15328000 74.18488252 1.75757208  
160         69.55744000 74.15596100 1.74679215  
161         89.97424000 74.25421118 1.73868680  
162         69.53552000 74.22508346 1.72816632  
163         94.62192000 74.35021742 1.72208375  
164         88.96560000 74.43933561 1.71386959  
165         11.83296000 74.05990303 1.74519736  
166         93.79184000 74.17877012 1.73872018  
167         95.94784000 74.30912383 1.73318626  
168         99.19248000 74.45723905 1.72919391  
169         99.63456000 74.60621728 1.72537537  
170         94.59520000 74.72379953 1.71922168  
171         93.70848000 74.83482105 1.71274023  
172         85.87760000 74.89902326 1.70396326  
173         35.16960000 74.66937341 1.70957991  
174         54.56800000 74.55384828 1.70364776  
175         79.89088000 74.58434560 1.69415918  
176         26.63072000 74.31188182 1.70639861  
177         38.37632000 74.10885605 1.70883411  
178         99.22064000 74.24993348 1.70505325  
179         91.76784000 74.34779888 1.69832313  
180         66.79040000 74.30581333 1.68938346  
181         73.53056000 74.30153017 1.68002938  
182         99.11248000 74.43785407 1.67632528  
183         40.09632000 74.25019541 1.67766836  
184         99.17936000 74.38568000 1.67401733  
185         93.29712000 74.48790400 1.66807921  
186         58.93856000 74.40430538 1.66119167  
187         80.56944000 74.43727401 1.65261330  
188         94.32208000 74.54304426 1.64719867  
189         99.21424000 74.67357968 1.64365178  
190         96.89056000 74.79051116 1.63915416  
191         99.28640000 74.91876188 1.63558561  
192         97.75264000 75.03768833 1.63138522  
193         96.68576000 75.14985451 1.62678196  
194         95.06176000 75.25249320 1.62162621  
195         88.08544000 75.31830318 1.61463046  
196         75.54464000 75.31945796 1.60637184  
197         73.00976000 75.30773360 1.59823988  
198         43.83440000 75.14877737 1.59807261  
199         54.69280000 75.04598352 1.59334112  
200         50.53456000 74.92342640 1.59008453  
201         96.30128000 75.02978388 1.58572471  
202         96.92912000 75.13819644 1.58157512  
203         90.43200000 75.21353537 1.57556710  
204         78.62992000 75.23028235 1.56791415  
205         75.85808000 75.23334478 1.56025004  
206         46.80112000 75.09532427 1.55878000  
207         71.37360000 75.07734493 1.55133558  
208         46.59248000 74.94039846 1.54992117  
209         64.42896000 74.89010450 1.54330717  
210         83.90640000 74.93303924 1.53654047  
211         92.75344000 75.01749611 1.53157137  
212         71.13632000 74.99918868 1.52443979  
213         95.28752000 75.09443906 1.52025277  
214         80.95920000 75.12184449 1.51338027  
215         74.68800000 75.11982660 1.50632620  
216         82.47232000 75.15386593 1.49972259  
217         87.46864000 75.21061604 1.49387375  
218         71.59024000 75.19400881 1.48709806  
219         64.86672000 75.14685224 1.48104301  
220         77.19584000 75.15616582 1.47432504  
221         97.97248000 75.25940706 1.47126551  
222         65.75152000 75.21657874 1.46524925  
223         91.35584000 75.28895211 1.46045816  
224         72.10384000 75.27473286 1.45399317  
225         91.36560000 75.34624782 1.44928209  
226         91.00496000 75.41553416 1.44451770  
227         73.82560000 75.40853004 1.43815717  
228         30.96336000 75.21359509 1.44504419  
229         96.68720000 75.30736629 1.44177274  
230         52.72016000 75.20916104 1.43884577  
231         83.49376000 75.24502511 1.43305231  
232         95.83728000 75.33378483 1.42962003  
233         60.68544000 75.27091639 1.42485873  
234         70.02144000 75.24848274 1.41893387  
235         69.03056000 75.22202349 1.41313069  
236         86.31808000 75.26904068 1.40791539  
237         82.92912000 75.30136169 1.40233475  
238         90.48336000 75.36515160 1.39788638  
239         80.72208000 75.38756552 1.39220564  
240         63.72144000 75.33895667 1.38724453  
241         94.46880000 75.41833361 1.38375488  
242         90.09376000 75.47897587 1.37935871  
243         43.63920000 75.34794798 1.37990552  
244         73.42544000 75.34006885 1.37426112  
245         49.33840000 75.23393959 1.37274905  
246         80.17504000 75.25402537 1.36730492  
247         78.72944000 75.26809587 1.36183071  
248         90.15616000 75.32812839 1.35765624  
249         84.29024000 75.36412080 1.35267175  
250         98.16528000 75.45532544 1.35033380  
251         90.81952000 75.51653737 1.34633546  
252         65.48160000 75.47671619 1.34157335  
253         74.02128000 75.47096348 1.33627255  
254         67.03776000 75.43776189 1.33141527  
255         89.43568000 75.49265569 1.32731936  
256         80.95488000 75.51399250 1.32229651  
257         71.63264000 75.49888996 1.31722792  
258         81.71904000 75.52299907 1.31233393  
259         97.13536000 75.60644448 1.30991774  
260         98.28256000 75.69366031 1.30778132  
261         93.59248000 75.76223816 1.30456476  
262         77.73568000 75.76977038 1.29959779  
263         42.85920000 75.64463513 1.30068040  
264         69.35456000 75.62080909 1.29596325  
265         89.31168000 75.67247275 1.29209684  
266         95.76080000 75.74799278 1.28944359  
267         99.67440000 75.83760479 1.28772694  
268         83.70128000 75.86694687 1.28324850  
269         24.58784000 75.67631822 1.29260306  
270         36.62352000 75.53167822 1.29590390  
271         90.76560000 75.58789196 1.29233628  
272         99.60368000 75.67618529 1.29060001  
273         52.97280000 75.59302271 1.28855029  
274         96.96736000 75.67103124 1.28620673  
275         83.34896000 75.69895098 1.28182518  
276         89.47792000 75.74887478 1.27814781  
277         58.27616000 75.68579639 1.27508639  
278         81.44096000 75.70649842 1.27066013  
279         99.63728000 75.79227183 1.26899969  
280         55.38464000 75.71938743 1.26655824  
281         29.71072000 75.55565552 1.27261948  
282         95.13184000 75.62507461 1.26999728  
283         98.25904000 75.70505329 1.26802648  
284         99.05904000 75.78728563 1.26622673  
285         85.08384000 75.81990512 1.26219758  
286         82.22704000 75.84230769 1.25797605  
287         99.04064000 75.92313812 1.25618844  
288         85.36576000 75.95592500 1.25224837  
289         99.89872000 76.03877204 1.25065484  
290         92.78304000 76.09651090 1.24767149  
291         19.07696000 75.90056742 1.25872123  
292         95.22528000 75.96674795 1.25614771  
293         97.16080000 76.03908259 1.25394126  
294         90.59376000 76.08858830 1.25064908  
295         65.68528000 76.05332285 1.24690118  
296         16.06816000 75.85067027 1.25909708  
297         53.72784000 75.77618263 1.25705938  
298         97.55760000 75.84927463 1.25496429  
299         99.27456000 75.92762007 1.25321135  
300         87.84176000 75.96733387 1.24965820  
301         86.65424000 76.00283854 1.24600554  
302         82.52304000 76.02442861 1.24206050  
303         63.79936000 75.98408185 1.23861181  
304         99.95328000 76.06292789 1.23704598  
305         69.82144000 76.04246400 1.23315323  
306         62.46624000 75.99809725 1.22991719  
307         12.88496000 75.79251700 1.24302246  
308         60.23024000 75.74199013 1.24000994  
309         98.30528000 75.81501049 1.23814553  
310         37.11040000 75.69015690 1.24044445  
311         99.48416000 75.76666495 1.23881424  
312         86.87568000 75.80227077 1.23535053  
313         98.04608000 75.87333725 1.23344639  
314         85.85840000 75.90513682 1.22992310  
315         90.94960000 75.95289702 1.22694227  
316         91.78928000 76.00301215 1.22407970  
317         99.56080000 76.07732694 1.22247304  
318         62.53296000 76.03473459 1.21936683  
319         99.17488000 76.10727423 1.21770090  
320         55.16752000 76.04183750 1.21565208  
321         89.43200000 76.08355140 1.21257679  
322         83.93120000 76.10792298 1.20905082  
323         90.48144000 76.15242303 1.20612302  
324         63.35952000 76.11293877 1.20304277  
325         51.15360000 76.03614080 1.20179170  
326         91.17136000 76.08256785 1.19899876  
327         97.98032000 76.14953346 1.19720080  
328         61.92080000 76.10615317 1.19433330  
329         73.20880000 76.09734663 1.19073014  
330         93.35984000 76.14965721 1.18826837  
331         71.54832000 76.13575589 1.18475455  
332         98.50304000 76.20312723 1.18310040  
333         99.84576000 76.27412613 1.18167704  
334         47.14576000 76.18691545 1.18135723  
335         96.83504000 76.24855164 1.17943713  
336         92.32496000 76.29639810 1.17689466  
337         99.90656000 76.36645792 1.17548686  
338         95.25440000 76.42233941 1.17333539  
339         85.64112000 76.44953345 1.17018513  
340         79.51968000 76.45856329 1.16677328  
341         29.00512000 76.31940364 1.17164021  
342         52.31104000 76.24920374 1.17031666  
343         59.49440000 76.20035592 1.16792163  
344         81.71744000 76.21639395 1.16463200  
345         98.57856000 76.28121183 1.16305892  
346         97.81760000 76.34345572 1.16136180  
347         81.30688000 76.35775954 1.15809844  
348         98.31440000 76.42085333 1.15648814  
349         84.71344000 76.44461433 1.15341443  
350         83.23024000 76.46400183 1.15027764  
351         99.29264000 76.52904068 1.14883830  
352         66.40880000 76.50029000 1.14593063  
353         62.02160000 76.45927388 1.14341565  
354         79.16736000 76.46692384 1.14020675  
355         76.14784000 76.46602501 1.13699072  
356         55.00912000 76.40575281 1.13539333  
357         96.90736000 76.46318028 1.13366396  
358         94.72848000 76.51420067 1.13164358  
359         93.19312000 76.56066006 1.12944292  
360         98.77520000 76.62236711 1.12799033  
361         95.89872000 76.67576421 1.12612803  
362         58.45040000 76.62541790 1.12414085  
363         81.51824000 76.63889675 1.12112080  
364         68.28864000 76.61595648 1.11827188  
365         45.25440000 76.53003441 1.11850899  
366         27.16032000 76.39514448 1.12357521  
367         91.54128000 76.43641460 1.12126928  
368         99.51216000 76.49912043 1.11997498  
369         67.13216000 76.47373572 1.11722412  
370         24.15632000 76.33233730 1.12313680  
371         55.43648000 76.27601423 1.12152056  
372         83.97408000 76.29670796 1.11869307  
373         69.01456000 76.27718477 1.11586066  
374         98.99904000 76.33793840 1.11453017  
375         85.46688000 76.36228224 1.11182066  
376         99.93792000 76.42498340 1.11063107  
377         74.81136000 76.42070324 1.10768945  
378         70.74752000 76.40569481 1.10485711  
379         77.05136000 76.40739842 1.10193938  
380         94.64304000 76.45538695 1.10008290  
381         69.11664000 76.43612514 1.09736081  
382         96.15984000 76.48775791 1.09570159  
383         57.97168000 76.43941305 1.09390582  
384         83.17472000 76.45695292 1.09119437  
385         99.86736000 76.51775917 1.09005370  
386         59.75744000 76.47433865 1.08809275  
387         54.23888000 76.41688269 1.08679733  
388         57.74336000 76.36875505 1.08506056  
389         99.32464000 76.42776761 1.08387530  
390         80.52640000 76.43827692 1.08114364  
391         94.51472000 76.48450824 1.07936556  
392         86.33776000 76.50964408 1.07690194  
393         97.43360000 76.56288570 1.07547691  
394         99.08032000 76.62003655 1.07426509  
395         97.54544000 76.67301225 1.07285071  
396         93.98112000 76.71671960 1.07103025  
397         86.38672000 76.74107728 1.06860668  
398         66.76240000 76.71600523 1.06621318  
399         89.30272000 76.74755088 1.06400535  
400         26.52480000 76.62199400 1.06874289  
401         99.56960000 76.67921995 1.06760918  
402         86.96464000 76.70480557 1.06525743  
403         85.10048000 76.72563851 1.06281502  
404         97.98464000 76.77825980 1.06148614  
405         81.00720000 76.78870163 1.05891342  
406         45.06400000 76.71056197 1.05918828  
407         60.34080000 76.67034143 1.05734790  
408         89.34960000 76.70141804 1.05521089  
409         89.81184000 76.73347286 1.05311570  
410         56.86080000 76.68500293 1.05166155  
411         98.78416000 76.73877217 1.05047665  
412         92.91232000 76.77802835 1.04865887  
413         99.47536000 76.83298557 1.04755925  
414         48.94832000 76.76563130 1.04719416  
415         92.12544000 76.80264289 1.04532319  
416         48.26544000 76.73404385 1.04506126  
417         30.92400000 76.62418763 1.04832404  
418         72.89328000 76.61526201 1.04585116  
419         99.57408000 76.67005632 1.04478995  
420         97.04800000 76.71857524 1.04342805  
421         98.93328000 76.77134176 1.04228319  
422         96.41344000 76.81788701 1.04085162  
423         71.88928000 76.80623546 1.03845343  
424         61.06272000 76.76910453 1.03666654  
425         90.98256000 76.80254795 1.03476503  
426         99.15696000 76.85502310 1.03366599  
427         94.46784000 76.89627091 1.03206697  
428         98.15664000 76.94594467 1.03085029  
429         96.84224000 76.99232298 1.02948977  
430         94.84976000 77.03385191 1.02793205  
431         94.29808000 77.07390812 1.02632625  
432         98.82384000 77.12425519 1.02518477  
433         56.81728000 77.07735686 1.02388903  
434         71.22464000 77.06387134 1.02161612  
435         79.69744000 77.06992552 1.01928285  
436         79.75568000 77.07608550 1.01696102  
437         88.91664000 77.10318059 1.01499292  
438         83.77456000 77.11841205 1.01278747  
439         82.04528000 77.12963499 1.01054013  
440         96.07824000 77.17270000 1.00916013  
441         95.49904000 77.21425633 1.00772639  
442         92.06672000 77.24785919 1.00600525  
443         85.31648000 77.26607278 1.00389702  
444         34.60544000 77.16999027 1.00623129  
445         89.89232000 77.19857978 1.00437453  
446         58.68128000 77.15706117 1.00297974  
447         68.85152000 77.13848054 1.00090590  
448         95.71760000 77.17995179 0.99952994  
449         79.29216000 77.18465604 0.99731243  
450         67.34768000 77.16279609 0.99533379  
451         60.05776000 77.12486918 0.99384833  
452         99.22432000 77.17376177 0.99285169  
453         99.42816000 77.22288848 0.99187489  
454         99.05648000 77.27098009 0.99085550  
455         58.95392000 77.23072281 0.98949466  
456         42.88240000 77.15539754 0.99019154  
457         79.20560000 77.15988376 0.98803262  
458         66.42976000 77.13645555 0.98615132  
459         67.00272000 77.11437769 0.98424815  
460         45.27984000 77.04517217 0.98454146  
461         68.36064000 77.02633371 0.98258408  
462         78.51856000 77.02956364 0.98046029  
463         93.22800000 77.06454946 0.97896572  
464         99.69664000 77.11332552 0.97807058  
465         92.52448000 77.14646778 0.97652751  
466         54.59136000 77.09806627 0.97563105  
467         84.48000000 77.11387340 0.97366799  
468         83.54400000 77.12761299 0.97168242  
469         99.32672000 77.17494584 0.97076301  
470         85.23456000 77.19209396 0.96884712  
471         46.30832000 77.12652331 0.96900899  
472         75.84272000 77.12380339 0.96695765  
473         60.23824000 77.08810452 0.96557132  
474         93.24544000 77.12219173 0.96413487  
475         55.71808000 77.07713044 0.96315764  
476         50.70016000 77.02171664 0.96272818  
477         81.68784000 77.03149887 0.96075757  
478         98.83888000 77.07712100 0.95983036  
479         90.37216000 77.10487683 0.95822651  
480         80.10960000 77.11113667 0.95624861  
481         67.58736000 77.09133672 0.95446389  
482         62.85376000 77.06179817 0.95293954  
483         70.02304000 77.04722518 0.95107619  
484         99.66208000 77.09395008 0.95025856  
485         97.25648000 77.13552231 0.94920804  
486         65.85248000 77.11230617 0.94753738  
487         86.88976000 77.13238308 0.94580284  
488         98.56768000 77.17630787 0.94488424  
489         96.56464000 77.21595681 0.94378319  
490         98.10720000 77.25859200 0.94281963  
491         90.33408000 77.28522232 0.94127425  
492         99.69968000 77.33078016 0.94046325  
493         88.40432000 77.35324170 0.93882241  
494         89.34192000 77.37751028 0.93723429  
495         60.80112000 77.34402263 0.93593825  
496         99.66528000 77.38902516 0.93513286  
497         92.04368000 77.41851139 0.93371510  
498         76.45920000 77.41658506 0.93184028  
499         38.87472000 77.33934685 0.93317296  
500         80.33840000 77.34534496 0.93132406  
501         48.97712000 77.28872176 0.93118643  
502         71.46880000 77.27712829 0.92940193  
503         80.72352000 77.28397996 0.92757768  
504         89.29328000 77.30780794 0.92604203  
505         57.69152000 77.26896380 0.92502241  
506         72.74736000 77.26002783 0.92323574  
507         97.88480000 77.30070785 0.92231053  
508         95.68768000 77.33690268 0.92120450  
509         59.74224000 77.30233556 0.92004248  
510         91.50304000 77.33018008 0.91865878  
511         99.65744000 77.37387335 0.91789977  
512         99.47280000 77.41703531 0.91712146  
513         68.42016000 77.39949754 0.91549995  
514         71.45248000 77.38792747 0.91379034  
515         78.61984000 77.39031953 0.91201740  
516         74.34240000 77.38441271 0.91026737  
517         99.06240000 77.42634306 0.90947209  
518         70.67600000 77.41331151 0.90780819  
519         46.12864000 77.35303276 0.90806027  
520         94.98416000 77.38693877 0.90694633  
521         91.95072000 77.41489228 0.90563538  
522         63.53920000 77.38831050 0.90428956  
523         79.00928000 77.39140987 0.90256418  
524         75.67712000 77.38813832 0.90084602  
525         78.92720000 77.39106987 0.89913327  
526         98.85984000 77.43188502 0.89834993  
527         71.38944000 77.42041928 0.89671696  
528         94.80704000 77.45334848 0.89562258  
529         94.73504000 77.48601709 0.89452467  
530         93.31360000 77.51588045 0.89333458  
531         74.59872000 77.51038674 0.89166756  
532         62.90240000 77.48292812 0.89041340  
533         42.18448000 77.41670214 0.89120531  
534         69.95600000 77.40273079 0.88964453  
535         69.43840000 77.38784419 0.88810486  
536         90.11488000 77.41158866 0.88676436  
537         93.61248000 77.44175791 0.88562550  
538         97.68080000 77.47937695 0.88477793  
539         37.51904000 77.40523904 0.88624131  
540         33.76704000 77.32442756 0.88828215  
541         99.61136000 77.36562336 0.88759523  
542         98.38448000 77.40440354 0.88680442  
543         71.34048000 77.39323610 0.88524020  
544         74.23120000 77.38742353 0.88363054  
545         90.85024000 77.41212594 0.88235356  
546         92.66736000 77.44006593 0.88117911  
547         69.04304000 77.42471488 0.87970066  
548         97.08880000 77.46059825 0.87882678  
549         88.56960000 77.48083322 0.87745789  
550         75.66032000 77.47752320 0.87586731  
551         87.61552000 77.49592247 0.87446986  
552         88.66176000 77.51615043 0.87311858  
553         85.65104000 77.53086090 0.87166242  
554         96.42144000 77.56495942 0.87075550  
555         34.55552000 77.48746494 0.87263292  
556         92.38064000 77.51425122 0.87147379  
557         76.15680000 77.51181415 0.86991121  
558         91.27264000 77.53647513 0.86870094  
559         59.42592000 77.50407699 0.86775054  
560         61.93520000 77.47627543 0.86664564  
561         99.77840000 77.51602966 0.86601238  
562         64.66560000 77.49316413 0.86477240  
563         59.08240000 77.46046295 0.86385420  
564         95.44000000 77.49234156 0.86291024  
565         96.37888000 77.52576906 0.86202997  
566         91.12096000 77.54978883 0.86084078  
567         69.51872000 77.53562469 0.85943792  
568         79.01392000 77.53822732 0.85792744  
569         79.20272000 77.54115262 0.85642333  
570         96.46512000 77.57435256 0.85556391  
571         76.20720000 77.57195825 0.85406759  
572         70.90016000 77.56029427 0.85265294  
573         99.75648000 77.59903106 0.85204460  
574         87.87248000 77.61692906 0.85074720  
575         56.69456000 77.58054233 0.85004548  
576         54.59584000 77.54063833 0.84950615  
577         63.76112000 77.51675702 0.84836878  
578         48.46096000 77.46648747 0.84839036  
579         39.82064000 77.40146874 0.84941592  
580         9.18032000  77.28384607 0.85606924  
581         87.37280000 77.30121088 0.85477093  
582         55.09840000 77.26306172 0.85415334  
583         96.83904000 77.29663973 0.85334786  
584         63.49088000 77.27299973 0.85221334  
585         68.29472000 77.25765224 0.85089374  
586         73.71968000 77.25161474 0.84946192  
587         64.61664000 77.23009009 0.84828669  
588         55.96848000 77.19393088 0.84761442  
589         89.53552000 77.21488435 0.84643352  
590         59.29904000 77.18451851 0.84554310  
591         63.41632000 77.16122206 0.84443261  
592         71.56480000 77.15176865 0.84305800  
593         99.36096000 77.18922091 0.84246800  
594         88.44976000 77.20817805 0.84126213  
595         81.24000000 77.21495422 0.83987439  
596         76.16448000 77.21319168 0.83846587  
597         45.93312000 77.16079625 0.83869846  
598         89.21008000 77.18094555 0.83753719  
599         99.17552000 77.21766437 0.83694366  
600         64.56176000 77.19657120 0.83581379  
601         58.09776000 77.16479281 0.83502684  
602         24.92592000 77.07801728 0.83814277  
603         88.56272000 77.09706322 0.83696839  
604         77.72144000 77.09809695 0.83558217  
605         75.33280000 77.09517911 0.83420500  
606         85.80128000 77.10954561 0.83295119  
607         93.34032000 77.13628494 0.83200761  
608         92.07632000 77.16085737 0.83100143  
609         38.67504000 77.09766227 0.83203914  
610         69.37728000 77.08500590 0.83077043  
611         41.61296000 77.02695018 0.83143899  
612         98.06944000 77.06133333 0.83079112  
613         99.70336000 77.09826976 0.83025674  
614         97.31584000 77.13119739 0.82955719  
615         87.97136000 77.14882367 0.82839476  
616         74.26192000 77.14413714 0.82706215  
617         93.07696000 77.16996019 0.82612429  
618         77.06384000 77.16978848 0.82478645  
619         19.23456000 77.07619360 0.82875492  
620         27.18640000 76.99572619 0.83132071  
621         70.29648000 76.98493836 0.83005106  
622         75.19600000 76.98206225 0.82872049  
623         77.47424000 76.98285226 0.82738959  
624         77.26912000 76.98331103 0.82606271  
625         71.26448000 76.97416090 0.82479070  
626         85.03248000 76.98703361 0.82357270  
627         78.08176000 76.98877959 0.82225999  
628         73.70480000 76.98355032 0.82096627  
629         74.77920000 76.98004579 0.81966753  
630         70.66672000 76.97002463 0.81842679  
631         92.91552000 76.99529483 0.81751939  
632         81.96448000 77.00315747 0.81626269  
633         99.38048000 77.03850869 0.81573851  
634         94.60912000 77.06622259 0.81492222  
635         97.27344000 77.09804498 0.81425994  
636         96.10672000 77.12793283 0.81352785  
637         70.30128000 77.11721595 0.81232042  
638         99.20256000 77.15183248 0.81178459  
639         63.42096000 77.13034441 0.81079799  
640         31.15200000 77.05850325 0.81271162  
641         97.73520000 77.09076019 0.81208365  
642         97.39616000 77.12238854 0.81143438  
643         89.96032000 77.14235421 0.81041742  
644         97.83152000 77.17448025 0.80979553  
645         95.39632000 77.20273116 0.80903246  
646         53.84864000 77.16657932 0.80858769  
647         80.78752000 77.17217583 0.80735638  
648         98.71104000 77.20541481 0.80679449  
649         83.13728000 77.21455482 0.80560224  
650         95.61696000 77.24286622 0.80485999  
651         97.96912000 77.27470378 0.80425311  
652         40.45264000 77.21822822 0.80500213  
653         52.37680000 77.18018622 0.80466816  
654         44.03072000 77.12949896 0.80503413  
655         99.31744000 77.16337368 0.80451761  
656         89.69728000 77.18248024 0.80351747  
657         15.48176000 77.08856743 0.80777133  
658         80.66448000 77.09400195 0.80656109  
659         97.34496000 77.12473178 0.80592232  
660         71.77584000 77.11662739 0.80474111  
661         94.47984000 77.14289549 0.80395198  
662         51.55376000 77.10424121 0.80366676  
663         99.01072000 77.13728265 0.80313363  
664         68.04064000 77.12358289 0.80204020  
665         98.45888000 77.15566605 0.80147562  
666         99.54112000 77.18927784 0.80097684  
667         83.61968000 77.19891862 0.79983318  
668         75.81344000 77.19684455 0.79863762  
669         94.83232000 77.22320550 0.79787853  
670         71.64192000 77.21487522 0.79673033  
671         82.16416000 77.22225121 0.79557626  
672         89.84368000 77.24103310 0.79461348  
673         80.27040000 77.24553438 0.79344467  
674         41.15616000 77.19198932 0.79407393  
675         95.88912000 77.21968877 0.79338034  
676         94.11440000 77.24468095 0.79259995  
677         51.10704000 77.20607291 0.79236947  
678         73.39888000 77.20045758 0.79121985  
679         97.09744000 77.22976094 0.79059697  
680         74.82608000 77.22622612 0.78944138  
681         46.33840000 77.18086954 0.78958509  
682         84.02304000 77.19090205 0.78849032  
683         82.57552000 77.19878583 0.78737449  
684         77.50608000 77.19923509 0.78622264  
685         29.31632000 77.12933302 0.78817989  
686         97.19552000 77.15858402 0.78757349  
687         85.96144000 77.17139750 0.78653064  
688         97.01760000 77.20024372 0.78591616  
689         78.73984000 77.20247826 0.78477785  
690         66.59568000 77.18710609 0.78379042  
691         99.61632000 77.21956515 0.78332811  
692         78.12304000 77.22087075 0.78219641  
693         63.48480000 77.20104958 0.78131834  
694         50.42000000 77.16246017 0.78114547  
695         92.85536000 77.18503988 0.78034746  
696         98.75824000 77.21603586 0.77984170  
697         99.78624000 77.24841779 0.77939502  
698         97.51056000 77.27744665 0.77881879  
699         36.68784000 77.21937854 0.77986865  
700         88.94960000 77.23613600 0.77893403  
701         91.93648000 77.25710653 0.77810470  
702         76.18736000 77.25558268 0.77699699  
703         80.79472000 77.26061701 0.77590728  
704         98.39680000 77.29064000 0.77538582  
705         97.94672000 77.31993940 0.77483935  
706         99.09200000 77.35077802 0.77435538  
707         92.81920000 77.37265697 0.77356880  
708         91.99904000 77.39331571 0.77275161  
709         97.80288000 77.42210212 0.77219767  
710         82.48624000 77.42923470 0.77114229  
711         29.01936000 77.36114768 0.77306114  
712         86.54416000 77.37404517 0.77208235  
713         99.78688000 77.40547972 0.77163927  
714         81.94256000 77.41183417 0.77058399  
715         65.08832000 77.39459849 0.76969849  
716         91.84864000 77.41478570 0.76888780  
717         95.56176000 77.44009529 0.76823171  
718         83.92064000 77.44912111 0.76721410  
719         77.63200000 77.44937547 0.76614634  
720         98.61888000 77.47877756 0.76564626  
721         58.21872000 77.45206458 0.76505011  
722         94.42528000 77.47557319 0.76435135  
723         74.85712000 77.47195154 0.76330201  
724         58.69440000 77.44601569 0.76268811  
725         65.61552000 77.42969777 0.76181019  
726         97.47664000 77.45731063 0.76126110  
727         94.08080000 77.48017651 0.76055706  
728         99.69264000 77.51068813 0.76012424  
729         98.01200000 77.53881064 0.75960159  
730         98.24048000 77.56716910 0.75909022  
731         91.45712000 77.58617040 0.75828919  
732         96.32944000 77.61177596 0.75768536  
733         92.11248000 77.63155864 0.75690954  
734         99.40304000 77.66122005 0.75645937  
735         89.59872000 77.67746155 0.75560405  
736         72.23440000 77.67006609 0.75461295  
737         56.94192000 77.64194106 0.75411301  
738         99.38432000 77.67140228 0.75366653  
739         87.05856000 77.68410479 0.75275318  
740         98.89168000 77.71276368 0.75228135  
741         62.41968000 77.69212524 0.75154887  
742         88.39696000 77.70655224 0.75067396  
743         82.18768000 77.71258336 0.74968721  
744         98.12464000 77.74001892 0.74918141  
745         97.89712000 77.76707544 0.74866419  
746         99.84768000 77.79667410 0.74824560  
747         99.57680000 77.82583090 0.74781188  
748         90.43648000 77.84269005 0.74700174  
749         99.97648000 77.87224117 0.74658881  
750         41.20992000 77.82335808 0.74719343  
751         93.49280000 77.84422285 0.74648948  
752         58.66720000 77.81872149 0.74593218  
753         77.64960000 77.81849689 0.74494095  
754         70.25328000 77.80846345 0.74401996  
755         94.52080000 77.83059899 0.74336349  
756         48.28848000 77.79152212 0.74340730  
757         41.26224000 77.74326679 0.74399118  
758         99.74528000 77.77229319 0.74357577  
759         94.03568000 77.79372058 0.74290452  
760         99.09888000 77.82175368 0.74245578  
761         74.58400000 77.81749908 0.74149172  
762         98.26368000 77.84433134 0.74100396  
763         92.72624000 77.86383581 0.74028914  
764         76.24016000 77.86171058 0.73932259  
765         55.90944000 77.83301480 0.73891294  
766         91.01888000 77.85022872 0.73814841  
767         98.37568000 77.87698941 0.73767096  
768         50.08608000 77.84080333 0.73759799  
769         99.70256000 77.86923215 0.73718657  
770         88.66016000 77.88324634 0.73636193  
771         79.91536000 77.88588202 0.73541096  
772         69.13616000 77.87454819 0.73454518  
773         98.81360000 77.90163622 0.73409426  
774         75.63440000 77.89870698 0.73315106  
775         95.72592000 77.92170983 0.73256568  
776         28.87616000 77.85850680 0.73434595  
777         79.98352000 77.86124170 0.73340534  
778         66.30512000 77.84638807 0.73261264  
779         73.70992000 77.84107810 0.73169085  
780         79.09952000 77.84269149 0.73075397  
781         99.42608000 77.87032707 0.73034075  
782         99.75552000 77.89831325 0.72994291  
783         54.31792000 77.86819780 0.72963184  
784         82.48896000 77.87409163 0.72872443  
785         92.36496000 77.89255134 0.72802959  
786         89.75648000 77.90764539 0.72725941  
787         64.86080000 77.89106745 0.72652389  
788         89.79488000 77.90617381 0.72575856  
789         82.70720000 77.91225876 0.72486367  
790         98.97104000 77.93891544 0.72443614  
791         86.84432000 77.95017386 0.72360730  
792         95.94688000 77.97289697 0.72305022  
793         55.99552000 77.94518275 0.72266947  
794         97.97056000 77.97040363 0.72219925  
795         99.43648000 77.99740498 0.72179547  
796         99.93040000 78.02495899 0.72141452  
797         90.78464000 78.04096863 0.72068663  
798         40.52032000 77.99395028 0.72131700  
799         91.31664000 78.01062448 0.72060660  
800         80.92304000 78.01426500 0.71971449  
801         84.33504000 78.02215610 0.71885872  
802         63.46880000 78.00400978 0.71819111  
803         84.17408000 78.01169355 0.71733732  
804         34.35536000 77.95739463 0.71849925  
805         88.51920000 77.97051488 0.71772608  
806         59.70912000 77.94785806 0.71719302  
807         92.34304000 77.96569596 0.71652582  
808         67.62592000 77.95289921 0.71575289  
809         78.10336000 77.95308519 0.71486763  
810         19.67024000 77.88113106 0.71760108  
811         91.32496000 77.89770792 0.71690737  
812         73.90128000 77.89278621 0.71604085  
813         21.43824000 77.82334642 0.71852285  
814         99.57984000 77.85007430 0.71813716  
815         95.03248000 77.87115701 0.71756525  
816         29.41040000 77.81176882 0.71914174  
817         86.41536000 77.82229953 0.71833817  
818         77.49696000 77.82190181 0.71745958  
819         29.79440000 77.76326017 0.71897849  
820         85.08784000 77.77219259 0.71815671  
821         59.35424000 77.74975903 0.71763217  
822         97.81072000 77.77416409 0.71717397  
823         98.28368000 77.79908452 0.71673539  
824         99.91536000 77.82592466 0.71636802  
825         91.47792000 77.84247253 0.71569050  
826         98.94832000 77.86802441 0.71528006  
827         87.72320000 77.87994119 0.71451401  
828         76.52144000 77.87830048 0.71365244  
829         99.19488000 77.90401409 0.71325471  
830         91.60912000 77.92052627 0.71258619  
831         94.45728000 77.94042609 0.71200631  
832         65.25168000 77.92517519 0.71131353  
833         44.69968000 77.88528864 0.71157787  
834         99.32688000 77.91099799 0.71118899  
835         96.97552000 77.93382975 0.71070360  
836         99.70816000 77.95987560 0.71033064  
837         89.68368000 77.97388253 0.70961972  
838         78.66048000 77.97470186 0.70877289  
839         99.65376000 78.00054103 0.70839900  
840         98.57072000 78.02502933 0.70797881  
841         97.45840000 78.04813679 0.70751392  
842         63.68896000 78.03108314 0.70687889  
843         84.11232000 78.03829694 0.70607672  
844         75.78480000 78.03562692 0.70524469  
845         67.52016000 78.02318258 0.70451950  
846         98.19408000 78.04702525 0.70409005  
847         92.75536000 78.06439046 0.70347265  
848         66.69232000 78.05098000 0.70277055  
849         82.16720000 78.05582832 0.70195905  
850         82.70800000 78.06130146 0.70115409  
851         96.48800000 78.08295445 0.70066434  
852         80.91296000 78.08627606 0.69984937  
853         96.87936000 78.10830781 0.69937554  
854         80.41664000 78.11101077 0.69856134  
855         66.57568000 78.09751916 0.69787426  
856         56.18880000 78.07192486 0.69752823  
857         86.80288000 78.08211267 0.69678832  
858         82.73168000 78.08753175 0.69599684  
859         95.48656000 78.10778673 0.69548114  
860         88.19632000 78.11951758 0.69477101  
861         62.01168000 78.10080929 0.69421573  
862         14.77392000 78.02734422 0.69729077  
863         94.77808000 78.04675411 0.69675273  
864         80.33008000 78.04939685 0.69595085  
865         92.33104000 78.06590742 0.69534186  
866         95.98656000 78.08660102 0.69484668  
867         79.65728000 78.08841264 0.69404714  
868         44.40432000 78.04960608 0.69433239  
869         91.87920000 78.06552046 0.69371550  
870         96.78656000 78.08703890 0.69325171  
871         52.21472000 78.05733474 0.69309214  
872         46.06992000 78.02065193 0.69326803  
873         53.06448000 77.99206525 0.69306326  
874         96.18320000 78.01287890 0.69258265  
875         60.15472000 77.99246958 0.69209167  
876         82.43328000 77.99753900 0.69131974  
877         93.25152000 78.01493236 0.69075003  
878         84.49216000 78.02230961 0.69000229  
879         79.47376000 78.02396086 0.68921884  
880         99.61728000 78.04849873 0.68887235  
881         80.26064000 78.05100967 0.68809457  
882         38.93888000 78.00666485 0.68874303  
883         47.16448000 77.97173599 0.68884871  
884         63.48144000 77.95534425 0.68826425  
885         38.15040000 77.91036692 0.68895581  
886         56.43936000 77.88613327 0.68860432  
887         12.77712000 77.81272965 0.69173321  
888         99.73008000 77.83741135 0.69139448  
889         72.28576000 77.83116652 0.69064456  
890         95.52208000 77.85104396 0.69015442  
891         79.58768000 77.85299304 0.68938216  
892         95.48720000 77.87276233 0.68889260  
893         89.22544000 77.88547530 0.68823815  
894         95.78624000 77.90549852 0.68775942  
895         98.21072000 77.92818592 0.68736506  
896         96.66992000 77.94910304 0.68691602  
897         88.20832000 77.96054029 0.68624512  
898         58.75168000 77.93914958 0.68581417  
899         85.82576000 77.94792222 0.68510705  
900         16.16000000 77.87926898 0.68778041  
901         12.39696000 77.80659161 0.69085010  
902         67.56224000 77.79523424 0.69017722  
903         97.87824000 77.81747455 0.68977112  
904         60.85776000 77.79871381 0.68926304  
905         92.37632000 77.81482166 0.68868940  
906         25.74816000 77.75735294 0.69032510  
907         98.01392000 77.77968653 0.68992515  
908         75.97344000 77.77769727 0.68916777  
909         61.70224000 77.76001250 0.68863631  
910         79.34192000 77.76175086 0.68788135  
911         88.85984000 77.77393317 0.68723383  
912         83.02912000 77.77969544 0.68650406  
913         66.18912000 77.76700039 0.68586922  
914         93.73168000 77.78446722 0.68534103  
915         39.12448000 77.74221587 0.68589420  
916         67.64528000 77.73119301 0.68523366  
917         82.18000000 77.73604449 0.68450319  
918         58.47360000 77.71506144 0.68407902  
919         91.14704000 77.72967730 0.68349054  
920         98.45088000 77.75220035 0.68311861  
921         68.27104000 77.74190593 0.68245414  
922         74.83040000 77.73874811 0.68172086  
923         98.31696000 77.76104303 0.68134673  
924         95.23248000 77.77995152 0.68087155  
925         89.71872000 77.79285829 0.68025753  
926         95.90400000 77.81241676 0.67980393  
927         78.71600000 77.81339150 0.67907089  
928         98.38544000 77.83555966 0.67870087  
929         79.05024000 77.83686717 0.67797117  
930         75.59696000 77.83445867 0.67724606  
931         63.49248000 77.81905375 0.67669360  
932         92.29840000 77.83458953 0.67614565  
933         92.75664000 77.85058315 0.67560989  
934         52.41648000 77.82335178 0.67543531  
935         64.45904000 77.80905840 0.67486392  
936         40.49056000 77.76918821 0.67532050  
937         97.23168000 77.78995927 0.67491908  
938         98.79408000 77.81235173 0.67457093  
939         76.21040000 77.81064571 0.67385432  
940         59.02352000 77.79065940 0.67343371  
941         83.57792000 77.79680952 0.67274579  
942         85.62096000 77.80511541 0.67208257  
943         96.18352000 77.82460471 0.67165230  
944         91.51040000 77.83910237 0.67109704  
945         99.71360000 77.86224999 0.67078602  
946         83.90752000 77.86864034 0.67010704  
947         81.16512000 77.87212131 0.66940811  
948         78.78448000 77.87308371 0.66870230  
949         99.52848000 77.89590289 0.66838693  
950         74.31088000 77.89212918 0.66769366  
951         98.84336000 77.91415992 0.66735493  
952         98.95296000 77.93625950 0.66701976  
953         64.52032000 77.92218191 0.66646817  
954         86.08096000 77.93073409 0.66582413  
955         71.54416000 77.92404658 0.66516019  
956         51.48016000 77.89638561 0.66503955  
957         67.31440000 77.88532815 0.66443628  
958         81.47184000 77.88907190 0.66375291  
959         95.21216000 77.90713560 0.66330642  
960         81.26048000 77.91062867 0.66262433  
961         79.60192000 77.91238860 0.66193679  
962         85.70128000 77.92048516 0.66129792  
963         88.60736000 77.93158264 0.66070406  
964         22.73568000 77.87432548 0.66249722  
965         94.66656000 77.89172676 0.66203907  
966         96.18800000 77.91066700 0.66162453  
967         93.12560000 77.92640116 0.66112723  
968         80.91008000 77.92948347 0.66045109  
969         93.61040000 77.94566605 0.65996758  
970         84.47008000 77.95239225 0.65932116  
971         66.62928000 77.94073096 0.65874503  
972         99.13936000 77.96254025 0.65842825  
973         97.70816000 77.98283379 0.65806419  
974         69.73456000 77.97436534 0.65744275  
975         95.47792000 77.99231770 0.65701342  
976         76.63200000 77.99092393 0.65634138  
977         73.50272000 77.98633007 0.65568534  
978         68.21968000 77.97634372 0.65509068  
979         84.09008000 77.98258860 0.65445100  
980         77.95152000 77.98255690 0.65378285  
981         84.02272000 77.98871405 0.65314508  
982         98.73632000 78.00984196 0.65282161  
983         65.07552000 77.99668395 0.65228989  
984         97.01472000 78.01601122 0.65191321  
985         98.07600000 78.03637669 0.65156939  
986         62.22576000 78.02034158 0.65110571  
987         86.65888000 78.02909390 0.65050458  
988         99.67920000 78.05100696 0.65021519  
989         89.12704000 78.06220619 0.64965395  
990         96.82192000 78.08115539 0.64927398  
991         95.23232000 78.09846232 0.64884934  
992         71.29504000 78.09160403 0.64823120  
993         97.34032000 78.11098844 0.64786813  
994         75.05760000 78.10791662 0.64722332  
995         43.56896000 78.07320410 0.64750365  
996         70.51632000 78.06561687 0.64689771  
997         32.38912000 78.01980293 0.64787043  
998         77.59056000 78.01937283 0.64722108  
999         77.86976000 78.01922306 0.64657290  
1000        93.34448000 78.03454832 0.64610779  
1001        43.02784000 77.99957658 0.64640871  
1002        94.58032000 78.01612423 0.64597525  
1003        95.91872000 78.03397328 0.64557768  
1004        98.15168000 78.05401084 0.64524555  
1005        92.54480000 78.06842953 0.64476444  
1006        83.77520000 78.07410227 0.64414818  
1007        95.35664000 78.09126467 0.64373701  
1008        98.83904000 78.11184778 0.64342737  
1009        90.87440000 78.12449649 0.64291381  
1010        96.86816000 78.14305457 0.64254500  
1011        55.94560000 78.12109864 0.64228451  
1012        77.54336000 78.12052775 0.64164978  
1013        98.68608000 78.14082938 0.64133746  
1014        98.00112000 78.16041546 0.64100396  
1015        87.02944000 78.16915342 0.64043174  
1016        75.15136000 78.16618315 0.63980797  
1017        70.14656000 78.15829758 0.63922719  
1018        67.81936000 78.14814145 0.63867971  
1019        96.95392000 78.16659658 0.63831948  
1020        75.95488000 78.16442824 0.63769705  
1021        75.08336000 78.16141054 0.63707931  
1022        95.77376000 78.17864376 0.63668891  
1023        56.22048000 78.15717928 0.63642830  
1024        92.70400000 78.17138516 0.63596516  
1025        53.64448000 78.14745647 0.63579485  
1026        77.52608000 78.14685084 0.63517516  
1027        92.40800000 78.16073706 0.63470830  
1028        98.59936000 78.18061899 0.63440220  
1029        99.10560000 78.20095425 0.63411153  
1030        75.71952000 78.19854509 0.63350017  
1031        66.99648000 78.18767984 0.63297867  
1032        87.06928000 78.19628605 0.63242359  
1033        93.22048000 78.21083028 0.63197845  
1034        86.33424000 78.21868658 0.63141583  
1035        96.56368000 78.23641121 0.63105444  
1036        58.24224000 78.21711181 0.63074035  
1037        99.06832000 78.23721905 0.63045255  
1038        28.25664000 78.18906821 0.63168274  
1039        82.42848000 78.19314849 0.63108766  
1040        65.58208000 78.18102246 0.63059716  
1041        99.84016000 78.20182855 0.63033458  
1042        56.98208000 78.18146411 0.63005855  
1043        65.60768000 78.16940871 0.62956961  
1044        92.74688000 78.18337180 0.62912126  
1045        88.80800000 78.19353891 0.62860117  
1046        94.85152000 78.20946432 0.62820182  
1047        90.81616000 78.22150510 0.62771702  
1048        45.81744000 78.19058519 0.62787956  
1049        78.14048000 78.19053743 0.62728072  
1050        79.68768000 78.19196328 0.62668465  
1051        73.73760000 78.18772506 0.62610244  
1052        83.77792000 78.19303894 0.62552957  
1053        96.70144000 78.21061576 0.62518238  
1054        96.80736000 78.22825973 0.62483810  
1055        95.52944000 78.24465896 0.62446093  
1056        98.29920000 78.26365000 0.62415829  
1057        68.10000000 78.25403444 0.62364164  
1058        73.77744000 78.24980325 0.62306628  
1059        98.83872000 78.26924510 0.62278118  
1060        76.72336000 78.26778672 0.62219509  
1061        99.37440000 78.28767985 0.62192662  
1062        97.73120000 78.30598825 0.62161041  
1063        98.91456000 78.32537543 0.62132790  
1064        81.97376000 78.32880436 0.62075314  
1065        71.43760000 78.32233375 0.62020376  
1066        95.93072000 78.33885193 0.61984182  
1067        80.07680000 78.34048075 0.61926277  
1068        70.26464000 78.33291910 0.61872887  
1069        75.90192000 78.33064501 0.61815399  
1070        78.89072000 78.33116845 0.61757622  
1071        92.03184000 78.34396086 0.61713192  
1072        67.55136000 78.33389313 0.61663816  
1073        50.77824000 78.30821219 0.61659824  
1074        83.59392000 78.31313371 0.61604351  
1075        87.65264000 78.32182162 0.61553150  
1076        67.58656000 78.31184461 0.61504011  
1077        94.23984000 78.32663383 0.61464672  
1078        98.89408000 78.34571310 0.61437261  
1079        63.89584000 78.33232119 0.61394903  
1080        99.18784000 78.35163185 0.61368419  
1081        98.53248000 78.37030054 0.61340038  
1082        72.65968000 78.36502270 0.61285593  
1083        34.13248000 78.32418009 0.61365047  
1084        94.15616000 78.33878524 0.61325805  
1085        97.63376000 78.35656863 0.61295060  
1086        87.57312000 78.36505532 0.61244473  
1087        94.95312000 78.38031573 0.61207132  
1088        89.04192000 78.39011500 0.61158700  
1089        98.48688000 78.40856933 0.61130376  
1090        68.01760000 78.39903633 0.61081707  
1091        79.98880000 78.40049349 0.61025868  
1092        99.25488000 78.41959092 0.60999860  
1093        86.71920000 78.42718434 0.60948755  
1094        98.47904000 78.44551327 0.60920597  
1095        38.24208000 78.40879781 0.60975574  
1096        57.81120000 78.39000438 0.60948896  
1097        72.16448000 78.38432933 0.60895955  
1098        92.40960000 78.39710281 0.60853877  
1099        44.39040000 78.36615949 0.60877171  
1100        96.84784000 78.38296102 0.60845005  
1101        98.26528000 78.40101944 0.60816533  
1102        97.67488000 78.41850933 0.60786488  
1103        92.38368000 78.43117041 0.60744549  
1104        74.67568000 78.42776870 0.60690455  
1105        91.10256000 78.43923910 0.60646355  
1106        62.44240000 78.42477541 0.60608757  
1107        93.53424000 78.43842443 0.60569362  
1108        71.37248000 78.43204722 0.60518032  
1109        60.83040000 78.41617558 0.60484265  
1110        68.75376000 78.40747070 0.60436020  
1111        44.24752000 78.37672367 0.60459831  
1112        79.93584000 78.37812576 0.60405598  
1113        72.57920000 78.37291558 0.60353550  
1114        96.77648000 78.38943583 0.60321975  
1115        91.05040000 78.40079096 0.60278546  
1116        75.63456000 78.39831226 0.60225019  
1117        92.16096000 78.41063334 0.60183691  
1118        86.62096000 78.41797710 0.60134320  
1119        95.98928000 78.43367979 0.60101074  
1120        40.30368000 78.39963514 0.60143821  
1121        68.75264000 78.39102944 0.60096307  
1122        75.48064000 78.38843551 0.60043281  
1123        82.32224000 78.39193845 0.59990814  
1124        84.27104000 78.39716897 0.59939699  
1125        98.45968000 78.41500231 0.59912943  
1126        96.27328000 78.43086224 0.59880717  
1127        97.76128000 78.44801434 0.59852143  
1128        89.40640000 78.45772922 0.59806949  
1129        75.66384000 78.45525456 0.59754465  
1130        70.69856000 78.44839023 0.59705508  
1131        94.25056000 78.46236209 0.59669054  
1132        97.93360000 78.47956283 0.59641129  
1133        99.60768000 78.49821077 0.59617637  
1134        82.66144000 78.50188205 0.59566173  
1135        66.13856000 78.49098925 0.59523636  
1136        92.14672000 78.50301014 0.59483363  
1137        99.38560000 78.52137653 0.59459397  
1138        98.51328000 78.53894411 0.59433094  
1139        99.84512000 78.55765015 0.59410347  
1140        81.95968000 78.56063439 0.59358960  
1141        98.05872000 78.57772298 0.59331528  
1142        82.47664000 78.58113709 0.59280535  
1143        58.19824000 78.56330429 0.59255488  
1144        51.53584000 78.53967888 0.59250788  
1145        36.96192000 78.50336643 0.59310283  
1146        74.79920000 78.50013417 0.59259388  
1147        73.09552000 78.49542221 0.59209576  
1148        98.55120000 78.51289240 0.59183768  
1149        80.77728000 78.51486315 0.59132565  
1150        67.77152000 78.50552111 0.59088508  
1151        96.00400000 78.52072396 0.59056720  
1152        88.30656000 78.52921861 0.59011548  
1153        49.31712000 78.50388288 0.59014755  
1154        89.09040000 78.51305664 0.58970729  
1155        90.38864000 78.52333853 0.58928621  
1156        38.76608000 78.48894644 0.58977984  
1157        62.01232000 78.47470562 0.58944192  
1158        65.67392000 78.46365140 0.58903642  
1159        68.22480000 78.45481719 0.58859427  
1160        89.27360000 78.46414372 0.58816059  
1161        71.35536000 78.45802074 0.58768567  
1162        81.13136000 78.46032138 0.58718421  
1163        99.82976000 78.47869579 0.58696677  
1164        76.87936000 78.47732179 0.58646390  
1165        48.26256000 78.45138637 0.58653397  
1166        99.47072000 78.46941324 0.58630792  
1167        84.14320000 78.47427510 0.58582547  
1168        98.16448000 78.49113315 0.58556641  
1169        81.91488000 78.49406193 0.58507261  
1170        91.69744000 78.50534687 0.58468125  
1171        94.58256000 78.51907635 0.58434305  
1172        98.43888000 78.53607276 0.58409159  
1173        99.49792000 78.55394305 0.58386697  
1174        99.31040000 78.57162317 0.58363728  
1175        85.49200000 78.57751285 0.58317010  
1176        62.56896000 78.56390014 0.58283299  
1177        67.58512000 78.55457237 0.58241229  
1178        88.77296000 78.56324672 0.58198232  
1179        69.09408000 78.55521520 0.58154395  
1180        95.74032000 78.56977885 0.58123340  
1181        52.41728000 78.54763448 0.58116308  
1182        80.41072000 78.54921069 0.58067333  
1183        98.74000000 78.56627814 0.58043326  
1184        99.62832000 78.58406703 0.58021558  
1185        95.94608000 78.59871851 0.57991086  
1186        75.50608000 78.59611089 0.57942756  
1187        50.33536000 78.57230234 0.57942855  
1188        96.95744000 78.58777805 0.57914742  
1189        99.30496000 78.60520209 0.57892239  
1190        97.82224000 78.62135086 0.57866108  
1191        89.09072000 78.63014126 0.57824183  
1192        53.79488000 78.60930631 0.57813208  
1193        66.12896000 78.59884500 0.57774199  
1194        97.54672000 78.61471424 0.57747600  
1195        99.76928000 78.63241680 0.57726406  
1196        99.09568000 78.64952656 0.57703491  
1197        68.89232000 78.64137517 0.57661026  
1198        94.41568000 78.65454237 0.57627920  
1199        73.39824000 78.65015847 0.57581505  
1200        99.27776000 78.66734813 0.57559174  
1201        65.09264000 78.65604530 0.57522334  
1202        85.35760000 78.66162063 0.57477163  
1203        97.70656000 78.67745184 0.57451181  
1204        74.62224000 78.67408372 0.57404432  
1205        93.30560000 78.68622606 0.57369625  
1206        52.19072000 78.66425632 0.57364121  
1207        62.06512000 78.65050393 0.57333072  
1208        97.09248000 78.66577046 0.57305930  
1209        58.63648000 78.64920364 0.57282472  
1210        43.07536000 78.61980377 0.57310571  
1211        79.87200000 78.62083779 0.57263320  
1212        91.17616000 78.63119696 0.57225430  
1213        88.97664000 78.63972577 0.57184595  
1214        91.69136000 78.65047671 0.57147585  
1215        51.45744000 78.62809560 0.57144376  
1216        96.22816000 78.64256934 0.57115705  
1217        98.47392000 78.65886462 0.57092014  
1218        99.23200000 78.67575553 0.57070122  
1219        80.10960000 78.67693178 0.57023407  
1220        87.61328000 78.68425666 0.56981355  
1221        74.38736000 78.68073749 0.56935756  
1222        89.30272000 78.68942979 0.56895785  
1223        44.86832000 78.66177557 0.56916467  
1224        72.83824000 78.65701778 0.56871937  
1225        78.83296000 78.65716140 0.56825494  
1226        64.85504000 78.64590356 0.56790284  
1227        98.80112000 78.66232998 0.56767753  
1228        95.71424000 78.67621590 0.56738500  
1229        42.50544000 78.64678483 0.56768658  
1230        69.01696000 78.63895571 0.56727888  
1231        71.53984000 78.63318876 0.56684720  
1232        76.84608000 78.63173818 0.56638877  
1233        81.60944000 78.63415319 0.56593438  
1234        70.68256000 78.62770943 0.56551229  
1235        53.57424000 78.60742322 0.56541823  
1236        81.84784000 78.61004492 0.56496667  
1237        68.91440000 78.60220689 0.56456418  
1238        42.11488000 78.57273409 0.56487737  
1239        60.01888000 78.55775923 0.56461988  
1240        93.92880000 78.57015523 0.56430053  
1241        78.76256000 78.57031027 0.56384565  
1242        28.34416000 78.52987053 0.56484099  
1243        63.74576000 78.51797664 0.56451170  
1244        42.00064000 78.48862186 0.56482106  
1245        86.56592000 78.49510965 0.56440449  
1246        79.07744000 78.49557701 0.56395153  
1247        91.13136000 78.50570996 0.56359020  
1248        98.18736000 78.52148051 0.56335921  
1249        89.85984000 78.53055846 0.56298117  
1250        70.65072000 78.52425459 0.56256593  
1251        66.18432000 78.51439054 0.56220260  
1252        99.84512000 78.53142786 0.56201167  
1253        99.28736000 78.54799285 0.56180723  
1254        87.74512000 78.55532708 0.56140695  
1255        37.08400000 78.52228220 0.56193189  
1256        22.32816000 78.47754166 0.56326401  
1257        59.59984000 78.46252360 0.56301607  
1258        60.66144000 78.44837329 0.56274627  
1259        75.84608000 78.44630634 0.56230292  
1260        97.68256000 78.46157321 0.56206385  
1261        52.33248000 78.44085228 0.56200006  
1262        60.22080000 78.42641483 0.56174012  
1263        98.82352000 78.44256456 0.56152746  
1264        97.43648000 78.45759139 0.56128423  
1265        99.49776000 78.47422394 0.56108692  
1266        97.39504000 78.48916929 0.56084272  
1267        89.81840000 78.49811107 0.56047122  
1268        85.30032000 78.50347558 0.56005473  
1269        66.59696000 78.49409299 0.55969187  
1270        88.81072000 78.50221631 0.55930999  
1271        83.12032000 78.50584976 0.55888157  
1272        82.79680000 78.50922314 0.55845222  
1273        96.04880000 78.52300129 0.55818343  
1274        91.56672000 78.53323969 0.55783909  
1275        77.25856000 78.53223994 0.55740229  
1276        64.53888000 78.52127335 0.55707324  
1277        63.57568000 78.50956968 0.55675986  
1278        95.98832000 78.52324632 0.55649212  
1279        99.92976000 78.53998324 0.55630868  
1280        69.77168000 78.53313300 0.55591610  
1281        99.67056000 78.54963372 0.55572699  
1282        99.73264000 78.56615713 0.55553912  
1283        39.52896000 78.53573063 0.55593919  
1284        66.31360000 78.52621184 0.55558760  
1285        95.75776000 78.53962160 0.55531700  
1286        96.61968000 78.55368075 0.55506309  
1287        96.98224000 78.56799975 0.55481645  
1288        97.01680000 78.58232335 0.55457053  
1289        89.87872000 78.59108704 0.55420942  
1290        84.89376000 78.59597284 0.55380119  
1291        90.75360000 78.60539005 0.55345218  
1292        91.23120000 78.61516235 0.55310998  
1293        42.45968000 78.58719988 0.55338896  
1294        95.91344000 78.60058955 0.55312322  
1295        72.66432000 78.59600556 0.55271494  
1296        48.22880000 78.57257407 0.55278513  
1297        82.66448000 78.57572897 0.55236777  
1298        91.95968000 78.58604018 0.55203836  
1299        43.89904000 78.55933734 0.55225917  
1300        63.20272000 78.54752455 0.55196062  
1301        98.20848000 78.56263674 0.55174319  
1302        70.50608000 78.55644891 0.55135399  
1303        95.44400000 78.56940942 0.55108311  
1304        98.64240000 78.58480282 0.55087545  
1305        99.63328000 78.60093192 0.55068942  
1306        99.43280000 78.61688282 0.55049873  
1307        86.11232000 78.62261766 0.55010727  
1308        84.88448000 78.62740502 0.54970739  
1309        92.36560000 78.63790020 0.54938754  
1310        37.15392000 78.60623304 0.54988060  
1311        49.73200000 78.58420845 0.54990224  
1312        73.71200000 78.58049488 0.54949550  
1313        72.54544000 78.57589849 0.54909607  
1314        60.73104000 78.56231793 0.54884608  
1315        62.64528000 78.55021372 0.54856210  
1316        65.09200000 78.53998711 0.54824049  
1317        82.48912000 78.54298569 0.54783226  
1318        65.65872000 78.53321008 0.54750373  
1319        78.73680000 78.53336443 0.54708850  
1320        62.30752000 78.52107212 0.54681207  
1321        99.44384000 78.53691070 0.54662748  
1322        98.39984000 78.55193561 0.54642045  
1323        39.96336000 78.52276813 0.54678578  
1324        44.78704000 78.49728798 0.54696646  
1325        96.11168000 78.51058186 0.54671514  
1326        93.62624000 78.52198130 0.54642161  
1327        79.20224000 78.52249393 0.54600992  
1328        67.52544000 78.51421301 0.54566145  
1329        99.56064000 78.53004930 0.54548064  
1330        70.60608000 78.52409143 0.54510291  
1331        90.45744000 78.53305713 0.54476700  
1332        92.01904000 78.54318174 0.54445201  
1333        94.46928000 78.55512930 0.54417458  
1334        45.42928000 78.53029733 0.54433321  
1335        60.95824000 78.51713474 0.54408455  
1336        57.27632000 78.50123593 0.54390957  
1337        71.31536000 78.49586130 0.54352917  
1338        95.85488000 78.50883516 0.54327773  
1339        88.94512000 78.51662925 0.54292779  
1340        65.20352000 78.50669409 0.54261343  
1341        80.18064000 78.50794237 0.54221009  
1342        70.72080000 78.50213973 0.54183698  
1343        14.99392000 78.45485141 0.54349451  
1344        75.69776000 78.45280000 0.54309385  
1345        62.57104000 78.44099200 0.54281836  
1346        17.21328000 78.39550336 0.54431899  
1347        92.99184000 78.40633954 0.54402268  
1348        27.45904000 78.36854481 0.54493119  
1349        86.50064000 78.37457305 0.54456046  
1350        46.23024000 78.35076243 0.54467762  
1351        76.39008000 78.34931115 0.54427624  
1352        96.43280000 78.36268651 0.54403796  
1353        97.22400000 78.37662687 0.54381442  
1354        97.18080000 78.39051474 0.54359008  
1355        95.96080000 78.40348174 0.54334351  
1356        99.83856000 78.41928932 0.54317273  
1357        99.50432000 78.43482730 0.54299467  
1358        95.99504000 78.44775823 0.54274873  
1359        66.64192000 78.43907108 0.54241878  
1360        99.86896000 78.45482835 0.54224879  
1361        99.27248000 78.47012420 0.54206607  
1362        78.17152000 78.46990496 0.54166798  
1363        51.39584000 78.45004138 0.54163478  
1364        59.34672000 78.43603601 0.54141872  
1365        91.88784000 78.44589081 0.54111167  
1366        76.95760000 78.44480129 0.54071650  
1367        98.68160000 78.45960509 0.54052356  
1368        73.53072000 78.45600211 0.54014032  
1369        96.47712000 78.46916581 0.53990612  
1370        75.27120000 78.46683153 0.53951693  
1371        92.83232000 78.47730964 0.53922508  
1372        62.19808000 78.46544431 0.53896254  
1373        99.10400000 78.48047604 0.53877959  
1374        56.72672000 78.46464361 0.53862006  
1375        54.59600000 78.44728460 0.53850805  
1376        72.83568000 78.44320640 0.53813201  
1377        87.35920000 78.44968134 0.53778005  
1378        89.30032000 78.45755553 0.53744733  
1379        79.98736000 78.45866489 0.53705860  
1380        97.97728000 78.47280881 0.53685563  
1381        82.71344000 78.47587951 0.53647554  
1382        84.47168000 78.48021800 0.53610476  
1383        74.73808000 78.47751219 0.53572382  
1384        97.52464000 78.49127457 0.53551346  
1385        55.43328000 78.47462619 0.53538558  
1386        99.35680000 78.48969270 0.53521127  
1387        86.73648000 78.49563847 0.53485830  
1388        94.36320000 78.50707043 0.53459507  
1389        97.94800000 78.52106678 0.53439337  
1390        66.67712000 78.51254596 0.53407675  
1391        97.31312000 78.52606183 0.53386378  
1392        92.95872000 78.53643011 0.53358087  
1393        71.42032000 78.53132164 0.53322216  
1394        85.43536000 78.53627432 0.53286252  
1395        73.67664000 78.53279071 0.53249180  
1396        76.92128000 78.53163633 0.53211148  
1397        99.20688000 78.54643608 0.53193637  
1398        35.61696000 78.51572830 0.53244198  
1399        77.58576000 78.51506356 0.53206167  
1400        98.82528000 78.52957086 0.53187938  
1401        58.55136000 78.51531089 0.53169086  
1402        58.79312000 78.50124371 0.53149768  
1403        97.04880000 78.51446364 0.53128321  
1404        98.33680000 78.52858211 0.53109237  
1405        97.10992000 78.54180726 0.53087899  
1406        50.68016000 78.52199101 0.53087125  
1407        96.61024000 78.53484691 0.53064956  
1408        57.87136000 78.52017114 0.53047559  
1409        94.30928000 78.53137703 0.53021739  
1410        88.69936000 78.53858837 0.52989029  
1411        76.64272000 78.53724473 0.52951632  
1412        99.60400000 78.55216453 0.52935147  
1413        54.43168000 78.53509413 0.52925208  
1414        98.06896000 78.54890874 0.52905804  
1415        30.88544000 78.51522431 0.52975601  
1416        82.43632000 78.51799345 0.52938900  
1417        99.95296000 78.53312045 0.52923150  
1418        97.77040000 78.54668694 0.52903212  
1419        52.73376000 78.52849601 0.52897205  
1420        55.28800000 78.51212946 0.52885271  
1421        83.37648000 78.51555265 0.52849150  
1422        99.40656000 78.53024394 0.52832402  
1423        97.72576000 78.54373341 0.52812492  
1424        53.17920000 78.52592124 0.52805441  
1425        86.71856000 78.53167046 0.52771504  
1426        89.05952000 78.53905324 0.52739652  
1427        66.93216000 78.53091947 0.52708957  
1428        71.73152000 78.52615798 0.52674185  
1429        96.68144000 78.53886287 0.52652641  
1430        99.57520000 78.55357359 0.52636369  
1431        51.30480000 78.53453182 0.52634029  
1432        98.97008000 78.54880246 0.52616617  
1433        76.76256000 78.54755595 0.52580034  
1434        61.82976000 78.53589780 0.52556286  
1435        82.08736000 78.53837268 0.52520232  
1436        76.61584000 78.53703387 0.52483816  
1437        91.43440000 78.54600907 0.52454959  
1438        90.95984000 78.55464178 0.52425576  
1439        85.06048000 78.55916286 0.52391083  
1440        46.00960000 78.53655900 0.52403460  
1441        98.21408000 78.55021446 0.52384883  
1442        70.52000000 78.54464566 0.52351504  
1443        19.09552000 78.50344737 0.52477180  
1444        88.26496000 78.51020742 0.52445182  
1445        44.07680000 78.48637808 0.52463021  
1446        98.00416000 78.49987585 0.52444100  
1447        96.50784000 78.51232088 0.52422619  
1448        99.80064000 78.52702276 0.52407028  
1449        98.14608000 78.54056248 0.52388348  
1450        31.42064000 78.50806599 0.52452966  
1451        98.21296000 78.52164620 0.52434393  
1452        71.03424000 78.51648959 0.52400806  
1453        56.02032000 78.50100702 0.52387613  
1454        74.73984000 78.49842025 0.52352210  
1455        63.53120000 78.48813350 0.52326329  
1456        77.94112000 78.48775780 0.52290391  
1457        82.31360000 78.49038364 0.52255150  
1458        71.45120000 78.48555567 0.52221529  
1459        71.36960000 78.48067838 0.52188003  
1460        90.81120000 78.48912395 0.52159084  
1461        94.93824000 78.50038275 0.52135529  
1462        99.23824000 78.51456733 0.52119162  
1463        99.48832000 78.52890346 0.52103251  
1464        98.31712000 78.54242000 0.52085191  
1465        77.09600000 78.54143268 0.52049719  
1466        77.33456000 78.54060944 0.52014268  
1467        73.66944000 78.53728894 0.51979860  
1468        91.95696000 78.54643041 0.51952483  
1469        82.00176000 78.54878257 0.51917637  
1470        40.31424000 78.52277268 0.51947463  
1471        89.43184000 78.53018877 0.51917434  
1472        97.95200000 78.54338293 0.51898926  
1473        99.38976000 78.55753526 0.51882986  
1474        57.08928000 78.54297064 0.51868228  
1475        65.06912000 78.53383582 0.51841100  
1476        87.39632000 78.53984022 0.51809445  
1477        84.98320000 78.54420268 0.51776194  
1478        41.04528000 78.51883129 0.51803318  
1479        45.83328000 78.49673152 0.51815430  
1480        74.59920000 78.49409805 0.51781078  
1481        73.56896000 78.49077251 0.51747171  
1482        47.29984000 78.46972599 0.51755053  
1483        86.77600000 78.47532699 0.51723175  
1484        61.58160000 78.46394307 0.51700844  
1485        81.93664000 78.46628159 0.51666546  
1486        96.03504000 78.47810444 0.51645300  
1487        99.13808000 78.49199817 0.51629255  
1488        64.38736000 78.48251925 0.51603253  
1489        98.32800000 78.49584731 0.51585805  
1490        91.28480000 78.50443050 0.51558317  
1491        77.13136000 78.50350959 0.51523808  
1492        97.15184000 78.51600847 0.51504432  
1493        90.49648000 78.52403290 0.51476178  
1494        55.37296000 78.50853687 0.51465045  
1495        97.63632000 78.52133137 0.51446521  
1496        79.25952000 78.52182481 0.51412144  
1497        91.43392000 78.53045013 0.51385029  
1498        98.75568000 78.54395162 0.51368461  
1499        80.13904000 78.54501572 0.51334291  
1500        82.75024000 78.54781920 0.51300823  
1501        91.86256000 78.55668978 0.51274308  
1502        80.75840000 78.55815563 0.51240369  
1503        47.12272000 78.53724051 0.51248961  
1504        97.43200000 78.54980351 0.51230281  
1505        90.08880000 78.55747062 0.51201970  
1506        82.53440000 78.56011134 0.51168642  
1507        85.76080000 78.56488950 0.51136909  
1508        59.17696000 78.55203279 0.51119158  
1509        68.37888000 78.54529113 0.51089718  
1510        70.76464000 78.54013838 0.51058473  
1511        92.80496000 78.54957903 0.51033404  
1512        88.03104000 78.55584984 0.51003495  
1513        37.65392000 78.52881618 0.51041415  
1514        95.33536000 78.53991694 0.51019769  
1515        80.91568000 78.54148510 0.50986322  
1516        98.47040000 78.55463082 0.50969634  
1517        90.05888000 78.56221437 0.50941669  
1518        95.14352000 78.57313750 0.50919817  
1519        84.51008000 78.57704595 0.50887785  
1520        99.23440000 78.59063632 0.50872451  
1521        58.31856000 78.57730819 0.50856461  
1522        77.10240000 78.57633913 0.50823129  
1523        73.81792000 78.57321476 0.50790708  
1524        97.25408000 78.58547255 0.50772169  
1525        45.74240000 78.56393610 0.50784551  
1526        62.88304000 78.55366029 0.50761662  
1527        20.24224000 78.51547337 0.50871936  
1528        86.47264000 78.52068094 0.50841299  
1529        46.04800000 78.49944309 0.50852404  
1530        55.28912000 78.48427294 0.50841794  
1531        21.36240000 78.44696277 0.50945380  
1532        82.18720000 78.44940418 0.50912701  
1533        87.42992000 78.45526231 0.50882851  
1534        86.22832000 78.46032949 0.50852195  
1535        91.02144000 78.46851263 0.50825643  
1536        98.55424000 78.48158927 0.50809373  
1537        95.63232000 78.49274785 0.50788565  
1538        99.57808000 78.50645743 0.50774044  
1539        78.69776000 78.50658173 0.50741043  
1540        82.88208000 78.50942296 0.50708879  
1541        85.46384000 78.51393589 0.50677972  
1542        86.74608000 78.51927450 0.50647910  
1543        44.76768000 78.49740049 0.50662318  
1544        84.67536000 78.50140176 0.50631076  
1545        74.42288000 78.49876194 0.50598983  
1546        65.74032000 78.49050939 0.50572978  
1547        99.56960000 78.50413518 0.50558640  
1548        86.84608000 78.50952403 0.50528843  
1549        93.94080000 78.51948612 0.50506038  
1550        98.68848000 78.53249837 0.50490213  
1551        90.27392000 78.54006860 0.50463328  
1552        80.67008000 78.54144103 0.50430989  
1553        99.60880000 78.55500662 0.50416759  
1554        81.93888000 78.55718414 0.50384776  
1555        86.18976000 78.56209255 0.50354756  
1556        74.36944000 78.55939805 0.50323105  
1557        99.57696000 78.57289680 0.50308887  
1558        98.22352000 78.58550953 0.50292404  
1559        81.27616000 78.58723541 0.50260431  
1560        71.07648000 78.58242082 0.50230510  
1561        99.32816000 78.59571085 0.50215911  
1562        98.02320000 78.60814843 0.50199162  
1563        67.76192000 78.60120906 0.50171834  
1564        91.69408000 78.60958046 0.50146733  
1565        83.45408000 78.61267599 0.50115636  
1566        50.76512000 78.59489338 0.50115183  
1567        65.15152000 78.58631433 0.50090538  
1568        91.40720000 78.59449092 0.50065260  
1569        59.19872000 78.58212905 0.50048610  
1570        94.53232000 78.59228841 0.50027038  
1571        54.19536000 78.57675885 0.50019297  
1572        72.97248000 78.57319379 0.49988739  
1573        99.12272000 78.58625770 0.49974028  
1574        97.13024000 78.59803914 0.49956163  
1575        71.50688000 78.59353681 0.49926465  
1576        68.20960000 78.58694802 0.49899126  
1577        88.17632000 78.59302879 0.49871181  
1578        70.58656000 78.58795498 0.49842150  
1579        49.49360000 78.56952917 0.49844642  
1580        43.44080000 78.54729580 0.49862678  
1581        46.78768000 78.52720749 0.49871604  
1582        98.94144000 78.54011155 0.49856772  
1583        79.28896000 78.54058461 0.49825289  
1584        99.49456000 78.55381313 0.49811393  
1585        93.22192000 78.56306746 0.49788557  
1586        94.59472000 78.57317569 0.49767421  
1587        95.28368000 78.58370531 0.49747197  
1588        80.06640000 78.58463899 0.49715948  
1589        82.48720000 78.58709498 0.49685257  
1590        61.71248000 78.57648201 0.49665340  
1591        22.92048000 78.54150024 0.49757235  
1592        88.03488000 78.54746342 0.49729546  
1593        43.12688000 78.52522827 0.49748034  
1594        93.14688000 78.53440120 0.49725276  
1595        65.76464000 78.52639508 0.49700540  
1596        99.26864000 78.53939148 0.49686389  
1597        99.18720000 78.55232060 0.49672097  
1598        99.04016000 78.56514153 0.49657557  
1599        67.63072000 78.55830324 0.49631203  
1600        98.28336000 78.57063140 0.49615492  
1601        97.83696000 78.58266533 0.49599093  
1602        98.12752000 78.59486562 0.49583135  
1603        67.97296000 78.58823935 0.49556624  
1604        88.94944000 78.59469895 0.49529931  
1605        58.18576000 78.58198310 0.49515392  
1606        80.93248000 78.58344667 0.49484767  
1607        64.10832000 78.57443913 0.49462167  
1608        92.70064000 78.58322408 0.49439203  
1609        91.62128000 78.59132728 0.49415111  
1610        81.92496000 78.59339786 0.49384843  
1611        87.86624000 78.59915382 0.49357535  
1612        86.94992000 78.60433419 0.49329627  
1613        81.44432000 78.60609488 0.49299349  
1614        72.49440000 78.60230820 0.49270250  
1615        61.82944000 78.59192253 0.49250684  
1616        60.50320000 78.58072901 0.49232924  
1617        70.82992000 78.57593568 0.49204802  
1618        98.12080000 78.58801533 0.49189217  
1619        47.06800000 78.56854651 0.49197362  
1620        99.75152000 78.58162242 0.49184368  
1621        46.40400000 78.56177194 0.49194083  
1622        87.73168000 78.56742540 0.49166995  
1623        17.21696000 78.52962474 0.49281876  
1624        69.32688000 78.52395803 0.49254781  
1625        72.80736000 78.52044012 0.49225718  
1626        80.11616000 78.52142150 0.49195532  
1627        34.65456000 78.49445969 0.49239159  
1628        95.53888000 78.50492924 0.49220040  
1629        99.74800000 78.51796980 0.49207099  
1630        98.56864000 78.53027082 0.49192284  
1631        86.84864000 78.53537099 0.49164759  
1632        63.17968000 78.52596186 0.49143633  
1633        66.99472000 78.51890048 0.49118605  
1634        28.90832000 78.48853905 0.49182339  
1635        86.33712000 78.49333940 0.49154593  
1636        78.89392000 78.49358425 0.49124545  
1637        75.35232000 78.49166534 0.49094902  
1638        99.44464000 78.50445714 0.49081592  
1639        84.44768000 78.50808327 0.49052977  
1640        95.34304000 78.51834849 0.49033804  
1641        76.54048000 78.51714321 0.49004063  
1642        58.99472000 78.50525379 0.48988639  
1643        35.68368000 78.47919075 0.49028137  
1644        99.70832000 78.49210384 0.49015318  
1645        64.30400000 78.48347886 0.48993105  
1646        29.12672000 78.45349298 0.49055064  
1647        94.51632000 78.46324576 0.49034971  
1648        91.98288000 78.47144942 0.49012074  
1649        93.04704000 78.48028847 0.48990317  
1650        88.92864000 78.48662080 0.48964711  
1651        84.15216000 78.49005238 0.48936248  
1652        80.29840000 78.49114702 0.48906739  
1653        63.99136000 78.48237522 0.48885014  
1654        97.37952000 78.49380034 0.48868807  
1655        98.89024000 78.50612447 0.48854817  
1656        98.18704000 78.51800908 0.48839768  
1657        91.52432000 78.52585839 0.48816596  
1658        85.50976000 78.53007064 0.48788962  
1659        77.74000000 78.52959441 0.48759568  
1660        75.27008000 78.52763084 0.48730581  
1661        70.93072000 78.52305715 0.48703382  
1662        89.85936000 78.52987803 0.48678848  
1663        95.29232000 78.53995767 0.48660008  
1664        98.85344000 78.55216529 0.48646076  
1665        99.48784000 78.56473927 0.48633108  
1666        99.80912000 78.57749100 0.48620633  
1667        83.37792000 78.58037068 0.48592311  
1668        78.12272000 78.58009631 0.48563178  
1669        98.46736000 78.59201198 0.48548697  
1670        62.09520000 78.58213365 0.48529672  
1671        91.83312000 78.59006363 0.48507103  
1672        98.20624000 78.60179579 0.48492278  
1673        62.11552000 78.59194147 0.48473301  
1674        86.73440000 78.59680554 0.48446778  
1675        72.30960000 78.59305199 0.48419301  
1676        99.06368000 78.60526597 0.48405814  
1677        70.84272000 78.60063714 0.48379156  
1678        51.56144000 78.58452319 0.48377160  
1679        59.13696000 78.57294037 0.48362211  
1680        99.01328000 78.58510724 0.48348727  
1681        98.33712000 78.59685739 0.48334241  
1682        97.93136000 78.60835234 0.48319171  
1683        74.72096000 78.60604254 0.48291005  
1684        73.98208000 78.60329672 0.48263101  
1685        52.96368000 78.58808033 0.48258445  
1686        85.08880000 78.59193604 0.48231355  
1687        85.85424000 78.59624090 0.48204678  
1688        86.03120000 78.60064550 0.48178126  
1689        35.50608000 78.57513066 0.48217148  
1690        85.94608000 78.57949217 0.48190583  
1691        83.67920000 78.58250796 0.48163020  
1692        91.85520000 78.59035234 0.48140938  
1693        98.01760000 78.60182738 0.48126177  
1694        73.80720000 78.59899702 0.48098591  
1695        74.79024000 78.59674997 0.48070731  
1696        85.28288000 78.60069226 0.48043997  
1697        81.74368000 78.60254435 0.48016035  
1698        70.55536000 78.59780514 0.47990088  
1699        87.71408000 78.60317081 0.47964835  
1700        97.57312000 78.61432960 0.47949598  
1701        72.83408000 78.61093145 0.47922606  
1702        90.56928000 78.61795751 0.47899594  
1703        71.09296000 78.61353884 0.47873499  
1704        92.95504000 78.62195521 0.47852798  
1705        99.58624000 78.63425098 0.47840527  
1706        94.41136000 78.64349899 0.47821419  
1707        37.24512000 78.61924687 0.47854889  
1708        92.87712000 78.62759457 0.47834147  
1709        99.15440000 78.63960557 0.47821235  
1710        99.06880000 78.65155247 0.47808191  
1711        88.06304000 78.65705305 0.47783407  
1712        99.71664000 78.66935421 0.47771328  
1713        96.88992000 78.67999085 0.47755280  
1714        99.30784000 78.69202576 0.47742581  
1715        98.31840000 78.70346971 0.47728456  
1716        76.75888000 78.70233650 0.47700769  
1717        99.93856000 78.71470472 0.47689021  
1718        38.19024000 78.69111655 0.47719589  
1719        52.71408000 78.67600484 0.47715756  
1720        53.26144000 78.66122893 0.47710892  
1721        98.64160000 78.67283868 0.47697293  
1722        99.68384000 78.68504019 0.47685199  
1723        89.69504000 78.69143020 0.47661799  
1724        96.75792000 78.70190961 0.47645671  
1725        95.47072000 78.71163066 0.47627964  
1726        85.84736000 78.71576491 0.47602157  
1727        78.74352000 78.71578098 0.47574585  
1728        51.97312000 78.70030491 0.47572225  
1729        67.48720000 78.69381960 0.47549126  
1730        25.41664000 78.66302354 0.47621314  
1731        87.23872000 78.66797772 0.47596374  
1732        69.45632000 78.66265921 0.47571859  
1733        26.18304000 78.63237669 0.47640742  
1734        63.12720000 78.62343483 0.47621655  
1735        86.43360000 78.62793637 0.47596328  
1736        98.48928000 78.63937724 0.47582660  
1737        93.00864000 78.64764969 0.47562453  
1738        99.58640000 78.65969731 0.47550343  
1739        99.47008000 78.67166417 0.47538057  
1740        67.26320000 78.66510759 0.47515252  
1741        97.10640000 78.67569994 0.47499764  
1742        98.32528000 78.68697984 0.47485888  
1743        81.77760000 78.68875300 0.47458968  
1744        98.44016000 78.70007835 0.47445266  
1745        77.86352000 78.69959895 0.47418093  
1746        35.51904000 78.67486781 0.47455414  
1747        46.57104000 78.65649127 0.47463829  
1748        67.80880000 78.65028549 0.47440728  
1749        56.44160000 78.63758756 0.47430596  
1750        89.01376000 78.64351680 0.47407193  
1751        80.95056000 78.64483436 0.47380294  
1752        82.43712000 78.64699890 0.47353737  
1753        58.43616000 78.63546962 0.47340758  
1754        64.92032000 78.62765026 0.47320221  
1755        98.54944000 78.63900171 0.47306871  
1756        68.96640000 78.63349339 0.47283132  
1757        98.21200000 78.64463654 0.47269349  
1758        86.02128000 78.64883258 0.47244317  
1759        96.49280000 78.65897696 0.47228346  
1760        83.65616000 78.66181627 0.47202358  
1761        74.29584000 78.65933701 0.47176198  
1762        76.95488000 78.65836967 0.47149515  
1763        29.76272000 78.63063533 0.47204309  
1764        98.76176000 78.64204753 0.47191343  
1765        96.88864000 78.65238554 0.47175927  
1766        94.34640000 78.66127230 0.47157580  
1767        89.10736000 78.66718406 0.47134592  
1768        91.38560000 78.67437774 0.47113417  
1769        80.02352000 78.67514040 0.47086838  
1770        97.29056000 78.68565758 0.47071978  
1771        80.74208000 78.68681875 0.47045535  
1772        99.15200000 78.69836795 0.47033160  
1773        57.33504000 78.68631869 0.47022065  
1774        67.50512000 78.68001587 0.46999778  
1775        77.75008000 78.67949197 0.46973321  
1776        85.46576000 78.68331306 0.46948420  
1777        88.77104000 78.68898989 0.46925426  
1778        99.05440000 78.70044400 0.46913012  
1779        71.24080000 78.69625084 0.46888509  
1780        77.39824000 78.69552162 0.46862216  
1781        97.96176000 78.70633927 0.46848387  
1782        43.42656000 78.68654141 0.46863927  
1783        17.65264000 78.65231040 0.46962557  
1784        34.18032000 78.62738215 0.47002377  
1785        78.08896000 78.62708052 0.46976048  
1786        79.05072000 78.62731772 0.46949744  
1787        98.07088000 78.63819828 0.46936077  
1788        98.64416000 78.64938729 0.46923161  
1789        48.42432000 78.63249234 0.46927348  
1790        55.22624000 78.61941622 0.46919349  
1791        89.84560000 78.62568433 0.46897333  
1792        93.73744000 78.63411723 0.46878741  
1793        96.36784000 78.64400776 0.46863026  
1794        98.58640000 78.65512392 0.46850087  
1795        95.37568000 78.66443900 0.46833244  
1796        84.55584000 78.66771929 0.46808309  
1797        99.71696000 78.67943283 0.46796916  
1798        99.03616000 78.69075471 0.46784583  
1799        61.44240000 78.68116696 0.46768399  
1800        93.74688000 78.68953680 0.46749902  
1801        98.95456000 78.70078890 0.46737484  
1802        94.38576000 78.70949310 0.46719649  
1803        76.92816000 78.70850511 0.46693835  
1804        64.40320000 78.70057534 0.46674680  
1805        79.78096000 78.70117389 0.46648853  
1806        82.34400000 78.70319096 0.46623452  
1807        94.01696000 78.71166566 0.46605349  
1808        98.89760000 78.72283044 0.46592944  
1809        85.21600000 78.72641981 0.46568564  
1810        42.77088000 78.70655487 0.46585202  
1811        87.19888000 78.71124417 0.46561832  
1812        47.90320000 78.69424194 0.46567178  
1813        69.45248000 78.68914445 0.46544277  
1814        81.68384000 78.69079533 0.46518905  
1815        69.01744000 78.68546565 0.46496322  
1816        87.61040000 78.69038026 0.46473310  
1817        99.42416000 78.70179126 0.46461741  
1818        96.24544000 78.71144123 0.46446203  
1819        99.76832000 78.72301731 0.46435094  
1820        82.04304000 78.72484149 0.46409931  
1821        98.59520000 78.73575328 0.46397271  
1822        94.46624000 78.74438692 0.46379836  
1823        97.03872000 78.75442221 0.46365249  
1824        94.44048000 78.76302202 0.46347801  
1825        55.82048000 78.75045076 0.46339454  
1826        69.79280000 78.74554515 0.46316667  
1827        90.48768000 78.75197215 0.46295770  
1828        94.16000000 78.76040105 0.46278114  
1829        98.93680000 78.77143243 0.46265958  
1830        95.07328000 78.78034055 0.46249249  
1831        95.20016000 78.78930823 0.46232681  
1832        78.99520000 78.78942061 0.46207439  
1833        76.55440000 78.78820129 0.46182385  
1834        92.63536000 78.79575154 0.46163371  
1835        96.63648000 78.80547401 0.46148450  
1836        94.80016000 78.81418571 0.46131534  
1837        61.19424000 78.80459401 0.46116391  
1838        95.21312000 78.81352139 0.46099939  
1839        99.53680000 78.82479017 0.46088642  
1840        94.91056000 78.83353243 0.46071882  
1841        96.39520000 78.84307163 0.46056730  
1842        78.22096000 78.84273390 0.46031732  
1843        96.05488000 78.85207310 0.46016227  
1844        64.19488000 78.84412451 0.45998133  
1845        95.47040000 78.85313604 0.45982027  
1846        77.89616000 78.85261764 0.45957140  
1847        92.49248000 78.86000251 0.45938188  
1848        72.65264000 78.85664355 0.45914551  
1849        61.28368000 78.84713951 0.45899553  
1850        77.37280000 78.84634257 0.45874805  
1851        75.94112000 78.84477303 0.45850283  
1852        90.94080000 78.85130436 0.45830173  
1853        76.43888000 78.85000246 0.45805619  
1854        85.03904000 78.85334067 0.45782123  
1855        65.66272000 78.84622982 0.45762961  
1856        44.77744000 78.82787379 0.45775116  
1857        89.36112000 78.83354598 0.45753976  
1858        73.23280000 78.83053158 0.45730337  
1859        68.24368000 78.82483666 0.45709279  
1860        93.59264000 78.83277634 0.45691596  
1861        98.90944000 78.84356445 0.45679778  
1862        62.06320000 78.83455244 0.45664133  
1863        66.70096000 78.82803951 0.45644262  
1864        53.58352000 78.81449631 0.45639867  
1865        5.70544000  78.77529574 0.45783518  
1866        83.27056000 78.77770478 0.45759610  
1867        97.19584000 78.78756988 0.45745732  
1868        98.85648000 78.79831340 0.45733857  
1869        95.35536000 78.80717218 0.45717964  
1870        67.14608000 78.80093630 0.45697764  
1871        65.09728000 78.79361206 0.45679206  
1872        85.73600000 78.79732060 0.45656304  
1873        84.82224000 78.80053732 0.45633055  
1874        86.50528000 78.80464871 0.45610551  
1875        96.58160000 78.81412975 0.45596077  
1876        92.26160000 78.82129791 0.45577403  
1877        75.48320000 78.81951949 0.45553462  
1878        81.91200000 78.82116618 0.45529497  
1879        93.63376000 78.82904941 0.45512088  
1880        83.86640000 78.83172885 0.45488662  
1881        59.31904000 78.82135528 0.45476305  
1882        60.62928000 78.81168893 0.45462412  
1883        65.95952000 78.80486356 0.45443388  
1884        93.39728000 78.81260900 0.45425865  
1885        78.50384000 78.81244520 0.45401763  
1886        89.88288000 78.81831499 0.45381480  
1887        97.79376000 78.82837087 0.45368570  
1888        61.60464000 78.81924814 0.45353709  
1889        72.43712000 78.81586956 0.45330953  
1890        59.67696000 78.80574315 0.45318277  
1891        90.93264000 78.81215611 0.45298845  
1892        93.57936000 78.81996118 0.45281623  
1893        97.33728000 78.82974318 0.45268267  
1894        78.74736000 78.82969968 0.45244360  
1895        86.36432000 78.83367574 0.45222226  
1896        97.37600000 78.84345544 0.45208947  
1897        99.28976000 78.85423367 0.45197962  
1898        98.75488000 78.86471874 0.45186309  
1899        88.49232000 78.86978856 0.45165353  
1900        86.80752000 78.87396632 0.45143509  
1901        92.29264000 78.88102506 0.45125277  
1902        52.83744000 78.86733232 0.45122326  
1903        98.29792000 78.87754283 0.45110166  
1904        92.55168000 78.88472462 0.45092187  
1905        99.23872000 78.89540913 0.45081173  
1906        93.17200000 78.90289948 0.45063740  
1907        82.29648000 78.90467901 0.45040455  
1908        96.79056000 78.91405317 0.45026602  
1909        91.38384000 78.92058527 0.45007749  
1910        92.17776000 78.92752620 0.44989534  
1911        78.50272000 78.92730390 0.44965990  
1912        94.18912000 78.93528603 0.44949554  
1913        81.90464000 78.93683822 0.44926319  
1914        98.34896000 78.94698040 0.44914293  
1915        97.77312000 78.95681128 0.44901597  
1916        88.35968000 78.96171883 0.44880839  
1917        88.90976000 78.96690821 0.44860422  
1918        98.33184000 78.97700463 0.44848393  
1919        98.99232000 78.98743471 0.44837149  
1920        83.30144000 78.98968158 0.44814354  
1921        78.64592000 78.98950263 0.44791022  
1922        98.67392000 78.99974427 0.44779426  
1923        96.22720000 79.00870290 0.44765098  
1924        62.00848000 78.99986703 0.44750550  
1925        78.63520000 78.99967759 0.44727301  
1926        50.09024000 78.98466750 0.44729264  
1927        96.16096000 78.99358099 0.44714931  
1928        62.98496000 78.98527776 0.44699445  
1929        98.74928000 78.99552348 0.44688014  
1930        58.50032000 78.98490421 0.44677475  
1931        73.23328000 78.98192563 0.44655326  
1932        30.64032000 78.95690410 0.44702289  
1933        93.13264000 78.96423764 0.44685175  
1934        97.89520000 78.97402614 0.44672789  
1935        63.86144000 78.96621602 0.44656527  
1936        55.24464000 78.95396314 0.44650270  
1937        83.59168000 78.95635742 0.44627855  
1938        67.50080000 78.95044640 0.44608738  
1939        99.75056000 78.96117364 0.44598628  
1940        98.98544000 78.97149542 0.44587582  
1941        73.52096000 78.96868732 0.44565490  
1942        49.01104000 78.95326113 0.44569240  
1943        34.21536000 78.93023597 0.44605762  
1944        96.23888000 78.93913959 0.44591701  
1945        90.88448000 78.94528115 0.44573000  
1946        98.45552000 78.95530697 0.44561369  
1947        96.90160000 78.96452438 0.44548013  
1948        99.62928000 78.97513257 0.44537774  
1949        81.47776000 78.97641662 0.44515101  
1950        98.30992000 78.98633124 0.44503313  
1951        94.64928000 78.99435941 0.44487741  
1952        82.46960000 78.99613975 0.44465300  
1953        98.99056000 79.00637755 0.44454317  
1954        63.28960000 78.99833417 0.44438841  
1955        34.51504000 78.97558056 0.44474347  
1956        19.87152000 78.94536376 0.44554188  
1957        94.32224000 78.95322113 0.44538347  
1958        65.68704000 78.94644576 0.44520750  
1959        97.12032000 78.95572288 0.44507688  
1960        97.09856000 78.96497943 0.44494603  
1961        96.49984000 78.97392122 0.44480897  
1962        69.01232000 78.96884396 0.44461119  
1963        99.08416000 78.97909119 0.44450276  
1964        92.65008000 78.98605198 0.44433091  
1965        88.87776000 78.99108592 0.44413326  
1966        97.30576000 79.00040163 0.44400503  
1967        89.50624000 79.00574267 0.44381139  
1968        80.16672000 79.00633260 0.44358621  
1969        35.64864000 78.98431244 0.44390736  
1970        99.13088000 78.99453913 0.44379981  
1971        55.36144000 78.98254872 0.44373662  
1972        93.13216000 78.98972398 0.44356958  
1973        50.57168000 78.97532051 0.44357861  
1974        61.88416000 78.96666237 0.44343838  
1975        81.37008000 78.96787929 0.44321547  
1976        78.18032000 78.96748073 0.44299129  
1977        89.86304000 78.97299189 0.44280146  
1978        52.10880000 78.95941039 0.44278588  
1979        73.99248000 78.95690058 0.44256920  
1980        98.91904000 78.96698246 0.44246050  
1981        87.67056000 78.97137599 0.44225891  
1982        91.87728000 78.97788755 0.44208368  
1983        91.95728000 78.98443288 0.44190916  
1984        61.21216000 78.97547508 0.44177720  
1985        52.90400000 78.96234084 0.44174988  
1986        62.54448000 78.95407404 0.44160478  
1987        99.83792000 78.96458428 0.44150759  
1988        96.69792000 78.97350447 0.44137560  
1989        97.68416000 78.98291153 0.44125392  
1990        82.88944000 78.98487461 0.44103650  
1991        84.10928000 78.98744840 0.44082244  
1992        70.50192000 78.98318859 0.44062168  
1993        65.63824000 78.97649268 0.44045144  
1994        83.60032000 78.97881155 0.44023660  
1995        70.38160000 78.97450218 0.44003698  
1996        63.94256000 78.96697114 0.43988094  
1997        90.10944000 78.97255075 0.43969601  
1998        99.28976000 78.98271952 0.43959352  
1999        90.57920000 78.98852066 0.43941185  
2000        84.21728000 78.99113504 0.43919987  
