1           -0.45488000 -0.45488000 0.00000000  
2           -0.46056000 -0.45772000 0.00284000  
3           -0.45840000 -0.45794667 0.00165527  
4           -0.46112000 -0.45874000 0.00141398  
5           -0.46480000 -0.45995200 0.00163357  
6           -0.46488000 -0.46077333 0.00156640  
7           -0.47200000 -0.46237714 0.00207961  
8           -0.46640000 -0.46288000 0.00186988  
9           -0.45408000 -0.46190222 0.00191716  
10          -0.46480000 -0.46219200 0.00173908  
11          -0.46536000 -0.46248000 0.00159920  
12          -0.45720000 -0.46204000 0.00152473  
13          -0.45808000 -0.46173538 0.00143525  
14          -0.46072000 -0.46166286 0.00133076  
15          -0.46160000 -0.46165867 0.00123887  
16          -0.46064000 -0.46159500 0.00116061  
17          -0.45472000 -0.46119059 0.00116279  
18          -0.46200000 -0.46123556 0.00109721  
19          -0.46888000 -0.46163789 0.00111312  
20          -0.46968000 -0.46204000 0.00112996  
21          -0.46040000 -0.46196190 0.00107764  
22          -0.46408000 -0.46205818 0.00103199  
23          -0.45680000 -0.46182957 0.00101226  
24          -0.45752000 -0.46165000 0.00098566  
25          -0.46296000 -0.46170240 0.00094686  
26          -0.47104000 -0.46206154 0.00097804  
27          -0.45720000 -0.46188148 0.00095819  
28          -0.46504000 -0.46199429 0.00093020  
29          -0.46000000 -0.46192552 0.00090018  
30          -0.44992000 -0.46152533 0.00095731  
31          -0.46088000 -0.46150452 0.00092615  
32          -0.45344000 -0.46125250 0.00093148  
33          -0.45104000 -0.46094303 0.00095438  
34          -0.45560000 -0.46078588 0.00093913  
35          -0.45232000 -0.46054400 0.00094344  
36          -0.46744000 -0.46073556 0.00093665  
37          -0.44984000 -0.46044108 0.00095740  
38          -0.46808000 -0.46064211 0.00095330  
39          -0.46104000 -0.46065231 0.00092859  
40          -0.46264000 -0.46070200 0.00090644  
41          -0.45400000 -0.46053854 0.00089904  
42          -0.46304000 -0.46059810 0.00087939  
43          -0.45616000 -0.46049488 0.00086488  
44          -0.46200000 -0.46052909 0.00084569  
45          -0.46720000 -0.46067733 0.00083987  
46          -0.45384000 -0.46052870 0.00083474  
47          -0.46160000 -0.46055149 0.00081711  
48          -0.46608000 -0.46066667 0.00080815  
49          -0.45456000 -0.46054204 0.00080124  
50          -0.45752000 -0.46048160 0.00078738  
51          -0.46304000 -0.46053176 0.00077341  
52          -0.47200000 -0.46075231 0.00078981  
53          -0.46312000 -0.46079698 0.00077605  
54          -0.47056000 -0.46097778 0.00078271  
55          -0.46480000 -0.46104727 0.00077148  
56          -0.46336000 -0.46108857 0.00075871  
57          -0.45064000 -0.46090526 0.00076749  
58          -0.46472000 -0.46097103 0.00075700  
59          -0.46992000 -0.46112271 0.00075937  
60          -0.46256000 -0.46114667 0.00074699  
61          -0.45680000 -0.46107541 0.00073809  
62          -0.46792000 -0.46118581 0.00073443  
63          -0.45736000 -0.46112508 0.00072522  
64          -0.46760000 -0.46122625 0.00072094  
65          -0.45928000 -0.46119631 0.00071039  
66          -0.46424000 -0.46124242 0.00070106  
67          -0.46448000 -0.46129075 0.00069221  
68          -0.45952000 -0.46126471 0.00068245  
69          -0.46376000 -0.46130087 0.00067346  
70          -0.46800000 -0.46139657 0.00067063  
71          -0.45336000 -0.46128338 0.00067074  
72          -0.45928000 -0.46125556 0.00066194  
73          -0.46136000 -0.46125699 0.00065281  
74          -0.46520000 -0.46131027 0.00064613  
75          -0.46216000 -0.46132160 0.00063756  
76          -0.46168000 -0.46132632 0.00062913  
77          -0.45472000 -0.46124052 0.00062681  
78          -0.46688000 -0.46131282 0.00062293  
79          -0.46872000 -0.46140658 0.00062210  
80          -0.46240000 -0.46141900 0.00061440  
81          -0.45992000 -0.46140049 0.00060705  
82          -0.44824000 -0.46124000 0.00062071  
83          -0.47096000 -0.46135711 0.00062427  
84          -0.46128000 -0.46135619 0.00061679  
85          -0.45816000 -0.46131859 0.00061065  
86          -0.46672000 -0.46138140 0.00060677  
87          -0.46216000 -0.46139034 0.00059982  
88          -0.46000000 -0.46137455 0.00059317  
89          -0.46576000 -0.46142382 0.00058854  
90          -0.46808000 -0.46149778 0.00058664  
91          -0.46592000 -0.46154637 0.00058219  
92          -0.46424000 -0.46157565 0.00057657  
93          -0.47112000 -0.46167828 0.00057950  
94          -0.46552000 -0.46171915 0.00057476  
95          -0.46040000 -0.46170526 0.00056884  
96          -0.46616000 -0.46175167 0.00056480  
97          -0.46072000 -0.46174103 0.00055904  
98          -0.46488000 -0.46177306 0.00055424  
99          -0.46680000 -0.46182384 0.00055095  
100         -0.45792000 -0.46178480 0.00054681  
101         -0.46080000 -0.46177505 0.00054146  
102         -0.46056000 -0.46176314 0.00053626  
103         -0.45920000 -0.46173825 0.00053161  
104         -0.46816000 -0.46180000 0.00053008  
105         -0.45760000 -0.46176000 0.00052653  
106         -0.45512000 -0.46169736 0.00052529  
107         -0.46056000 -0.46168673 0.00052046  
108         -0.46240000 -0.46169333 0.00051566  
109         -0.46320000 -0.46170716 0.00051110  
110         -0.46232000 -0.46171273 0.00050646  
111         -0.46400000 -0.46173333 0.00050230  
112         -0.46088000 -0.46172571 0.00049785  
113         -0.46096000 -0.46171894 0.00049347  
114         -0.46840000 -0.46177754 0.00049262  
115         -0.46048000 -0.46176626 0.00048845  
116         -0.45280000 -0.46168897 0.00049035  
117         -0.46056000 -0.46167932 0.00048624  
118         -0.47928000 -0.46182847 0.00050465  
119         -0.46632000 -0.46186622 0.00050181  
120         -0.45816000 -0.46183533 0.00049857  
121         -0.46216000 -0.46183802 0.00049444  
122         -0.45280000 -0.46176393 0.00049593  
123         -0.45880000 -0.46173984 0.00049248  
124         -0.47064000 -0.46181161 0.00049373  
125         -0.46528000 -0.46183936 0.00049055  
126         -0.46008000 -0.46182540 0.00048684  
127         -0.46600000 -0.46185827 0.00048411  
128         -0.45672000 -0.46181813 0.00048199  
129         -0.46104000 -0.46181209 0.00047828  
130         -0.46016000 -0.46179938 0.00047475  
131         -0.47096000 -0.46186931 0.00047628  
132         -0.46048000 -0.46185879 0.00047277  
133         -0.46112000 -0.46185323 0.00046924  
134         -0.46432000 -0.46187164 0.00046609  
135         -0.45528000 -0.46182281 0.00046519  
136         -0.45752000 -0.46179118 0.00046284  
137         -0.46688000 -0.46182832 0.00046095  
138         -0.46120000 -0.46182377 0.00045762  
139         -0.46088000 -0.46181698 0.00045437  
140         -0.46456000 -0.46183657 0.00045153  
141         -0.46672000 -0.46187121 0.00044966  
142         -0.45904000 -0.46185127 0.00044692  
143         -0.45552000 -0.46180699 0.00044599  
144         -0.46328000 -0.46181722 0.00044300  
145         -0.46056000 -0.46180855 0.00044002  
146         -0.46672000 -0.46184219 0.00043829  
147         -0.45464000 -0.46179320 0.00043804  
148         -0.46880000 -0.46184054 0.00043764  
149         -0.46816000 -0.46188295 0.00043676  
150         -0.45648000 -0.46184693 0.00043533  
151         -0.45704000 -0.46181510 0.00043361  
152         -0.46296000 -0.46182263 0.00043081  
153         -0.45696000 -0.46179085 0.00042917  
154         -0.46432000 -0.46180727 0.00042669  
155         -0.45936000 -0.46179148 0.00042422  
156         -0.46296000 -0.46179897 0.00042156  
157         -0.46600000 -0.46182573 0.00041972  
158         -0.45256000 -0.46176709 0.00042115  
159         -0.46480000 -0.46178616 0.00041893  
160         -0.47072000 -0.46184200 0.00042003  
161         -0.46080000 -0.46183553 0.00041747  
162         -0.47392000 -0.46191012 0.00042153  
163         -0.45560000 -0.46187141 0.00042073  
164         -0.46752000 -0.46190585 0.00041957  
165         -0.46464000 -0.46192242 0.00041735  
166         -0.45872000 -0.46190313 0.00041527  
167         -0.46376000 -0.46191425 0.00041293  
168         -0.45856000 -0.46189429 0.00041095  
169         -0.45568000 -0.46185751 0.00041016  
170         -0.45968000 -0.46184471 0.00040794  
171         -0.46152000 -0.46184281 0.00040555  
172         -0.46672000 -0.46187116 0.00040419  
173         -0.47064000 -0.46192185 0.00040503  
174         -0.44600000 -0.46183034 0.00041296  
175         -0.46408000 -0.46184320 0.00041079  
176         -0.46720000 -0.46187364 0.00040958  
177         -0.46232000 -0.46187616 0.00040727  
178         -0.45736000 -0.46185079 0.00040577  
179         -0.46456000 -0.46186592 0.00040378  
180         -0.45928000 -0.46185156 0.00040179  
181         -0.46616000 -0.46187536 0.00040027  
182         -0.47064000 -0.46192352 0.00040097  
183         -0.46712000 -0.46195191 0.00039978  
184         -0.46384000 -0.46196217 0.00039773  
185         -0.47120000 -0.46201211 0.00039872  
186         -0.45536000 -0.46197634 0.00039818  
187         -0.46496000 -0.46199230 0.00039636  
188         -0.45992000 -0.46198128 0.00039440  
189         -0.45432000 -0.46194074 0.00039440  
190         -0.46368000 -0.46194989 0.00039243  
191         -0.45904000 -0.46193466 0.00039066  
192         -0.46016000 -0.46192542 0.00038873  
193         -0.45680000 -0.46189886 0.00038762  
194         -0.46512000 -0.46191546 0.00038598  
195         -0.45464000 -0.46187815 0.00038580  
196         -0.45752000 -0.46185592 0.00038447  
197         -0.46544000 -0.46187411 0.00038295  
198         -0.45344000 -0.46183152 0.00038338  
199         -0.46168000 -0.46183075 0.00038145  
200         -0.45888000 -0.46181600 0.00037983  
201         -0.46624000 -0.46183801 0.00037857  
202         -0.44832000 -0.46177109 0.00038259  
203         -0.45888000 -0.46175685 0.00038097  
204         -0.46088000 -0.46175255 0.00037912  
205         -0.45488000 -0.46171902 0.00037875  
206         -0.45696000 -0.46169592 0.00037762  
207         -0.45480000 -0.46166261 0.00037726  
208         -0.47312000 -0.46171769 0.00037946  
209         -0.46296000 -0.46172364 0.00037769  
210         -0.46520000 -0.46174019 0.00037625  
211         -0.46328000 -0.46174749 0.00037454  
212         -0.45528000 -0.46171698 0.00037401  
213         -0.46848000 -0.46174873 0.00037360  
214         -0.46088000 -0.46174467 0.00037188  
215         -0.46048000 -0.46173879 0.00037019  
216         -0.46360000 -0.46174741 0.00036857  
217         -0.45688000 -0.46172498 0.00036755  
218         -0.46000000 -0.46171706 0.00036595  
219         -0.46336000 -0.46172457 0.00036435  
220         -0.46528000 -0.46174073 0.00036305  
221         -0.45608000 -0.46171511 0.00036231  
222         -0.46984000 -0.46175171 0.00036253  
223         -0.47056000 -0.46179121 0.00036305  
224         -0.46408000 -0.46180143 0.00036157  
225         -0.47368000 -0.46185422 0.00036381  
226         -0.47760000 -0.46192389 0.00036884  
227         -0.46144000 -0.46192176 0.00036722  
228         -0.45504000 -0.46189158 0.00036685  
229         -0.45576000 -0.46186480 0.00036622  
230         -0.46400000 -0.46187409 0.00036475  
231         -0.45952000 -0.46186390 0.00036331  
232         -0.45704000 -0.46184310 0.00036233  
233         -0.46696000 -0.46186506 0.00036144  
234         -0.46120000 -0.46186222 0.00035991  
235         -0.46320000 -0.46186791 0.00035842  
236         -0.46416000 -0.46187763 0.00035703  
237         -0.46624000 -0.46189603 0.00035599  
238         -0.45928000 -0.46188504 0.00035467  
239         -0.45960000 -0.46187548 0.00035331  
240         -0.47776000 -0.46194167 0.00035800  
241         -0.46408000 -0.46195054 0.00035663  
242         -0.46752000 -0.46197355 0.00035589  
243         -0.46624000 -0.46199111 0.00035486  
244         -0.46568000 -0.46200623 0.00035373  
245         -0.45888000 -0.46199347 0.00035251  
246         -0.45832000 -0.46197854 0.00035139  
247         -0.46024000 -0.46197150 0.00035004  
248         -0.46640000 -0.46198935 0.00034908  
249         -0.47344000 -0.46203534 0.00035070  
250         -0.46472000 -0.46204608 0.00034946  
251         -0.46240000 -0.46204749 0.00034807  
252         -0.47848000 -0.46211270 0.00035277  
253         -0.46992000 -0.46214356 0.00035272  
254         -0.46240000 -0.46214457 0.00035133  
255         -0.46328000 -0.46214902 0.00034998  
256         -0.45464000 -0.46211969 0.00034984  
257         -0.46816000 -0.46214319 0.00034927  
258         -0.46184000 -0.46214202 0.00034791  
259         -0.46432000 -0.46215042 0.00034667  
260         -0.46080000 -0.46214523 0.00034537  
261         -0.46952000 -0.46217349 0.00034521  
262         -0.44928000 -0.46212427 0.00034739  
263         -0.45960000 -0.46211468 0.00034620  
264         -0.46232000 -0.46211545 0.00034489  
265         -0.45968000 -0.46210626 0.00034371  
266         -0.46336000 -0.46211098 0.00034244  
267         -0.46024000 -0.46210397 0.00034123  
268         -0.45680000 -0.46208418 0.00034053  
269         -0.46064000 -0.46207881 0.00033930  
270         -0.45952000 -0.46206933 0.00033818  
271         -0.46192000 -0.46206878 0.00033693  
272         -0.45888000 -0.46205706 0.00033589  
273         -0.45528000 -0.46203223 0.00033558  
274         -0.46120000 -0.46202920 0.00033437  
275         -0.45064000 -0.46198778 0.00033571  
276         -0.47064000 -0.46201913 0.00033596  
277         -0.45488000 -0.46199336 0.00033574  
278         -0.46200000 -0.46199338 0.00033453  
279         -0.46456000 -0.46200258 0.00033345  
280         -0.46336000 -0.46200743 0.00033229  
281         -0.45608000 -0.46198633 0.00033178  
282         -0.45912000 -0.46197617 0.00033076  
283         -0.46280000 -0.46197908 0.00032960  
284         -0.46144000 -0.46197718 0.00032844  
285         -0.45808000 -0.46196351 0.00032757  
286         -0.47088000 -0.46199469 0.00032791  
287         -0.46504000 -0.46200530 0.00032694  
288         -0.46936000 -0.46203083 0.00032680  
289         -0.44744000 -0.46198035 0.00032956  
290         -0.46928000 -0.46200552 0.00032938  
291         -0.46088000 -0.46200165 0.00032827  
292         -0.46064000 -0.46199699 0.00032718  
293         -0.46040000 -0.46199154 0.00032611  
294         -0.45896000 -0.46198122 0.00032516  
295         -0.46680000 -0.46199756 0.00032447  
296         -0.46920000 -0.46202189 0.00032428  
297         -0.45328000 -0.46199246 0.00032453  
298         -0.46328000 -0.46199678 0.00032346  
299         -0.46672000 -0.46201258 0.00032277  
300         -0.45344000 -0.46198400 0.00032296  
301         -0.45888000 -0.46197369 0.00032205  
302         -0.46144000 -0.46197192 0.00032098  
303         -0.45720000 -0.46195617 0.00032031  
304         -0.45704000 -0.46194000 0.00031966  
305         -0.46744000 -0.46195803 0.00031912  
306         -0.46928000 -0.46198196 0.00031898  
307         -0.46624000 -0.46199583 0.00031824  
308         -0.46200000 -0.46199584 0.00031720  
309         -0.45360000 -0.46196867 0.00031734  
310         -0.46264000 -0.46197084 0.00031632  
311         -0.45760000 -0.46195678 0.00031562  
312         -0.47336000 -0.46199333 0.00031672  
313         -0.46760000 -0.46201125 0.00031622  
314         -0.46528000 -0.46202166 0.00031538  
315         -0.45616000 -0.46200305 0.00031493  
316         -0.46608000 -0.46201595 0.00031419  
317         -0.45424000 -0.46199142 0.00031416  
318         -0.46360000 -0.46199648 0.00031321  
319         -0.47144000 -0.46202608 0.00031363  
320         -0.46832000 -0.46204575 0.00031326  
321         -0.46568000 -0.46205707 0.00031249  
322         -0.46344000 -0.46206137 0.00031155  
323         -0.47104000 -0.46208916 0.00031182  
324         -0.46464000 -0.46209704 0.00031096  
325         -0.46232000 -0.46209772 0.00031000  
326         -0.47296000 -0.46213104 0.00031084  
327         -0.46280000 -0.46213309 0.00030990  
328         -0.45288000 -0.46210488 0.00031024  
329         -0.45816000 -0.46209289 0.00030952  
330         -0.46168000 -0.46209164 0.00030859  
331         -0.46336000 -0.46209547 0.00030768  
332         -0.45552000 -0.46207566 0.00030739  
333         -0.45680000 -0.46205982 0.00030687  
334         -0.45752000 -0.46204623 0.00030625  
335         -0.46576000 -0.46205731 0.00030554  
336         -0.46744000 -0.46207333 0.00030505  
337         -0.46192000 -0.46207288 0.00030414  
338         -0.45064000 -0.46203905 0.00030512  
339         -0.46656000 -0.46205239 0.00030451  
340         -0.46304000 -0.46205529 0.00030363  
341         -0.45640000 -0.46203871 0.00030319  
342         -0.46440000 -0.46204561 0.00030238  
343         -0.45712000 -0.46203125 0.00030184  
344         -0.46712000 -0.46204605 0.00030133  
345         -0.46128000 -0.46204383 0.00030046  
346         -0.45808000 -0.46203237 0.00029981  
347         -0.46248000 -0.46203366 0.00029895  
348         -0.46384000 -0.46203885 0.00029813  
349         -0.45712000 -0.46202476 0.00029761  
350         -0.46768000 -0.46204091 0.00029720  
351         -0.46464000 -0.46204832 0.00029644  
352         -0.45816000 -0.46203727 0.00029581  
353         -0.46040000 -0.46203263 0.00029500  
354         -0.47032000 -0.46205605 0.00029510  
355         -0.45944000 -0.46204868 0.00029436  
356         -0.46112000 -0.46204607 0.00029354  
357         -0.46440000 -0.46205266 0.00029279  
358         -0.45448000 -0.46203151 0.00029274  
359         -0.47024000 -0.46205437 0.00029282  
360         -0.45608000 -0.46203778 0.00029247  
361         -0.46488000 -0.46204565 0.00029177  
362         -0.46000000 -0.46204000 0.00029102  
363         -0.46376000 -0.46204474 0.00029025  
364         -0.45792000 -0.46203341 0.00028968  
365         -0.46272000 -0.46203529 0.00028889  
366         -0.45648000 -0.46202011 0.00028850  
367         -0.45760000 -0.46200807 0.00028796  
368         -0.46592000 -0.46201870 0.00028737  
369         -0.47104000 -0.46204314 0.00028764  
370         -0.45464000 -0.46202314 0.00028755  
371         -0.45656000 -0.46200841 0.00028716  
372         -0.46208000 -0.46200860 0.00028638  
373         -0.45688000 -0.46199485 0.00028594  
374         -0.47648000 -0.46203358 0.00028780  
375         -0.45168000 -0.46200597 0.00028835  
376         -0.46608000 -0.46201681 0.00028779  
377         -0.45680000 -0.46200297 0.00028736  
378         -0.47872000 -0.46204720 0.00028999  
379         -0.47056000 -0.46206966 0.00029009  
380         -0.46544000 -0.46207853 0.00028947  
381         -0.46648000 -0.46209008 0.00028894  
382         -0.45280000 -0.46206576 0.00028920  
383         -0.45176000 -0.46203885 0.00028970  
384         -0.46288000 -0.46204104 0.00028895  
385         -0.46496000 -0.46204862 0.00028830  
386         -0.46584000 -0.46205845 0.00028772  
387         -0.46144000 -0.46205685 0.00028698  
388         -0.45960000 -0.46205052 0.00028631  
389         -0.46344000 -0.46205409 0.00028559  
390         -0.47272000 -0.46208144 0.00028617  
391         -0.45704000 -0.46206854 0.00028573  
392         -0.45704000 -0.46205571 0.00028529  
393         -0.46392000 -0.46206046 0.00028460  
394         -0.46400000 -0.46206538 0.00028392  
395         -0.44848000 -0.46203099 0.00028528  
396         -0.46056000 -0.46202727 0.00028458  
397         -0.45856000 -0.46201854 0.00028400  
398         -0.46288000 -0.46202070 0.00028329  
399         -0.46616000 -0.46203108 0.00028277  
400         -0.46384000 -0.46203560 0.00028210  
401         -0.46168000 -0.46203471 0.00028140  
402         -0.45672000 -0.46202149 0.00028101  
403         -0.45648000 -0.46200774 0.00028065  
404         -0.46296000 -0.46201010 0.00027996  
405         -0.45744000 -0.46199881 0.00027950  
406         -0.46520000 -0.46200670 0.00027892  
407         -0.45312000 -0.46198486 0.00027909  
408         -0.46672000 -0.46199647 0.00027865  
409         -0.47280000 -0.46202289 0.00027922  
410         -0.46432000 -0.46202849 0.00027859  
411         -0.47016000 -0.46204827 0.00027862  
412         -0.45168000 -0.46202311 0.00027908  
413         -0.46472000 -0.46202964 0.00027848  
414         -0.46968000 -0.46204812 0.00027842  
415         -0.46600000 -0.46205764 0.00027791  
416         -0.46120000 -0.46205558 0.00027725  
417         -0.47048000 -0.46207578 0.00027732  
418         -0.45424000 -0.46205703 0.00027729  
419         -0.46128000 -0.46205518 0.00027663  
420         -0.46432000 -0.46206057 0.00027603  
421         -0.45128000 -0.46203496 0.00027656  
422         -0.46720000 -0.46204720 0.00027617  
423         -0.46808000 -0.46206147 0.00027589  
424         -0.46776000 -0.46207491 0.00027556  
425         -0.47080000 -0.46209544 0.00027568  
426         -0.46904000 -0.46211174 0.00027552  
427         -0.45664000 -0.46209892 0.00027517  
428         -0.46992000 -0.46211720 0.00027513  
429         -0.47080000 -0.46213744 0.00027523  
430         -0.46408000 -0.46214195 0.00027463  
431         -0.45384000 -0.46212269 0.00027467  
432         -0.45296000 -0.46210148 0.00027485  
433         -0.45424000 -0.46208333 0.00027482  
434         -0.46064000 -0.46208000 0.00027420  
435         -0.45224000 -0.46205738 0.00027451  
436         -0.47224000 -0.46208073 0.00027487  
437         -0.46168000 -0.46207982 0.00027424  
438         -0.45544000 -0.46206466 0.00027403  
439         -0.45888000 -0.46205740 0.00027351  
440         -0.45592000 -0.46204345 0.00027324  
441         -0.45720000 -0.46203247 0.00027284  
442         -0.46072000 -0.46202950 0.00027224  
443         -0.46488000 -0.46203594 0.00027170  
444         -0.45984000 -0.46203099 0.00027113  
445         -0.47000000 -0.46204890 0.00027111  
446         -0.46792000 -0.46206206 0.00027083  
447         -0.46192000 -0.46206174 0.00027022  
448         -0.45136000 -0.46203786 0.00027067  
449         -0.45664000 -0.46202584 0.00027034  
450         -0.45952000 -0.46202027 0.00026979  
451         -0.46272000 -0.46202182 0.00026920  
452         -0.47344000 -0.46204708 0.00026979  
453         -0.46344000 -0.46205015 0.00026921  
454         -0.45608000 -0.46203700 0.00026894  
455         -0.47048000 -0.46205556 0.00026898  
456         -0.46064000 -0.46205246 0.00026841  
457         -0.46176000 -0.46205182 0.00026783  
458         -0.45912000 -0.46204541 0.00026732  
459         -0.45744000 -0.46203538 0.00026692  
460         -0.46280000 -0.46203704 0.00026635  
461         -0.47056000 -0.46205553 0.00026641  
462         -0.45192000 -0.46203359 0.00026674  
463         -0.46016000 -0.46202955 0.00026619  
464         -0.45888000 -0.46202276 0.00026570  
465         -0.46360000 -0.46202615 0.00026515  
466         -0.44752000 -0.46199502 0.00026641  
467         -0.47320000 -0.46201901 0.00026692  
468         -0.46032000 -0.46201538 0.00026637  
469         -0.46736000 -0.46202678 0.00026605  
470         -0.46952000 -0.46204272 0.00026596  
471         -0.45616000 -0.46203023 0.00026569  
472         -0.46288000 -0.46203203 0.00026513  
473         -0.46840000 -0.46204550 0.00026491  
474         -0.46288000 -0.46204726 0.00026436  
475         -0.46072000 -0.46204446 0.00026381  
476         -0.46208000 -0.46204454 0.00026326  
477         -0.46872000 -0.46205853 0.00026308  
478         -0.46216000 -0.46205874 0.00026253  
479         -0.45592000 -0.46204593 0.00026229  
480         -0.45960000 -0.46204083 0.00026180  
481         -0.45392000 -0.46202395 0.00026180  
482         -0.45432000 -0.46200797 0.00026174  
483         -0.46504000 -0.46201424 0.00026127  
484         -0.45224000 -0.46199405 0.00026151  
485         -0.46216000 -0.46199439 0.00026098  
486         -0.47016000 -0.46201119 0.00026098  
487         -0.46176000 -0.46201068 0.00026044  
488         -0.45904000 -0.46200459 0.00025998  
489         -0.46560000 -0.46201194 0.00025955  
490         -0.46928000 -0.46202678 0.00025945  
491         -0.46936000 -0.46204171 0.00025935  
492         -0.45568000 -0.46202878 0.00025914  
493         -0.46760000 -0.46204008 0.00025886  
494         -0.45832000 -0.46203255 0.00025845  
495         -0.46920000 -0.46204703 0.00025833  
496         -0.46192000 -0.46204677 0.00025781  
497         -0.46032000 -0.46204330 0.00025732  
498         -0.45776000 -0.46203470 0.00025694  
499         -0.46160000 -0.46203383 0.00025643  
500         -0.47448000 -0.46205872 0.00025712  
501         -0.46264000 -0.46205988 0.00025661  
502         -0.46976000 -0.46207522 0.00025656  
503         -0.47040000 -0.46209177 0.00025658  
504         -0.46272000 -0.46209302 0.00025608  
505         -0.46376000 -0.46209632 0.00025559  
506         -0.46368000 -0.46209945 0.00025510  
507         -0.46328000 -0.46210178 0.00025461  
508         -0.45648000 -0.46209071 0.00025435  
509         -0.46024000 -0.46208707 0.00025387  
510         -0.45368000 -0.46207059 0.00025391  
511         -0.46440000 -0.46207515 0.00025346  
512         -0.46928000 -0.46208922 0.00025335  
513         -0.45768000 -0.46208062 0.00025300  
514         -0.45512000 -0.46206708 0.00025287  
515         -0.46320000 -0.46206928 0.00025239  
516         -0.46232000 -0.46206977 0.00025190  
517         -0.46784000 -0.46208093 0.00025166  
518         -0.45424000 -0.46206579 0.00025163  
519         -0.47272000 -0.46208632 0.00025198  
520         -0.46880000 -0.46209923 0.00025183  
521         -0.46640000 -0.46210749 0.00025148  
522         -0.45448000 -0.46209287 0.00025142  
523         -0.45352000 -0.46207648 0.00025148  
524         -0.46152000 -0.46207542 0.00025100  
525         -0.45216000 -0.46205653 0.00025123  
526         -0.46576000 -0.46206357 0.00025085  
527         -0.45248000 -0.46204539 0.00025104  
528         -0.45928000 -0.46204015 0.00025061  
529         -0.45672000 -0.46203009 0.00025034  
530         -0.46432000 -0.46203442 0.00024991  
531         -0.46696000 -0.46204369 0.00024961  
532         -0.45568000 -0.46203173 0.00024943  
533         -0.46000000 -0.46202792 0.00024899  
534         -0.46056000 -0.46202517 0.00024854  
535         -0.46264000 -0.46202632 0.00024807  
536         -0.46208000 -0.46202642 0.00024761  
537         -0.45856000 -0.46201996 0.00024723  
538         -0.46320000 -0.46202216 0.00024678  
539         -0.45320000 -0.46200579 0.00024687  
540         -0.45928000 -0.46200074 0.00024646  
541         -0.46400000 -0.46200444 0.00024603  
542         -0.46408000 -0.46200827 0.00024561  
543         -0.46720000 -0.46201783 0.00024534  
544         -0.45312000 -0.46200147 0.00024544  
545         -0.46136000 -0.46200029 0.00024499  
546         -0.45904000 -0.46199487 0.00024460  
547         -0.46504000 -0.46200044 0.00024422  
548         -0.46392000 -0.46200394 0.00024379  
549         -0.46976000 -0.46201807 0.00024376  
550         -0.46272000 -0.46201935 0.00024332  
551         -0.46504000 -0.46202483 0.00024294  
552         -0.46072000 -0.46202246 0.00024251  
553         -0.46216000 -0.46202271 0.00024207  
554         -0.45984000 -0.46201877 0.00024167  
555         -0.45488000 -0.46200591 0.00024157  
556         -0.46368000 -0.46200892 0.00024116  
557         -0.46208000 -0.46200905 0.00024072  
558         -0.45960000 -0.46200473 0.00024033  
559         -0.45976000 -0.46200072 0.00023993  
560         -0.46160000 -0.46200000 0.00023951  
561         -0.47952000 -0.46203123 0.00024111  
562         -0.46128000 -0.46202989 0.00024068  
563         -0.46896000 -0.46204220 0.00024057  
564         -0.47072000 -0.46205759 0.00024064  
565         -0.46184000 -0.46205720 0.00024021  
566         -0.46728000 -0.46206643 0.00023996  
567         -0.45688000 -0.46205728 0.00023971  
568         -0.46152000 -0.46205634 0.00023929  
569         -0.46408000 -0.46205989 0.00023890  
570         -0.46016000 -0.46205656 0.00023850  
571         -0.46408000 -0.46206011 0.00023811  
572         -0.45216000 -0.46204280 0.00023832  
573         -0.45816000 -0.46203602 0.00023800  
574         -0.46784000 -0.46204613 0.00023780  
575         -0.45848000 -0.46203993 0.00023747  
576         -0.46200000 -0.46203986 0.00023706  
577         -0.46016000 -0.46203660 0.00023667  
578         -0.46664000 -0.46204457 0.00023639  
579         -0.46352000 -0.46204712 0.00023600  
580         -0.45744000 -0.46203917 0.00023573  
581         -0.45792000 -0.46203208 0.00023543  
582         -0.45064000 -0.46201251 0.00023584  
583         -0.45880000 -0.46200700 0.00023550  
584         -0.46144000 -0.46200603 0.00023509  
585         -0.46008000 -0.46200274 0.00023472  
586         -0.45680000 -0.46199386 0.00023448  
587         -0.46024000 -0.46199087 0.00023410  
588         -0.45504000 -0.46197905 0.00023400  
589         -0.46776000 -0.46198886 0.00023381  
590         -0.46136000 -0.46198780 0.00023342  
591         -0.47968000 -0.46201773 0.00023494  
592         -0.46464000 -0.46202216 0.00023458  
593         -0.46488000 -0.46202698 0.00023423  
594         -0.46448000 -0.46203111 0.00023388  
595         -0.46008000 -0.46202783 0.00023351  
596         -0.46288000 -0.46202926 0.00023312  
597         -0.45016000 -0.46200938 0.00023357  
598         -0.45760000 -0.46200201 0.00023330  
599         -0.46528000 -0.46200748 0.00023298  
600         -0.45912000 -0.46200267 0.00023264  
601         -0.45984000 -0.46199907 0.00023228  
602         -0.46248000 -0.46199987 0.00023189  
603         -0.47000000 -0.46201313 0.00023189  
604         -0.46088000 -0.46201126 0.00023151  
605         -0.46688000 -0.46201931 0.00023127  
606         -0.46152000 -0.46201848 0.00023089  
607         -0.46120000 -0.46201713 0.00023051  
608         -0.45984000 -0.46201355 0.00023016  
609         -0.46144000 -0.46201261 0.00022978  
610         -0.46152000 -0.46201180 0.00022941  
611         -0.46288000 -0.46201322 0.00022904  
612         -0.47456000 -0.46203373 0.00022958  
613         -0.46392000 -0.46203680 0.00022922  
614         -0.46352000 -0.46203922 0.00022886  
615         -0.45960000 -0.46203525 0.00022852  
616         -0.47408000 -0.46205481 0.00022899  
617         -0.46664000 -0.46206224 0.00022874  
618         -0.45352000 -0.46204841 0.00022879  
619         -0.46288000 -0.46204976 0.00022842  
620         -0.46240000 -0.46205032 0.00022805  
621         -0.46368000 -0.46205295 0.00022770  
622         -0.46008000 -0.46204977 0.00022736  
623         -0.45688000 -0.46204148 0.00022714  
624         -0.46480000 -0.46204590 0.00022682  
625         -0.45920000 -0.46204134 0.00022650  
626         -0.46152000 -0.46204051 0.00022614  
627         -0.45096000 -0.46202284 0.00022647  
628         -0.46464000 -0.46202701 0.00022615  
629         -0.46192000 -0.46202684 0.00022579  
630         -0.46176000 -0.46202641 0.00022543  
631         -0.46840000 -0.46203651 0.00022530  
632         -0.46416000 -0.46203987 0.00022497  
633         -0.45912000 -0.46203526 0.00022466  
634         -0.46848000 -0.46204543 0.00022454  
635         -0.46528000 -0.46205052 0.00022424  
636         -0.46216000 -0.46205069 0.00022389  
637         -0.45816000 -0.46204458 0.00022362  
638         -0.45176000 -0.46202846 0.00022385  
639         -0.46824000 -0.46203818 0.00022371  
640         -0.46440000 -0.46204187 0.00022339  
641         -0.46704000 -0.46204967 0.00022318  
642         -0.46152000 -0.46204885 0.00022283  
643         -0.47544000 -0.46206967 0.00022346  
644         -0.46576000 -0.46207540 0.00022318  
645         -0.46376000 -0.46207802 0.00022285  
646         -0.46112000 -0.46207653 0.00022251  
647         -0.46688000 -0.46208396 0.00022229  
648         -0.45680000 -0.46207580 0.00022210  
649         -0.46600000 -0.46208185 0.00022184  
650         -0.46528000 -0.46208677 0.00022155  
651         -0.46008000 -0.46208369 0.00022123  
652         -0.46544000 -0.46208883 0.00022095  
653         -0.46624000 -0.46209519 0.00022071  
654         -0.46040000 -0.46209260 0.00022038  
655         -0.46064000 -0.46209038 0.00022006  
656         -0.45760000 -0.46208354 0.00021983  
657         -0.46304000 -0.46208499 0.00021950  
658         -0.45272000 -0.46207076 0.00021963  
659         -0.46120000 -0.46206944 0.00021930  
660         -0.46832000 -0.46207891 0.00021917  
661         -0.45056000 -0.46206148 0.00021953  
662         -0.45768000 -0.46205486 0.00021930  
663         -0.44928000 -0.46203560 0.00021981  
664         -0.46632000 -0.46204205 0.00021958  
665         -0.45776000 -0.46203561 0.00021934  
666         -0.45664000 -0.46202751 0.00021916  
667         -0.45528000 -0.46201739 0.00021907  
668         -0.45488000 -0.46200671 0.00021900  
669         -0.45896000 -0.46200215 0.00021872  
670         -0.46200000 -0.46200215 0.00021839  
671         -0.47008000 -0.46201419 0.00021840  
672         -0.46904000 -0.46202464 0.00021832  
673         -0.46424000 -0.46202793 0.00021802  
674         -0.45792000 -0.46202184 0.00021779  
675         -0.46224000 -0.46202216 0.00021746  
676         -0.46536000 -0.46202710 0.00021720  
677         -0.46552000 -0.46203226 0.00021694  
678         -0.46152000 -0.46203150 0.00021662  
679         -0.46968000 -0.46204277 0.00021659  
680         -0.46224000 -0.46204306 0.00021627  
681         -0.45784000 -0.46203689 0.00021604  
682         -0.45904000 -0.46203249 0.00021577  
683         -0.46832000 -0.46204170 0.00021565  
684         -0.45792000 -0.46203567 0.00021542  
685         -0.46328000 -0.46203749 0.00021511  
686         -0.46592000 -0.46204315 0.00021488  
687         -0.46664000 -0.46204984 0.00021467  
688         -0.46488000 -0.46205395 0.00021439  
689         -0.46096000 -0.46205237 0.00021409  
690         -0.46088000 -0.46205067 0.00021378  
691         -0.45904000 -0.46204631 0.00021352  
692         -0.46056000 -0.46204416 0.00021322  
693         -0.46280000 -0.46204525 0.00021292  
694         -0.45864000 -0.46204035 0.00021267  
695         -0.46192000 -0.46204017 0.00021236  
696         -0.46904000 -0.46205023 0.00021229  
697         -0.45640000 -0.46204212 0.00021214  
698         -0.45448000 -0.46203129 0.00021212  
699         -0.46616000 -0.46203720 0.00021189  
700         -0.46024000 -0.46203463 0.00021161  
701         -0.45616000 -0.46202625 0.00021147  
702         -0.45032000 -0.46200957 0.00021183  
703         -0.45184000 -0.46199511 0.00021202  
704         -0.46048000 -0.46199295 0.00021173  
705         -0.46312000 -0.46199455 0.00021143  
706         -0.46632000 -0.46200068 0.00021122  
707         -0.46856000 -0.46200996 0.00021113  
708         -0.46880000 -0.46201955 0.00021105  
709         -0.45920000 -0.46201557 0.00021079  
710         -0.46832000 -0.46202445 0.00021068  
711         -0.46344000 -0.46202644 0.00021039  
712         -0.45776000 -0.46202045 0.00021018  
713         -0.47192000 -0.46203433 0.00021034  
714         -0.46192000 -0.46203417 0.00021005  
715         -0.45608000 -0.46202585 0.00020992  
716         -0.46120000 -0.46202469 0.00020963  
717         -0.45912000 -0.46202064 0.00020938  
718         -0.45680000 -0.46201337 0.00020921  
719         -0.47136000 -0.46202637 0.00020932  
720         -0.46248000 -0.46202700 0.00020903  
721         -0.45776000 -0.46202108 0.00020883  
722         -0.45952000 -0.46201762 0.00020857  
723         -0.45512000 -0.46200808 0.00020850  
724         -0.47024000 -0.46201945 0.00020852  
725         -0.46512000 -0.46202372 0.00020828  
726         -0.46288000 -0.46202490 0.00020799  
727         -0.46136000 -0.46202399 0.00020771  
728         -0.45656000 -0.46201648 0.00020756  
729         -0.46216000 -0.46201668 0.00020727  
730         -0.45400000 -0.46200570 0.00020728  
731         -0.46168000 -0.46200525 0.00020700  
732         -0.47328000 -0.46202066 0.00020729  
733         -0.45480000 -0.46201080 0.00020724  
734         -0.45416000 -0.46200011 0.00020723  
735         -0.46560000 -0.46200501 0.00020701  
736         -0.46496000 -0.46200902 0.00020677  
737         -0.46792000 -0.46201704 0.00020664  
738         -0.45752000 -0.46201095 0.00020645  
739         -0.45848000 -0.46200617 0.00020623  
740         -0.45952000 -0.46200281 0.00020597  
741         -0.47016000 -0.46201382 0.00020599  
742         -0.46616000 -0.46201941 0.00020579  
743         -0.47656000 -0.46203898 0.00020644  
744         -0.46160000 -0.46203839 0.00020616  
745         -0.47048000 -0.46204972 0.00020620  
746         -0.45832000 -0.46204472 0.00020598  
747         -0.44592000 -0.46202313 0.00020684  
748         -0.45664000 -0.46201594 0.00020669  
749         -0.46408000 -0.46201869 0.00020643  
750         -0.46248000 -0.46201931 0.00020615  
751         -0.47168000 -0.46203217 0.00020628  
752         -0.46656000 -0.46203819 0.00020609  
753         -0.46088000 -0.46203665 0.00020583  
754         -0.46336000 -0.46203841 0.00020556  
755         -0.46528000 -0.46204270 0.00020533  
756         -0.46552000 -0.46204730 0.00020511  
757         -0.46144000 -0.46204650 0.00020484  
758         -0.46392000 -0.46204897 0.00020459  
759         -0.45296000 -0.46203700 0.00020467  
760         -0.47056000 -0.46204821 0.00020471  
761         -0.46264000 -0.46204899 0.00020444  
762         -0.45328000 -0.46203748 0.00020449  
763         -0.45760000 -0.46203166 0.00020431  
764         -0.46440000 -0.46203476 0.00020406  
765         -0.45680000 -0.46202792 0.00020391  
766         -0.45392000 -0.46201734 0.00020392  
767         -0.47120000 -0.46202931 0.00020401  
768         -0.45240000 -0.46201677 0.00020413  
769         -0.45400000 -0.46200635 0.00020413  
770         -0.46520000 -0.46201049 0.00020390  
771         -0.46568000 -0.46201525 0.00020369  
772         -0.45616000 -0.46200767 0.00020357  
773         -0.47256000 -0.46202132 0.00020377  
774         -0.46496000 -0.46202512 0.00020354  
775         -0.46320000 -0.46202663 0.00020328  
776         -0.46152000 -0.46202598 0.00020302  
777         -0.46288000 -0.46202708 0.00020276  
778         -0.47088000 -0.46203846 0.00020282  
779         -0.46832000 -0.46204652 0.00020272  
780         -0.46112000 -0.46204533 0.00020246  
781         -0.46088000 -0.46204384 0.00020221  
782         -0.47184000 -0.46205637 0.00020234  
783         -0.46296000 -0.46205752 0.00020208  
784         -0.46088000 -0.46205602 0.00020183  
785         -0.45344000 -0.46204504 0.00020187  
786         -0.46880000 -0.46205364 0.00020180  
787         -0.46792000 -0.46206109 0.00020168  
788         -0.46800000 -0.46206863 0.00020156  
789         -0.45512000 -0.46205982 0.00020150  
790         -0.47576000 -0.46207716 0.00020199  
791         -0.45808000 -0.46207211 0.00020180  
792         -0.45944000 -0.46206879 0.00020157  
793         -0.45432000 -0.46205902 0.00020155  
794         -0.46800000 -0.46206650 0.00020144  
795         -0.46896000 -0.46207517 0.00020137  
796         -0.45160000 -0.46206201 0.00020155  
797         -0.46648000 -0.46206755 0.00020137  
798         -0.47176000 -0.46207970 0.00020149  
799         -0.46136000 -0.46207880 0.00020124  
800         -0.45312000 -0.46206760 0.00020130  
801         -0.45888000 -0.46206362 0.00020108  
802         -0.46496000 -0.46206723 0.00020087  
803         -0.46816000 -0.46207482 0.00020076  
804         -0.46392000 -0.46207711 0.00020052  
805         -0.46688000 -0.46208308 0.00020036  
806         -0.46336000 -0.46208467 0.00020012  
807         -0.45856000 -0.46208030 0.00019992  
808         -0.45552000 -0.46207218 0.00019984  
809         -0.45816000 -0.46206734 0.00019965  
810         -0.46544000 -0.46207151 0.00019945  
811         -0.46392000 -0.46207379 0.00019921  
812         -0.46888000 -0.46208217 0.00019914  
813         -0.46720000 -0.46208846 0.00019900  
814         -0.47304000 -0.46210192 0.00019921  
815         -0.46704000 -0.46210798 0.00019906  
816         -0.45176000 -0.46209529 0.00019922  
817         -0.44648000 -0.46207618 0.00019989  
818         -0.45696000 -0.46206993 0.00019974  
819         -0.45064000 -0.46205597 0.00019998  
820         -0.46264000 -0.46205668 0.00019974  
821         -0.46440000 -0.46205954 0.00019952  
822         -0.45936000 -0.46205625 0.00019930  
823         -0.46920000 -0.46206493 0.00019925  
824         -0.46576000 -0.46206942 0.00019906  
825         -0.47256000 -0.46208213 0.00019922  
826         -0.45792000 -0.46207709 0.00019905  
827         -0.45344000 -0.46206665 0.00019908  
828         -0.46472000 -0.46206986 0.00019886  
829         -0.45184000 -0.46205752 0.00019901  
830         -0.45560000 -0.46204973 0.00019892  
831         -0.45472000 -0.46204091 0.00019888  
832         -0.45352000 -0.46203067 0.00019890  
833         -0.47208000 -0.46204274 0.00019903  
834         -0.45920000 -0.46203933 0.00019882  
835         -0.45200000 -0.46202731 0.00019894  
836         -0.46168000 -0.46202689 0.00019871  
837         -0.45816000 -0.46202227 0.00019852  
838         -0.46408000 -0.46202473 0.00019830  
839         -0.46544000 -0.46202880 0.00019810  
840         -0.46776000 -0.46203562 0.00019799  
841         -0.45720000 -0.46202987 0.00019783  
842         -0.46664000 -0.46203534 0.00019768  
843         -0.45336000 -0.46202505 0.00019771  
844         -0.47240000 -0.46203735 0.00019786  
845         -0.47408000 -0.46205160 0.00019814  
846         -0.46368000 -0.46205352 0.00019791  
847         -0.46008000 -0.46205119 0.00019769  
848         -0.46680000 -0.46205679 0.00019754  
849         -0.45944000 -0.46205371 0.00019733  
850         -0.46656000 -0.46205901 0.00019717  
851         -0.46352000 -0.46206073 0.00019694  
852         -0.46744000 -0.46206704 0.00019681  
853         -0.46224000 -0.46206725 0.00019658  
854         -0.46344000 -0.46206885 0.00019636  
855         -0.45288000 -0.46205811 0.00019642  
856         -0.44704000 -0.46204056 0.00019698  
857         -0.46584000 -0.46204499 0.00019680  
858         -0.45984000 -0.46204242 0.00019658  
859         -0.45744000 -0.46203707 0.00019643  
860         -0.46488000 -0.46204037 0.00019623  
861         -0.45736000 -0.46203494 0.00019607  
862         -0.47600000 -0.46205114 0.00019652  
863         -0.45904000 -0.46204765 0.00019632  
864         -0.47040000 -0.46205731 0.00019633  
865         -0.46232000 -0.46205762 0.00019610  
866         -0.45928000 -0.46205441 0.00019590  
867         -0.46736000 -0.46206053 0.00019577  
868         -0.45424000 -0.46205152 0.00019575  
869         -0.46264000 -0.46205220 0.00019553  
870         -0.46680000 -0.46205766 0.00019538  
871         -0.46352000 -0.46205933 0.00019516  
872         -0.46008000 -0.46205706 0.00019495  
873         -0.46560000 -0.46206112 0.00019477  
874         -0.47024000 -0.46207048 0.00019477  
875         -0.46312000 -0.46207168 0.00019455  
876         -0.45896000 -0.46206813 0.00019436  
877         -0.45576000 -0.46206094 0.00019428  
878         -0.45104000 -0.46204838 0.00019446  
879         -0.45360000 -0.46203877 0.00019448  
880         -0.45912000 -0.46203545 0.00019428  
881         -0.46544000 -0.46203932 0.00019410  
882         -0.46784000 -0.46204590 0.00019399  
883         -0.46552000 -0.46204983 0.00019381  
884         -0.46424000 -0.46205231 0.00019361  
885         -0.46720000 -0.46205812 0.00019348  
886         -0.45616000 -0.46205147 0.00019337  
887         -0.46624000 -0.46205619 0.00019321  
888         -0.45776000 -0.46205135 0.00019306  
889         -0.47032000 -0.46206065 0.00019306  
890         -0.46672000 -0.46206589 0.00019292  
891         -0.46632000 -0.46207066 0.00019276  
892         -0.45936000 -0.46206762 0.00019257  
893         -0.46024000 -0.46206558 0.00019236  
894         -0.46656000 -0.46207060 0.00019221  
895         -0.47120000 -0.46208080 0.00019227  
896         -0.46968000 -0.46208929 0.00019224  
897         -0.46064000 -0.46208767 0.00019203  
898         -0.44944000 -0.46207359 0.00019234  
899         -0.45536000 -0.46206612 0.00019227  
900         -0.46624000 -0.46207076 0.00019211  
901         -0.46688000 -0.46207609 0.00019197  
902         -0.46808000 -0.46208275 0.00019187  
903         -0.46000000 -0.46208044 0.00019167  
904         -0.45608000 -0.46207381 0.00019158  
905         -0.46296000 -0.46207478 0.00019137  
906         -0.46128000 -0.46207391 0.00019116  
907         -0.46160000 -0.46207338 0.00019095  
908         -0.46664000 -0.46207841 0.00019080  
909         -0.45944000 -0.46207551 0.00019062  
910         -0.46296000 -0.46207648 0.00019041  
911         -0.46120000 -0.46207552 0.00019020  
912         -0.45304000 -0.46206561 0.00019025  
913         -0.46008000 -0.46206344 0.00019006  
914         -0.45808000 -0.46205908 0.00018990  
915         -0.46648000 -0.46206391 0.00018975  
916         -0.46472000 -0.46206681 0.00018957  
917         -0.46352000 -0.46206840 0.00018937  
918         -0.45856000 -0.46206458 0.00018920  
919         -0.45912000 -0.46206137 0.00018902  
920         -0.45888000 -0.46205791 0.00018885  
921         -0.47000000 -0.46206654 0.00018884  
922         -0.46016000 -0.46206447 0.00018864  
923         -0.46280000 -0.46206527 0.00018844  
924         -0.45368000 -0.46205619 0.00018846  
925         -0.46224000 -0.46205639 0.00018825  
926         -0.45872000 -0.46205279 0.00018808  
927         -0.46760000 -0.46205877 0.00018798  
928         -0.46608000 -0.46206310 0.00018782  
929         -0.46328000 -0.46206441 0.00018763  
930         -0.46360000 -0.46206606 0.00018743  
931         -0.46600000 -0.46207029 0.00018728  
932         -0.45752000 -0.46206541 0.00018714  
933         -0.46560000 -0.46206920 0.00018698  
934         -0.46696000 -0.46207443 0.00018685  
935         -0.47008000 -0.46208299 0.00018685  
936         -0.45648000 -0.46207701 0.00018674  
937         -0.47152000 -0.46208709 0.00018682  
938         -0.46616000 -0.46209143 0.00018667  
939         -0.45496000 -0.46208383 0.00018662  
940         -0.46440000 -0.46208630 0.00018644  
941         -0.46072000 -0.46208485 0.00018625  
942         -0.46584000 -0.46208883 0.00018609  
943         -0.46072000 -0.46208738 0.00018590  
944         -0.46056000 -0.46208576 0.00018571  
945         -0.46728000 -0.46209126 0.00018560  
946         -0.47984000 -0.46211002 0.00018635  
947         -0.46656000 -0.46211472 0.00018621  
948         -0.46080000 -0.46211333 0.00018602  
949         -0.46848000 -0.46212004 0.00018594  
950         -0.45664000 -0.46211427 0.00018584  
951         -0.45544000 -0.46210726 0.00018577  
952         -0.46840000 -0.46211387 0.00018570  
953         -0.46088000 -0.46211257 0.00018550  
954         -0.46216000 -0.46211262 0.00018531  
955         -0.45400000 -0.46210413 0.00018531  
956         -0.46536000 -0.46210753 0.00018515  
957         -0.45608000 -0.46210123 0.00018506  
958         -0.45816000 -0.46209712 0.00018491  
959         -0.46096000 -0.46209593 0.00018473  
960         -0.46136000 -0.46209517 0.00018453  
961         -0.46448000 -0.46209765 0.00018436  
962         -0.46024000 -0.46209572 0.00018418  
963         -0.46176000 -0.46209537 0.00018399  
964         -0.46208000 -0.46209535 0.00018380  
965         -0.45872000 -0.46209185 0.00018364  
966         -0.46776000 -0.46209772 0.00018354  
967         -0.45864000 -0.46209415 0.00018339  
968         -0.45816000 -0.46209008 0.00018324  
969         -0.45616000 -0.46208396 0.00018316  
970         -0.46336000 -0.46208528 0.00018297  
971         -0.46360000 -0.46208684 0.00018279  
972         -0.45984000 -0.46208453 0.00018262  
973         -0.46112000 -0.46208354 0.00018243  
974         -0.45536000 -0.46207663 0.00018237  
975         -0.46464000 -0.46207926 0.00018221  
976         -0.45856000 -0.46207566 0.00018205  
977         -0.47520000 -0.46208909 0.00018236  
978         -0.45576000 -0.46208262 0.00018229  
979         -0.46256000 -0.46208311 0.00018211  
980         -0.45728000 -0.46207820 0.00018199  
981         -0.46280000 -0.46207894 0.00018180  
982         -0.45880000 -0.46207560 0.00018165  
983         -0.45400000 -0.46206739 0.00018165  
984         -0.46128000 -0.46206659 0.00018147  
985         -0.46536000 -0.46206993 0.00018131  
986         -0.46880000 -0.46207675 0.00018126  
987         -0.45592000 -0.46207052 0.00018118  
988         -0.46232000 -0.46207077 0.00018100  
989         -0.45192000 -0.46206051 0.00018111  
990         -0.46960000 -0.46206812 0.00018108  
991         -0.46312000 -0.46206918 0.00018090  
992         -0.46032000 -0.46206742 0.00018073  
993         -0.47000000 -0.46207541 0.00018072  
994         -0.45816000 -0.46207147 0.00018058  
995         -0.46712000 -0.46207654 0.00018047  
996         -0.44992000 -0.46206434 0.00018071  
997         -0.45824000 -0.46206050 0.00018057  
998         -0.46768000 -0.46206613 0.00018047  
999         -0.47096000 -0.46207504 0.00018051  
1000        -0.46528000 -0.46207824 0.00018036  
1001        -0.45528000 -0.46207145 0.00018031  
1002        -0.46392000 -0.46207329 0.00018014  
1003        -0.45960000 -0.46207083 0.00017997  
1004        -0.47056000 -0.46207928 0.00017999  
1005        -0.46592000 -0.46208310 0.00017985  
1006        -0.45736000 -0.46207841 0.00017974  
1007        -0.47008000 -0.46208636 0.00017973  
1008        -0.46352000 -0.46208778 0.00017956  
1009        -0.46968000 -0.46209530 0.00017954  
1010        -0.46424000 -0.46209743 0.00017938  
1011        -0.46576000 -0.46210105 0.00017923  
1012        -0.47280000 -0.46211162 0.00017937  
1013        -0.45224000 -0.46210188 0.00017946  
1014        -0.45896000 -0.46209878 0.00017931  
1015        -0.46568000 -0.46210231 0.00017916  
1016        -0.47112000 -0.46211118 0.00017921  
1017        -0.45432000 -0.46210352 0.00017920  
1018        -0.46416000 -0.46210554 0.00017903  
1019        -0.46192000 -0.46210536 0.00017885  
1020        -0.46696000 -0.46211012 0.00017874  
1021        -0.46544000 -0.46211338 0.00017860  
1022        -0.46592000 -0.46211710 0.00017846  
1023        -0.47256000 -0.46212731 0.00017858  
1024        -0.46072000 -0.46212594 0.00017841  
1025        -0.45608000 -0.46212004 0.00017833  
1026        -0.44600000 -0.46210433 0.00017885  
1027        -0.46696000 -0.46210906 0.00017874  
1028        -0.46808000 -0.46211486 0.00017866  
1029        -0.46408000 -0.46211677 0.00017850  
1030        -0.46320000 -0.46211783 0.00017833  
1031        -0.46520000 -0.46212081 0.00017818  
1032        -0.45704000 -0.46211589 0.00017807  
1033        -0.45936000 -0.46211322 0.00017792  
1034        -0.46104000 -0.46211219 0.00017775  
1035        -0.45936000 -0.46210953 0.00017760  
1036        -0.45592000 -0.46210355 0.00017753  
1037        -0.47144000 -0.46211256 0.00017759  
1038        -0.45296000 -0.46210374 0.00017763  
1039        -0.45952000 -0.46210125 0.00017748  
1040        -0.44856000 -0.46208823 0.00017779  
1041        -0.47160000 -0.46209737 0.00017785  
1042        -0.45952000 -0.46209489 0.00017770  
1043        -0.45560000 -0.46208867 0.00017764  
1044        -0.46576000 -0.46209218 0.00017750  
1045        -0.46392000 -0.46209393 0.00017734  
1046        -0.45464000 -0.46208681 0.00017731  
1047        -0.45088000 -0.46207610 0.00017747  
1048        -0.46776000 -0.46208153 0.00017738  
1049        -0.46624000 -0.46208549 0.00017726  
1050        -0.46864000 -0.46209173 0.00017720  
1051        -0.46600000 -0.46209545 0.00017707  
1052        -0.46288000 -0.46209620 0.00017690  
1053        -0.46200000 -0.46209611 0.00017673  
1054        -0.46408000 -0.46209799 0.00017657  
1055        -0.45248000 -0.46208887 0.00017664  
1056        -0.45776000 -0.46208477 0.00017652  
1057        -0.46576000 -0.46208825 0.00017639  
1058        -0.46080000 -0.46208703 0.00017623  
1059        -0.46008000 -0.46208514 0.00017607  
1060        -0.47232000 -0.46209479 0.00017617  
1061        -0.46360000 -0.46209621 0.00017601  
1062        -0.45680000 -0.46209122 0.00017591  
1063        -0.46672000 -0.46209558 0.00017580  
1064        -0.46224000 -0.46209571 0.00017564  
1065        -0.45344000 -0.46208759 0.00017566  
1066        -0.46416000 -0.46208953 0.00017551  
1067        -0.46120000 -0.46208870 0.00017534  
1068        -0.44648000 -0.46207408 0.00017579  
1069        -0.46192000 -0.46207394 0.00017562  
1070        -0.45936000 -0.46207140 0.00017548  
1071        -0.46512000 -0.46207425 0.00017534  
1072        -0.46944000 -0.46208112 0.00017531  
1073        -0.46464000 -0.46208350 0.00017516  
1074        -0.46200000 -0.46208343 0.00017500  
1075        -0.46360000 -0.46208484 0.00017484  
1076        -0.46824000 -0.46209056 0.00017477  
1077        -0.46296000 -0.46209136 0.00017461  
1078        -0.47136000 -0.46209996 0.00017466  
1079        -0.46136000 -0.46209928 0.00017450  
1080        -0.45272000 -0.46209059 0.00017455  
1081        -0.45400000 -0.46208311 0.00017455  
1082        -0.45464000 -0.46207623 0.00017453  
1083        -0.45784000 -0.46207232 0.00017441  
1084        -0.46008000 -0.46207048 0.00017426  
1085        -0.46720000 -0.46207521 0.00017416  
1086        -0.45456000 -0.46206829 0.00017414  
1087        -0.46992000 -0.46207551 0.00017413  
1088        -0.45856000 -0.46207228 0.00017400  
1089        -0.46352000 -0.46207361 0.00017384  
1090        -0.45552000 -0.46206760 0.00017379  
1091        -0.46640000 -0.46207157 0.00017367  
1092        -0.46664000 -0.46207575 0.00017357  
1093        -0.46960000 -0.46208263 0.00017354  
1094        -0.45296000 -0.46207430 0.00017359  
1095        -0.47008000 -0.46208161 0.00017358  
1096        -0.45560000 -0.46207569 0.00017352  
1097        -0.46448000 -0.46207789 0.00017338  
1098        -0.45824000 -0.46207439 0.00017326  
1099        -0.46552000 -0.46207753 0.00017313  
1100        -0.46272000 -0.46207811 0.00017297  
1101        -0.45152000 -0.46206852 0.00017308  
1102        -0.46208000 -0.46206853 0.00017292  
1103        -0.46480000 -0.46207101 0.00017278  
1104        -0.45320000 -0.46206297 0.00017281  
1105        -0.45040000 -0.46205242 0.00017298  
1106        -0.45992000 -0.46205049 0.00017283  
1107        -0.45888000 -0.46204762 0.00017270  
1108        -0.47136000 -0.46205603 0.00017275  
1109        -0.46544000 -0.46205908 0.00017262  
1110        -0.46328000 -0.46206018 0.00017247  
1111        -0.45816000 -0.46205667 0.00017235  
1112        -0.46776000 -0.46206180 0.00017227  
1113        -0.46496000 -0.46206440 0.00017213  
1114        -0.46704000 -0.46206887 0.00017204  
1115        -0.45984000 -0.46206687 0.00017190  
1116        -0.46264000 -0.46206738 0.00017174  
1117        -0.45968000 -0.46206525 0.00017160  
1118        -0.45680000 -0.46206054 0.00017151  
1119        -0.46424000 -0.46206248 0.00017137  
1120        -0.45368000 -0.46205500 0.00017138  
1121        -0.45912000 -0.46205238 0.00017125  
1122        -0.45416000 -0.46204535 0.00017124  
1123        -0.46040000 -0.46204388 0.00017109  
1124        -0.45776000 -0.46204007 0.00017098  
1125        -0.46720000 -0.46204466 0.00017089  
1126        -0.46536000 -0.46204760 0.00017077  
1127        -0.46816000 -0.46205303 0.00017070  
1128        -0.45320000 -0.46204518 0.00017073  
1129        -0.46856000 -0.46205095 0.00017068  
1130        -0.45696000 -0.46204644 0.00017059  
1131        -0.45728000 -0.46204223 0.00017049  
1132        -0.46496000 -0.46204481 0.00017036  
1133        -0.47016000 -0.46205197 0.00017036  
1134        -0.44856000 -0.46204007 0.00017062  
1135        -0.46704000 -0.46204448 0.00017053  
1136        -0.45760000 -0.46204056 0.00017042  
1137        -0.45968000 -0.46203849 0.00017028  
1138        -0.46944000 -0.46204499 0.00017026  
1139        -0.46504000 -0.46204762 0.00017013  
1140        -0.46592000 -0.46205102 0.00017001  
1141        -0.47408000 -0.46206156 0.00017019  
1142        -0.46440000 -0.46206361 0.00017006  
1143        -0.45624000 -0.46205851 0.00016998  
1144        -0.45328000 -0.46205084 0.00017001  
1145        -0.46352000 -0.46205212 0.00016986  
1146        -0.46960000 -0.46205871 0.00016984  
1147        -0.45824000 -0.46205538 0.00016973  
1148        -0.46016000 -0.46205373 0.00016959  
1149        -0.46264000 -0.46205424 0.00016944  
1150        -0.46272000 -0.46205482 0.00016929  
1151        -0.45656000 -0.46205004 0.00016921  
1152        -0.46664000 -0.46205403 0.00016911  
1153        -0.46584000 -0.46205731 0.00016900  
1154        -0.46192000 -0.46205719 0.00016885  
1155        -0.46600000 -0.46206061 0.00016874  
1156        -0.45512000 -0.46205460 0.00016870  
1157        -0.46872000 -0.46206036 0.00016866  
1158        -0.46072000 -0.46205921 0.00016851  
1159        -0.45720000 -0.46205501 0.00016842  
1160        -0.46800000 -0.46206014 0.00016835  
1161        -0.45776000 -0.46205643 0.00016825  
1162        -0.46552000 -0.46205941 0.00016813  
1163        -0.46320000 -0.46206040 0.00016799  
1164        -0.46760000 -0.46206515 0.00016791  
1165        -0.46352000 -0.46206640 0.00016777  
1166        -0.47616000 -0.46207849 0.00016806  
1167        -0.46648000 -0.46208226 0.00016796  
1168        -0.46072000 -0.46208110 0.00016782  
1169        -0.45376000 -0.46207398 0.00016783  
1170        -0.45664000 -0.46206933 0.00016775  
1171        -0.46664000 -0.46207324 0.00016765  
1172        -0.45984000 -0.46207133 0.00016752  
1173        -0.46952000 -0.46207768 0.00016750  
1174        -0.46392000 -0.46207925 0.00016736  
1175        -0.45824000 -0.46207598 0.00016725  
1176        -0.46216000 -0.46207605 0.00016711  
1177        -0.45952000 -0.46207388 0.00016698  
1178        -0.46520000 -0.46207654 0.00016686  
1179        -0.45560000 -0.46207104 0.00016681  
1180        -0.46648000 -0.46207478 0.00016671  
1181        -0.45856000 -0.46207180 0.00016660  
1182        -0.46880000 -0.46207750 0.00016655  
1183        -0.46064000 -0.46207628 0.00016642  
1184        -0.45080000 -0.46206676 0.00016655  
1185        -0.45208000 -0.46205833 0.00016662  
1186        -0.46144000 -0.46205781 0.00016648  
1187        -0.45600000 -0.46205270 0.00016642  
1188        -0.45376000 -0.46204572 0.00016642  
1189        -0.46424000 -0.46204757 0.00016629  
1190        -0.46984000 -0.46205412 0.00016628  
1191        -0.46816000 -0.46205924 0.00016622  
1192        -0.46176000 -0.46205899 0.00016608  
1193        -0.46824000 -0.46206417 0.00016603  
1194        -0.46576000 -0.46206727 0.00016592  
1195        -0.45504000 -0.46206139 0.00016588  
1196        -0.46024000 -0.46205987 0.00016575  
1197        -0.46576000 -0.46206296 0.00016564  
1198        -0.45872000 -0.46206017 0.00016552  
1199        -0.46080000 -0.46205912 0.00016539  
1200        -0.46056000 -0.46205787 0.00016526  
1201        -0.47448000 -0.46206821 0.00016544  
1202        -0.46272000 -0.46206875 0.00016531  
1203        -0.47088000 -0.46207608 0.00016533  
1204        -0.45808000 -0.46207276 0.00016523  
1205        -0.45688000 -0.46206845 0.00016515  
1206        -0.45456000 -0.46206222 0.00016513  
1207        -0.47080000 -0.46206946 0.00016515  
1208        -0.46656000 -0.46207318 0.00016505  
1209        -0.45760000 -0.46206948 0.00016496  
1210        -0.45128000 -0.46206056 0.00016506  
1211        -0.46848000 -0.46206586 0.00016501  
1212        -0.45632000 -0.46206112 0.00016494  
1213        -0.46288000 -0.46206180 0.00016481  
1214        -0.46160000 -0.46206142 0.00016467  
1215        -0.46416000 -0.46206314 0.00016455  
1216        -0.46424000 -0.46206493 0.00016442  
1217        -0.46176000 -0.46206468 0.00016429  
1218        -0.46656000 -0.46206837 0.00016419  
1219        -0.45536000 -0.46206287 0.00016415  
1220        -0.46472000 -0.46206505 0.00016403  
1221        -0.45960000 -0.46206303 0.00016391  
1222        -0.47184000 -0.46207103 0.00016397  
1223        -0.46200000 -0.46207097 0.00016383  
1224        -0.45656000 -0.46206647 0.00016376  
1225        -0.46104000 -0.46206563 0.00016363  
1226        -0.46064000 -0.46206447 0.00016350  
1227        -0.46448000 -0.46206644 0.00016338  
1228        -0.45600000 -0.46206150 0.00016332  
1229        -0.46576000 -0.46206451 0.00016322  
1230        -0.45664000 -0.46206010 0.00016314  
1231        -0.46400000 -0.46206167 0.00016302  
1232        -0.45392000 -0.46205506 0.00016302  
1233        -0.46096000 -0.46205418 0.00016289  
1234        -0.46384000 -0.46205562 0.00016276  
1235        -0.45672000 -0.46205130 0.00016269  
1236        -0.46904000 -0.46205696 0.00016266  
1237        -0.45552000 -0.46205167 0.00016261  
1238        -0.46368000 -0.46205299 0.00016249  
1239        -0.46888000 -0.46205850 0.00016245  
1240        -0.46792000 -0.46206323 0.00016239  
1241        -0.45872000 -0.46206053 0.00016228  
1242        -0.45360000 -0.46205372 0.00016229  
1243        -0.45408000 -0.46204730 0.00016229  
1244        -0.46456000 -0.46204932 0.00016217  
1245        -0.46392000 -0.46205083 0.00016204  
1246        -0.47120000 -0.46205817 0.00016208  
1247        -0.46120000 -0.46205748 0.00016195  
1248        -0.46160000 -0.46205712 0.00016182  
1249        -0.46200000 -0.46205707 0.00016169  
1250        -0.46528000 -0.46205965 0.00016158  
1251        -0.45432000 -0.46205346 0.00016157  
1252        -0.46152000 -0.46205304 0.00016144  
1253        -0.46496000 -0.46205536 0.00016133  
1254        -0.46000000 -0.46205372 0.00016121  
1255        -0.47312000 -0.46206253 0.00016132  
1256        -0.46368000 -0.46206382 0.00016120  
1257        -0.45792000 -0.46206053 0.00016111  
1258        -0.47944000 -0.46207434 0.00016157  
1259        -0.46104000 -0.46207352 0.00016144  
1260        -0.45680000 -0.46206933 0.00016137  
1261        -0.45720000 -0.46206547 0.00016129  
1262        -0.46816000 -0.46207030 0.00016123  
1263        -0.45792000 -0.46206702 0.00016114  
1264        -0.46976000 -0.46207310 0.00016113  
1265        -0.46024000 -0.46207165 0.00016101  
1266        -0.46328000 -0.46207261 0.00016088  
1267        -0.45352000 -0.46206586 0.00016090  
1268        -0.46408000 -0.46206744 0.00016078  
1269        -0.46712000 -0.46207143 0.00016070  
1270        -0.46392000 -0.46207288 0.00016058  
1271        -0.45744000 -0.46206924 0.00016049  
1272        -0.46824000 -0.46207409 0.00016044  
1273        -0.46464000 -0.46207610 0.00016033  
1274        -0.46312000 -0.46207692 0.00016020  
1275        -0.46504000 -0.46207925 0.00016010  
1276        -0.45128000 -0.46207078 0.00016019  
1277        -0.46720000 -0.46207480 0.00016012  
1278        -0.46304000 -0.46207556 0.00015999  
1279        -0.47176000 -0.46208313 0.00016005  
1280        -0.46672000 -0.46208675 0.00015996  
1281        -0.45208000 -0.46207894 0.00016003  
1282        -0.46712000 -0.46208287 0.00015995  
1283        -0.46912000 -0.46208836 0.00015992  
1284        -0.47312000 -0.46209695 0.00016003  
1285        -0.46624000 -0.46210017 0.00015994  
1286        -0.46840000 -0.46210507 0.00015989  
1287        -0.47336000 -0.46211382 0.00016000  
1288        -0.47256000 -0.46212193 0.00016008  
1289        -0.46808000 -0.46212655 0.00016003  
1290        -0.45424000 -0.46212043 0.00016002  
1291        -0.45000000 -0.46211105 0.00016017  
1292        -0.45608000 -0.46210638 0.00016012  
1293        -0.47032000 -0.46211273 0.00016012  
1294        -0.46536000 -0.46211524 0.00016001  
1295        -0.46096000 -0.46211435 0.00015989  
1296        -0.46488000 -0.46211648 0.00015978  
1297        -0.46928000 -0.46212200 0.00015976  
1298        -0.45952000 -0.46212000 0.00015964  
1299        -0.45872000 -0.46211738 0.00015954  
1300        -0.45816000 -0.46211434 0.00015945  
1301        -0.46648000 -0.46211769 0.00015936  
1302        -0.45448000 -0.46211183 0.00015935  
1303        -0.46240000 -0.46211205 0.00015923  
1304        -0.45680000 -0.46210798 0.00015916  
1305        -0.47712000 -0.46211948 0.00015945  
1306        -0.45664000 -0.46211528 0.00015938  
1307        -0.46080000 -0.46211428 0.00015926  
1308        -0.47272000 -0.46212239 0.00015935  
1309        -0.46208000 -0.46212235 0.00015923  
1310        -0.47344000 -0.46213099 0.00015934  
1311        -0.46072000 -0.46212992 0.00015922  
1312        -0.47216000 -0.46213756 0.00015928  
1313        -0.46560000 -0.46214020 0.00015918  
1314        -0.46152000 -0.46213973 0.00015906  
1315        -0.45376000 -0.46213335 0.00015907  
1316        -0.44936000 -0.46212365 0.00015924  
1317        -0.46280000 -0.46212416 0.00015912  
1318        -0.46032000 -0.46212279 0.00015901  
1319        -0.45736000 -0.46211918 0.00015893  
1320        -0.45944000 -0.46211715 0.00015882  
1321        -0.47656000 -0.46212808 0.00015908  
1322        -0.45720000 -0.46212436 0.00015900  
1323        -0.45712000 -0.46212057 0.00015893  
1324        -0.45960000 -0.46211867 0.00015882  
1325        -0.46464000 -0.46212057 0.00015871  
1326        -0.46520000 -0.46212290 0.00015861  
1327        -0.46568000 -0.46212558 0.00015851  
1328        -0.46328000 -0.46212645 0.00015839  
1329        -0.46680000 -0.46212996 0.00015831  
1330        -0.46696000 -0.46213359 0.00015824  
1331        -0.46440000 -0.46213530 0.00015813  
1332        -0.45888000 -0.46213285 0.00015803  
1333        -0.46808000 -0.46213731 0.00015797  
1334        -0.45728000 -0.46213367 0.00015789  
1335        -0.46256000 -0.46213399 0.00015778  
1336        -0.45760000 -0.46213060 0.00015769  
1337        -0.46048000 -0.46212936 0.00015758  
1338        -0.45992000 -0.46212771 0.00015747  
1339        -0.45992000 -0.46212606 0.00015736  
1340        -0.46840000 -0.46213075 0.00015732  
1341        -0.47064000 -0.46213709 0.00015733  
1342        -0.45552000 -0.46213216 0.00015729  
1343        -0.45760000 -0.46212879 0.00015720  
1344        -0.46440000 -0.46213048 0.00015710  
1345        -0.44712000 -0.46211932 0.00015738  
1346        -0.47272000 -0.46212719 0.00015746  
1347        -0.46128000 -0.46212656 0.00015734  
1348        -0.46272000 -0.46212700 0.00015722  
1349        -0.45712000 -0.46212329 0.00015715  
1350        -0.45704000 -0.46211953 0.00015708  
1351        -0.46048000 -0.46211831 0.00015697  
1352        -0.45360000 -0.46211201 0.00015698  
1353        -0.46000000 -0.46211045 0.00015687  
1354        -0.47112000 -0.46211710 0.00015690  
1355        -0.46368000 -0.46211826 0.00015678  
1356        -0.45800000 -0.46211522 0.00015670  
1357        -0.46784000 -0.46211944 0.00015664  
1358        -0.46712000 -0.46212312 0.00015657  
1359        -0.46200000 -0.46212303 0.00015645  
1360        -0.46224000 -0.46212312 0.00015634  
1361        -0.46856000 -0.46212785 0.00015629  
1362        -0.45656000 -0.46212376 0.00015623  
1363        -0.45328000 -0.46211727 0.00015625  
1364        -0.46520000 -0.46211953 0.00015615  
1365        -0.45912000 -0.46211733 0.00015606  
1366        -0.45752000 -0.46211397 0.00015598  
1367        -0.45584000 -0.46210938 0.00015593  
1368        -0.45912000 -0.46210719 0.00015583  
1369        -0.46584000 -0.46210992 0.00015574  
1370        -0.47104000 -0.46211644 0.00015577  
1371        -0.47560000 -0.46212627 0.00015596  
1372        -0.46080000 -0.46212531 0.00015585  
1373        -0.46168000 -0.46212498 0.00015574  
1374        -0.46368000 -0.46212611 0.00015563  
1375        -0.45496000 -0.46212090 0.00015560  
1376        -0.46648000 -0.46212407 0.00015552  
1377        -0.46752000 -0.46212799 0.00015546  
1378        -0.45968000 -0.46212621 0.00015536  
1379        -0.45680000 -0.46212235 0.00015529  
1380        -0.46728000 -0.46212609 0.00015522  
1381        -0.45688000 -0.46212229 0.00015516  
1382        -0.46224000 -0.46212237 0.00015505  
1383        -0.45344000 -0.46211610 0.00015506  
1384        -0.45240000 -0.46210908 0.00015511  
1385        -0.46632000 -0.46211212 0.00015502  
1386        -0.46344000 -0.46211307 0.00015492  
1387        -0.46344000 -0.46211403 0.00015481  
1388        -0.46096000 -0.46211320 0.00015470  
1389        -0.46520000 -0.46211542 0.00015460  
1390        -0.46392000 -0.46211672 0.00015450  
1391        -0.45720000 -0.46211318 0.00015443  
1392        -0.47720000 -0.46212402 0.00015469  
1393        -0.45856000 -0.46212146 0.00015461  
1394        -0.45840000 -0.46211879 0.00015452  
1395        -0.45816000 -0.46211596 0.00015443  
1396        -0.46176000 -0.46211570 0.00015432  
1397        -0.46456000 -0.46211745 0.00015422  
1398        -0.46792000 -0.46212160 0.00015417  
1399        -0.46536000 -0.46212392 0.00015407  
1400        -0.47192000 -0.46213091 0.00015412  
1401        -0.45696000 -0.46212722 0.00015406  
1402        -0.46584000 -0.46212987 0.00015397  
1403        -0.45968000 -0.46212813 0.00015387  
1404        -0.47120000 -0.46213459 0.00015390  
1405        -0.46072000 -0.46213358 0.00015379  
1406        -0.46480000 -0.46213548 0.00015369  
1407        -0.46168000 -0.46213515 0.00015358  
1408        -0.45880000 -0.46213278 0.00015349  
1409        -0.46472000 -0.46213462 0.00015339  
1410        -0.47584000 -0.46214434 0.00015359  
1411        -0.46280000 -0.46214481 0.00015349  
1412        -0.46680000 -0.46214810 0.00015341  
1413        -0.46056000 -0.46214698 0.00015331  
1414        -0.45856000 -0.46214444 0.00015322  
1415        -0.45656000 -0.46214049 0.00015316  
1416        -0.46976000 -0.46214588 0.00015315  
1417        -0.46000000 -0.46214436 0.00015305  
1418        -0.44760000 -0.46213410 0.00015328  
1419        -0.45592000 -0.46212973 0.00015324  
1420        -0.45920000 -0.46212766 0.00015314  
1421        -0.45296000 -0.46212121 0.00015317  
1422        -0.46648000 -0.46212428 0.00015310  
1423        -0.46408000 -0.46212565 0.00015299  
1424        -0.47464000 -0.46213444 0.00015314  
1425        -0.46928000 -0.46213945 0.00015311  
1426        -0.46512000 -0.46214154 0.00015302  
1427        -0.46296000 -0.46214212 0.00015291  
1428        -0.45568000 -0.46213759 0.00015287  
1429        -0.45448000 -0.46213223 0.00015286  
1430        -0.46168000 -0.46213192 0.00015275  
1431        -0.46256000 -0.46213222 0.00015265  
1432        -0.46448000 -0.46213385 0.00015255  
1433        -0.45376000 -0.46212801 0.00015256  
1434        -0.46040000 -0.46212681 0.00015245  
1435        -0.46160000 -0.46212644 0.00015235  
1436        -0.45664000 -0.46212262 0.00015229  
1437        -0.47272000 -0.46212999 0.00015236  
1438        -0.46424000 -0.46213146 0.00015226  
1439        -0.46152000 -0.46213104 0.00015216  
1440        -0.46360000 -0.46213206 0.00015206  
1441        -0.45248000 -0.46212536 0.00015210  
1442        -0.46432000 -0.46212688 0.00015200  
1443        -0.46632000 -0.46212979 0.00015192  
1444        -0.46336000 -0.46213064 0.00015182  
1445        -0.45944000 -0.46212878 0.00015173  
1446        -0.47048000 -0.46213455 0.00015173  
1447        -0.46592000 -0.46213717 0.00015165  
1448        -0.45512000 -0.46213232 0.00015162  
1449        -0.46864000 -0.46213681 0.00015158  
1450        -0.45144000 -0.46212943 0.00015166  
1451        -0.46416000 -0.46213083 0.00015156  
1452        -0.46296000 -0.46213140 0.00015146  
1453        -0.46504000 -0.46213341 0.00015137  
1454        -0.45856000 -0.46213095 0.00015128  
1455        -0.46000000 -0.46212948 0.00015118  
1456        -0.46648000 -0.46213247 0.00015111  
1457        -0.46632000 -0.46213535 0.00015103  
1458        -0.46280000 -0.46213580 0.00015093  
1459        -0.45520000 -0.46213105 0.00015090  
1460        -0.46976000 -0.46213627 0.00015089  
1461        -0.46824000 -0.46214045 0.00015084  
1462        -0.45672000 -0.46213674 0.00015079  
1463        -0.46064000 -0.46213572 0.00015069  
1464        -0.45400000 -0.46213016 0.00015069  
1465        -0.44912000 -0.46212128 0.00015084  
1466        -0.45256000 -0.46211476 0.00015088  
1467        -0.45464000 -0.46210967 0.00015087  
1468        -0.45640000 -0.46210578 0.00015081  
1469        -0.45384000 -0.46210015 0.00015082  
1470        -0.45952000 -0.46209839 0.00015072  
1471        -0.46928000 -0.46210328 0.00015070  
1472        -0.46696000 -0.46210658 0.00015063  
1473        -0.46600000 -0.46210922 0.00015055  
1474        -0.46264000 -0.46210958 0.00015045  
1475        -0.45944000 -0.46210777 0.00015036  
1476        -0.45976000 -0.46210618 0.00015027  
1477        -0.46416000 -0.46210757 0.00015017  
1478        -0.46992000 -0.46211286 0.00015016  
1479        -0.46216000 -0.46211289 0.00015006  
1480        -0.45504000 -0.46210811 0.00015004  
1481        -0.45160000 -0.46210101 0.00015010  
1482        -0.46048000 -0.46209992 0.00015001  
1483        -0.46568000 -0.46210233 0.00014992  
1484        -0.46008000 -0.46210097 0.00014983  
1485        -0.46728000 -0.46210446 0.00014977  
1486        -0.45416000 -0.46209911 0.00014976  
1487        -0.46240000 -0.46209931 0.00014966  
1488        -0.46248000 -0.46209957 0.00014956  
1489        -0.46072000 -0.46209864 0.00014947  
1490        -0.46368000 -0.46209970 0.00014937  
1491        -0.46992000 -0.46210495 0.00014936  
1492        -0.47256000 -0.46211196 0.00014943  
1493        -0.46792000 -0.46211585 0.00014938  
1494        -0.45784000 -0.46211299 0.00014930  
1495        -0.46528000 -0.46211510 0.00014922  
1496        -0.46216000 -0.46211513 0.00014912  
1497        -0.46016000 -0.46211383 0.00014902  
1498        -0.45504000 -0.46210911 0.00014900  
1499        -0.44960000 -0.46210076 0.00014913  
1500        -0.45832000 -0.46209824 0.00014906  
1501        -0.46424000 -0.46209967 0.00014896  
1502        -0.46168000 -0.46209939 0.00014886  
1503        -0.46360000 -0.46210039 0.00014877  
1504        -0.46152000 -0.46210000 0.00014867  
1505        -0.47288000 -0.46210716 0.00014874  
1506        -0.46288000 -0.46210768 0.00014865  
1507        -0.46760000 -0.46211132 0.00014859  
1508        -0.46312000 -0.46211199 0.00014850  
1509        -0.46576000 -0.46211441 0.00014842  
1510        -0.47176000 -0.46212079 0.00014846  
1511        -0.46184000 -0.46212061 0.00014836  
1512        -0.45800000 -0.46211788 0.00014828  
1513        -0.46608000 -0.46212050 0.00014821  
1514        -0.47024000 -0.46212587 0.00014821  
1515        -0.46064000 -0.46212488 0.00014811  
1516        -0.45536000 -0.46212042 0.00014808  
1517        -0.46664000 -0.46212340 0.00014802  
1518        -0.45584000 -0.46211926 0.00014798  
1519        -0.45720000 -0.46211602 0.00014791  
1520        -0.46472000 -0.46211774 0.00014783  
1521        -0.46096000 -0.46211698 0.00014773  
1522        -0.45704000 -0.46211364 0.00014767  
1523        -0.46256000 -0.46211393 0.00014758  
1524        -0.45992000 -0.46211249 0.00014749  
1525        -0.46128000 -0.46211195 0.00014739  
1526        -0.46256000 -0.46211224 0.00014729  
1527        -0.46240000 -0.46211243 0.00014720  
1528        -0.45568000 -0.46210822 0.00014716  
1529        -0.46456000 -0.46210982 0.00014707  
1530        -0.45120000 -0.46210269 0.00014715  
1531        -0.46192000 -0.46210257 0.00014705  
1532        -0.46480000 -0.46210433 0.00014697  
1533        -0.47200000 -0.46211079 0.00014701  
1534        -0.46520000 -0.46211280 0.00014693  
1535        -0.46416000 -0.46211414 0.00014684  
1536        -0.46448000 -0.46211568 0.00014676  
1537        -0.46984000 -0.46212070 0.00014675  
1538        -0.46600000 -0.46212322 0.00014667  
1539        -0.46024000 -0.46212200 0.00014658  
1540        -0.45712000 -0.46211875 0.00014652  
1541        -0.46576000 -0.46212112 0.00014645  
1542        -0.46832000 -0.46212514 0.00014641  
1543        -0.46312000 -0.46212578 0.00014631  
1544        -0.46720000 -0.46212907 0.00014626  
1545        -0.47272000 -0.46213592 0.00014632  
1546        -0.46200000 -0.46213583 0.00014623  
1547        -0.45992000 -0.46213440 0.00014614  
1548        -0.46296000 -0.46213494 0.00014605  
1549        -0.45720000 -0.46213175 0.00014599  
1550        -0.46456000 -0.46213332 0.00014590  
1551        -0.45256000 -0.46212714 0.00014594  
1552        -0.47072000 -0.46213268 0.00014595  
1553        -0.46000000 -0.46213131 0.00014586  
1554        -0.46384000 -0.46213241 0.00014577  
1555        -0.45928000 -0.46213057 0.00014569  
1556        -0.46576000 -0.46213290 0.00014561  
1557        -0.46400000 -0.46213410 0.00014552  
1558        -0.45768000 -0.46213125 0.00014546  
1559        -0.46616000 -0.46213383 0.00014539  
1560        -0.45568000 -0.46212969 0.00014535  
1561        -0.45712000 -0.46212648 0.00014530  
1562        -0.45552000 -0.46212225 0.00014527  
1563        -0.45704000 -0.46211900 0.00014521  
1564        -0.45816000 -0.46211647 0.00014514  
1565        -0.45600000 -0.46211256 0.00014510  
1566        -0.45792000 -0.46210989 0.00014503  
1567        -0.46032000 -0.46210874 0.00014494  
1568        -0.45112000 -0.46210173 0.00014502  
1569        -0.46048000 -0.46210070 0.00014493  
1570        -0.46408000 -0.46210196 0.00014484  
1571        -0.45760000 -0.46209910 0.00014478  
1572        -0.47296000 -0.46210601 0.00014485  
1573        -0.46288000 -0.46210650 0.00014476  
1574        -0.45056000 -0.46209916 0.00014485  
1575        -0.46080000 -0.46209834 0.00014477  
1576        -0.45744000 -0.46209538 0.00014470  
1577        -0.46800000 -0.46209912 0.00014466  
1578        -0.46456000 -0.46210068 0.00014458  
1579        -0.46832000 -0.46210462 0.00014454  
1580        -0.46152000 -0.46210425 0.00014445  
1581        -0.46848000 -0.46210829 0.00014441  
1582        -0.46304000 -0.46210887 0.00014432  
1583        -0.47048000 -0.46211416 0.00014433  
1584        -0.46656000 -0.46211697 0.00014426  
1585        -0.45976000 -0.46211548 0.00014418  
1586        -0.47536000 -0.46212383 0.00014433  
1587        -0.46312000 -0.46212446 0.00014424  
1588        -0.45840000 -0.46212212 0.00014417  
1589        -0.45472000 -0.46211746 0.00014416  
1590        -0.46352000 -0.46211834 0.00014407  
1591        -0.45072000 -0.46211118 0.00014415  
1592        -0.46592000 -0.46211357 0.00014408  
1593        -0.46296000 -0.46211410 0.00014399  
1594        -0.46432000 -0.46211548 0.00014391  
1595        -0.45792000 -0.46211285 0.00014384  
1596        -0.46176000 -0.46211263 0.00014375  
1597        -0.45752000 -0.46210976 0.00014369  
1598        -0.46384000 -0.46211084 0.00014361  
1599        -0.46264000 -0.46211117 0.00014352  
1600        -0.47360000 -0.46211835 0.00014361  
1601        -0.46320000 -0.46211903 0.00014352  
1602        -0.45976000 -0.46211755 0.00014344  
1603        -0.45976000 -0.46211608 0.00014336  
1604        -0.46264000 -0.46211641 0.00014327  
1605        -0.46288000 -0.46211688 0.00014318  
1606        -0.45280000 -0.46211108 0.00014321  
1607        -0.46232000 -0.46211121 0.00014312  
1608        -0.46272000 -0.46211159 0.00014303  
1609        -0.46088000 -0.46211083 0.00014294  
1610        -0.46544000 -0.46211289 0.00014287  
1611        -0.46560000 -0.46211506 0.00014280  
1612        -0.46232000 -0.46211519 0.00014271  
1613        -0.46128000 -0.46211467 0.00014262  
1614        -0.46256000 -0.46211494 0.00014253  
1615        -0.46688000 -0.46211789 0.00014247  
1616        -0.45192000 -0.46211158 0.00014253  
1617        -0.46304000 -0.46211216 0.00014244  
1618        -0.46360000 -0.46211308 0.00014235  
1619        -0.47392000 -0.46212037 0.00014245  
1620        -0.45448000 -0.46211565 0.00014244  
1621        -0.46256000 -0.46211593 0.00014235  
1622        -0.45712000 -0.46211285 0.00014230  
1623        -0.46320000 -0.46211352 0.00014221  
1624        -0.46016000 -0.46211232 0.00014213  
1625        -0.46960000 -0.46211692 0.00014212  
1626        -0.46064000 -0.46211601 0.00014203  
1627        -0.45848000 -0.46211378 0.00014196  
1628        -0.46680000 -0.46211666 0.00014191  
1629        -0.46256000 -0.46211693 0.00014182  
1630        -0.46536000 -0.46211892 0.00014175  
1631        -0.45936000 -0.46211723 0.00014167  
1632        -0.47360000 -0.46212426 0.00014176  
1633        -0.46592000 -0.46212659 0.00014169  
1634        -0.46536000 -0.46212857 0.00014162  
1635        -0.47248000 -0.46213490 0.00014167  
1636        -0.46896000 -0.46213907 0.00014165  
1637        -0.46616000 -0.46214153 0.00014158  
1638        -0.46152000 -0.46214115 0.00014150  
1639        -0.46096000 -0.46214043 0.00014141  
1640        -0.45928000 -0.46213868 0.00014134  
1641        -0.46256000 -0.46213894 0.00014125  
1642        -0.46048000 -0.46213793 0.00014117  
1643        -0.45904000 -0.46213604 0.00014109  
1644        -0.45896000 -0.46213411 0.00014102  
1645        -0.45536000 -0.46212999 0.00014100  
1646        -0.46336000 -0.46213074 0.00014091  
1647        -0.45680000 -0.46212750 0.00014086  
1648        -0.46480000 -0.46212913 0.00014079  
1649        -0.46760000 -0.46213244 0.00014074  
1650        -0.46400000 -0.46213358 0.00014066  
1651        -0.46080000 -0.46213277 0.00014058  
1652        -0.46840000 -0.46213656 0.00014054  
1653        -0.45256000 -0.46213077 0.00014058  
1654        -0.46624000 -0.46213325 0.00014051  
1655        -0.46744000 -0.46213646 0.00014047  
1656        -0.46688000 -0.46213932 0.00014041  
1657        -0.47304000 -0.46214590 0.00014048  
1658        -0.45704000 -0.46214282 0.00014043  
1659        -0.46216000 -0.46214283 0.00014034  
1660        -0.45624000 -0.46213928 0.00014031  
1661        -0.46248000 -0.46213948 0.00014022  
1662        -0.46400000 -0.46214060 0.00014014  
1663        -0.45856000 -0.46213845 0.00014007  
1664        -0.46272000 -0.46213880 0.00013999  
1665        -0.46528000 -0.46214068 0.00013992  
1666        -0.46048000 -0.46213969 0.00013984  
1667        -0.45392000 -0.46213476 0.00013984  
1668        -0.45976000 -0.46213333 0.00013976  
1669        -0.45952000 -0.46213177 0.00013969  
1670        -0.46496000 -0.46213346 0.00013962  
1671        -0.45896000 -0.46213156 0.00013954  
1672        -0.46208000 -0.46213153 0.00013946  
1673        -0.46144000 -0.46213112 0.00013938  
1674        -0.46472000 -0.46213266 0.00013930  
1675        -0.45776000 -0.46213005 0.00013925  
1676        -0.46424000 -0.46213131 0.00013917  
1677        -0.45872000 -0.46212928 0.00013910  
1678        -0.45800000 -0.46212682 0.00013904  
1679        -0.46896000 -0.46213089 0.00013902  
1680        -0.46112000 -0.46213029 0.00013893  
1681        -0.46144000 -0.46212988 0.00013885  
1682        -0.46344000 -0.46213065 0.00013877  
1683        -0.45528000 -0.46212658 0.00013875  
1684        -0.46736000 -0.46212969 0.00013870  
1685        -0.45992000 -0.46212838 0.00013862  
1686        -0.45392000 -0.46212351 0.00013863  
1687        -0.46256000 -0.46212377 0.00013855  
1688        -0.46232000 -0.46212389 0.00013846  
1689        -0.45968000 -0.46212244 0.00013839  
1690        -0.46616000 -0.46212483 0.00013833  
1691        -0.46056000 -0.46212390 0.00013825  
1692        -0.45616000 -0.46212038 0.00013821  
1693        -0.46608000 -0.46212272 0.00013815  
1694        -0.45360000 -0.46211769 0.00013816  
1695        -0.46368000 -0.46211861 0.00013808  
1696        -0.47336000 -0.46212524 0.00013816  
1697        -0.47112000 -0.46213054 0.00013818  
1698        -0.46264000 -0.46213084 0.00013810  
1699        -0.45960000 -0.46212935 0.00013803  
1700        -0.46304000 -0.46212988 0.00013795  
1701        -0.46096000 -0.46212919 0.00013787  
1702        -0.46880000 -0.46213311 0.00013784  
1703        -0.46568000 -0.46213520 0.00013778  
1704        -0.45264000 -0.46212962 0.00013781  
1705        -0.46392000 -0.46213067 0.00013773  
1706        -0.46408000 -0.46213182 0.00013766  
1707        -0.46288000 -0.46213226 0.00013758  
1708        -0.46168000 -0.46213199 0.00013749  
1709        -0.45392000 -0.46212719 0.00013750  
1710        -0.45152000 -0.46212098 0.00013756  
1711        -0.45808000 -0.46211862 0.00013750  
1712        -0.45536000 -0.46211467 0.00013747  
1713        -0.45792000 -0.46211222 0.00013742  
1714        -0.46280000 -0.46211263 0.00013734  
1715        -0.46216000 -0.46211265 0.00013726  
1716        -0.46592000 -0.46211487 0.00013719  
1717        -0.46080000 -0.46211411 0.00013712  
1718        -0.46296000 -0.46211460 0.00013704  
1719        -0.46352000 -0.46211542 0.00013696  
1720        -0.46936000 -0.46211963 0.00013694  
1721        -0.46352000 -0.46212044 0.00013687  
1722        -0.46424000 -0.46212167 0.00013679  
1723        -0.46792000 -0.46212504 0.00013676  
1724        -0.46528000 -0.46212687 0.00013669  
1725        -0.45920000 -0.46212517 0.00013662  
1726        -0.47112000 -0.46213038 0.00013664  
1727        -0.45856000 -0.46212831 0.00013658  
1728        -0.46496000 -0.46212995 0.00013651  
1729        -0.46840000 -0.46213358 0.00013648  
1730        -0.47416000 -0.46214053 0.00013657  
1731        -0.46056000 -0.46213962 0.00013650  
1732        -0.46256000 -0.46213986 0.00013642  
1733        -0.45824000 -0.46213761 0.00013636  
1734        -0.46096000 -0.46213693 0.00013628  
1735        -0.46464000 -0.46213837 0.00013621  
1736        -0.45880000 -0.46213645 0.00013615  
1737        -0.46912000 -0.46214047 0.00013613  
1738        -0.45928000 -0.46213883 0.00013606  
1739        -0.45968000 -0.46213741 0.00013599  
1740        -0.46608000 -0.46213968 0.00013593  
1741        -0.47472000 -0.46214690 0.00013604  
1742        -0.45472000 -0.46214264 0.00013603  
1743        -0.46216000 -0.46214265 0.00013595  
1744        -0.46488000 -0.46214422 0.00013589  
1745        -0.46192000 -0.46214409 0.00013581  
1746        -0.46400000 -0.46214515 0.00013573  
1747        -0.45920000 -0.46214347 0.00013567  
1748        -0.46528000 -0.46214526 0.00013560  
1749        -0.46664000 -0.46214783 0.00013555  
1750        -0.45960000 -0.46214638 0.00013548  
1751        -0.45832000 -0.46214419 0.00013542  
1752        -0.45696000 -0.46214123 0.00013537  
1753        -0.46616000 -0.46214353 0.00013532  
1754        -0.46144000 -0.46214312 0.00013524  
1755        -0.46248000 -0.46214332 0.00013516  
1756        -0.46096000 -0.46214264 0.00013509  
1757        -0.46744000 -0.46214566 0.00013504  
1758        -0.45936000 -0.46214407 0.00013498  
1759        -0.44680000 -0.46213535 0.00013518  
1760        -0.46072000 -0.46213455 0.00013511  
1761        -0.46688000 -0.46213724 0.00013506  
1762        -0.46192000 -0.46213712 0.00013498  
1763        -0.45392000 -0.46213246 0.00013498  
1764        -0.46800000 -0.46213578 0.00013495  
1765        -0.46096000 -0.46213512 0.00013487  
1766        -0.45592000 -0.46213160 0.00013484  
1767        -0.46704000 -0.46213437 0.00013480  
1768        -0.45560000 -0.46213068 0.00013477  
1769        -0.46344000 -0.46213142 0.00013470  
1770        -0.46600000 -0.46213360 0.00013464  
1771        -0.46176000 -0.46213339 0.00013456  
1772        -0.45680000 -0.46213038 0.00013452  
1773        -0.46448000 -0.46213171 0.00013445  
1774        -0.47040000 -0.46213637 0.00013445  
1775        -0.46296000 -0.46213683 0.00013438  
1776        -0.46664000 -0.46213937 0.00013433  
1777        -0.46280000 -0.46213974 0.00013425  
1778        -0.45104000 -0.46213350 0.00013432  
1779        -0.45696000 -0.46213059 0.00013428  
1780        -0.46168000 -0.46213034 0.00013420  
1781        -0.46160000 -0.46213004 0.00013413  
1782        -0.46856000 -0.46213365 0.00013410  
1783        -0.45088000 -0.46212734 0.00013417  
1784        -0.45536000 -0.46212354 0.00013415  
1785        -0.46816000 -0.46212692 0.00013412  
1786        -0.47600000 -0.46213469 0.00013427  
1787        -0.46528000 -0.46213645 0.00013421  
1788        -0.47112000 -0.46214148 0.00013423  
1789        -0.45816000 -0.46213925 0.00013417  
1790        -0.46000000 -0.46213806 0.00013410  
1791        -0.45432000 -0.46213369 0.00013410  
1792        -0.47128000 -0.46213879 0.00013412  
1793        -0.46696000 -0.46214148 0.00013407  
1794        -0.45624000 -0.46213819 0.00013404  
1795        -0.46288000 -0.46213861 0.00013396  
1796        -0.46160000 -0.46213831 0.00013389  
1797        -0.46240000 -0.46213845 0.00013381  
1798        -0.45472000 -0.46213433 0.00013380  
1799        -0.46200000 -0.46213425 0.00013373  
1800        -0.46184000 -0.46213409 0.00013365  
1801        -0.45248000 -0.46212873 0.00013369  
1802        -0.46712000 -0.46213150 0.00013364  
1803        -0.46280000 -0.46213187 0.00013357  
1804        -0.45824000 -0.46212971 0.00013351  
1805        -0.45504000 -0.46212578 0.00013349  
1806        -0.45808000 -0.46212354 0.00013344  
1807        -0.46544000 -0.46212538 0.00013338  
1808        -0.47112000 -0.46213035 0.00013340  
1809        -0.46544000 -0.46213218 0.00013334  
1810        -0.45616000 -0.46212888 0.00013330  
1811        -0.45824000 -0.46212674 0.00013325  
1812        -0.46168000 -0.46212649 0.00013317  
1813        -0.46232000 -0.46212660 0.00013310  
1814        -0.46408000 -0.46212767 0.00013303  
1815        -0.45232000 -0.46212227 0.00013307  
1816        -0.46568000 -0.46212423 0.00013301  
1817        -0.45480000 -0.46212020 0.00013300  
1818        -0.46312000 -0.46212075 0.00013292  
1819        -0.46616000 -0.46212297 0.00013287  
1820        -0.45816000 -0.46212079 0.00013282  
1821        -0.46504000 -0.46212239 0.00013275  
1822        -0.46400000 -0.46212342 0.00013268  
1823        -0.46360000 -0.46212423 0.00013261  
1824        -0.46448000 -0.46212553 0.00013255  
1825        -0.46272000 -0.46212585 0.00013247  
1826        -0.46624000 -0.46212811 0.00013242  
1827        -0.45736000 -0.46212550 0.00013237  
1828        -0.45488000 -0.46212153 0.00013236  
1829        -0.46120000 -0.46212103 0.00013229  
1830        -0.46280000 -0.46212140 0.00013222  
1831        -0.45912000 -0.46211976 0.00013216  
1832        -0.46192000 -0.46211965 0.00013208  
1833        -0.46128000 -0.46211919 0.00013201  
1834        -0.46880000 -0.46212284 0.00013199  
1835        -0.46144000 -0.46212246 0.00013192  
1836        -0.46688000 -0.46212505 0.00013187  
1837        -0.45752000 -0.46212255 0.00013182  
1838        -0.45064000 -0.46211630 0.00013190  
1839        -0.46400000 -0.46211732 0.00013183  
1840        -0.45256000 -0.46211213 0.00013186  
1841        -0.45904000 -0.46211046 0.00013180  
1842        -0.46496000 -0.46211201 0.00013174  
1843        -0.46480000 -0.46211347 0.00013168  
1844        -0.46400000 -0.46211449 0.00013161  
1845        -0.44968000 -0.46210775 0.00013171  
1846        -0.45976000 -0.46210648 0.00013165  
1847        -0.46344000 -0.46210720 0.00013158  
1848        -0.46376000 -0.46210810 0.00013151  
1849        -0.46824000 -0.46211141 0.00013148  
1850        -0.46312000 -0.46211196 0.00013141  
1851        -0.46688000 -0.46211453 0.00013136  
1852        -0.46368000 -0.46211538 0.00013129  
1853        -0.46584000 -0.46211739 0.00013124  
1854        -0.46096000 -0.46211676 0.00013117  
1855        -0.45936000 -0.46211528 0.00013111  
1856        -0.45504000 -0.46211147 0.00013109  
1857        -0.45040000 -0.46210516 0.00013117  
1858        -0.46480000 -0.46210661 0.00013111  
1859        -0.46288000 -0.46210703 0.00013104  
1860        -0.46424000 -0.46210817 0.00013098  
1861        -0.46632000 -0.46211044 0.00013092  
1862        -0.44280000 -0.46210006 0.00013126  
1863        -0.46512000 -0.46210169 0.00013120  
1864        -0.46768000 -0.46210468 0.00013117  
1865        -0.46128000 -0.46210424 0.00013110  
1866        -0.45544000 -0.46210066 0.00013108  
1867        -0.46096000 -0.46210005 0.00013101  
1868        -0.45496000 -0.46209623 0.00013099  
1869        -0.45760000 -0.46209383 0.00013095  
1870        -0.45904000 -0.46209219 0.00013089  
1871        -0.46544000 -0.46209398 0.00013083  
1872        -0.46456000 -0.46209530 0.00013076  
1873        -0.45912000 -0.46209371 0.00013070  
1874        -0.45184000 -0.46208824 0.00013075  
1875        -0.45856000 -0.46208636 0.00013069  
1876        -0.46912000 -0.46209011 0.00013068  
1877        -0.46784000 -0.46209317 0.00013064  
1878        -0.46224000 -0.46209325 0.00013057  
1879        -0.46256000 -0.46209350 0.00013050  
1880        -0.46864000 -0.46209698 0.00013048  
1881        -0.46832000 -0.46210029 0.00013045  
1882        -0.47008000 -0.46210453 0.00013045  
1883        -0.45160000 -0.46209895 0.00013050  
1884        -0.46808000 -0.46210212 0.00013047  
1885        -0.46808000 -0.46210529 0.00013044  
1886        -0.46808000 -0.46210846 0.00013041  
1887        -0.44608000 -0.46209997 0.00013062  
1888        -0.46728000 -0.46210271 0.00013058  
1889        -0.46208000 -0.46210270 0.00013051  
1890        -0.46112000 -0.46210218 0.00013044  
1891        -0.46192000 -0.46210208 0.00013037  
1892        -0.46840000 -0.46210541 0.00013035  
1893        -0.45672000 -0.46210257 0.00013031  
1894        -0.47496000 -0.46210936 0.00013042  
1895        -0.46312000 -0.46210989 0.00013035  
1896        -0.46888000 -0.46211346 0.00013033  
1897        -0.45840000 -0.46211150 0.00013027  
1898        -0.46776000 -0.46211448 0.00013024  
1899        -0.45680000 -0.46211168 0.00013020  
1900        -0.45264000 -0.46210669 0.00013023  
1901        -0.46448000 -0.46210794 0.00013017  
1902        -0.45992000 -0.46210679 0.00013010  
1903        -0.46176000 -0.46210661 0.00013003  
1904        -0.46112000 -0.46210609 0.00012997  
1905        -0.46296000 -0.46210654 0.00012990  
1906        -0.47024000 -0.46211081 0.00012990  
1907        -0.46144000 -0.46211046 0.00012983  
1908        -0.45608000 -0.46210730 0.00012980  
1909        -0.46544000 -0.46210904 0.00012975  
1910        -0.46680000 -0.46211150 0.00012970  
1911        -0.46560000 -0.46211332 0.00012965  
1912        -0.46192000 -0.46211322 0.00012958  
1913        -0.45696000 -0.46211053 0.00012954  
1914        -0.45864000 -0.46210871 0.00012949  
1915        -0.45952000 -0.46210736 0.00012942  
1916        -0.46304000 -0.46210785 0.00012936  
1917        -0.46680000 -0.46211030 0.00012931  
1918        -0.47680000 -0.46211796 0.00012947  
1919        -0.46456000 -0.46211923 0.00012941  
1920        -0.46192000 -0.46211913 0.00012934  
1921        -0.46248000 -0.46211931 0.00012928  
1922        -0.45848000 -0.46211742 0.00012922  
1923        -0.47312000 -0.46212314 0.00012928  
1924        -0.46960000 -0.46212703 0.00012927  
1925        -0.45592000 -0.46212380 0.00012925  
1926        -0.46464000 -0.46212511 0.00012919  
1927        -0.45672000 -0.46212230 0.00012915  
1928        -0.46696000 -0.46212481 0.00012911  
1929        -0.46088000 -0.46212417 0.00012904  
1930        -0.46896000 -0.46212771 0.00012902  
1931        -0.47384000 -0.46213378 0.00012910  
1932        -0.46440000 -0.46213495 0.00012904  
1933        -0.45816000 -0.46213289 0.00012899  
1934        -0.46648000 -0.46213514 0.00012894  
1935        -0.46248000 -0.46213532 0.00012887  
1936        -0.46496000 -0.46213678 0.00012882  
1937        -0.46544000 -0.46213848 0.00012876  
1938        -0.47632000 -0.46214580 0.00012890  
1939        -0.46272000 -0.46214610 0.00012884  
1940        -0.45920000 -0.46214458 0.00012878  
1941        -0.47240000 -0.46214986 0.00012882  
1942        -0.46832000 -0.46215304 0.00012879  
1943        -0.46424000 -0.46215411 0.00012873  
1944        -0.46352000 -0.46215481 0.00012867  
1945        -0.46032000 -0.46215387 0.00012860  
1946        -0.46192000 -0.46215375 0.00012854  
1947        -0.46344000 -0.46215441 0.00012847  
1948        -0.46256000 -0.46215462 0.00012841  
1949        -0.45904000 -0.46215302 0.00012835  
1950        -0.45776000 -0.46215077 0.00012831  
1951        -0.46728000 -0.46215340 0.00012827  
1952        -0.46048000 -0.46215254 0.00012821  
1953        -0.46264000 -0.46215279 0.00012814  
1954        -0.45624000 -0.46214976 0.00012811  
1955        -0.46040000 -0.46214887 0.00012805  
1956        -0.47328000 -0.46215456 0.00012811  
1957        -0.47048000 -0.46215881 0.00012811  
1958        -0.46144000 -0.46215845 0.00012805  
1959        -0.46080000 -0.46215775 0.00012799  
1960        -0.45288000 -0.46215302 0.00012801  
1961        -0.46504000 -0.46215449 0.00012795  
1962        -0.46424000 -0.46215556 0.00012789  
1963        -0.44952000 -0.46214912 0.00012799  
1964        -0.46816000 -0.46215218 0.00012796  
1965        -0.45728000 -0.46214970 0.00012792  
1966        -0.46744000 -0.46215239 0.00012788  
1967        -0.46472000 -0.46215370 0.00012782  
1968        -0.46288000 -0.46215407 0.00012776  
1969        -0.46160000 -0.46215378 0.00012769  
1970        -0.46240000 -0.46215391 0.00012763  
1971        -0.45360000 -0.46214957 0.00012764  
1972        -0.46016000 -0.46214856 0.00012758  
1973        -0.46280000 -0.46214889 0.00012751  
1974        -0.46192000 -0.46214877 0.00012745  
1975        -0.46976000 -0.46215263 0.00012744  
1976        -0.46296000 -0.46215304 0.00012738  
1977        -0.46416000 -0.46215405 0.00012732  
1978        -0.46296000 -0.46215446 0.00012725  
1979        -0.46744000 -0.46215713 0.00012722  
1980        -0.46880000 -0.46216048 0.00012720  
1981        -0.46920000 -0.46216404 0.00012718  
1982        -0.46952000 -0.46216775 0.00012717  
1983        -0.46432000 -0.46216884 0.00012711  
1984        -0.46568000 -0.46217060 0.00012706  
1985        -0.46624000 -0.46217265 0.00012701  
1986        -0.46312000 -0.46217313 0.00012695  
1987        -0.46680000 -0.46217546 0.00012691  
1988        -0.46536000 -0.46217706 0.00012685  
1989        -0.46296000 -0.46217746 0.00012679  
1990        -0.47440000 -0.46218360 0.00012688  
1991        -0.47248000 -0.46218877 0.00012692  
1992        -0.46680000 -0.46219108 0.00012687  
1993        -0.46640000 -0.46219320 0.00012683  
1994        -0.46152000 -0.46219286 0.00012677  
1995        -0.46984000 -0.46219669 0.00012676  
1996        -0.45688000 -0.46219403 0.00012672  
1997        -0.46272000 -0.46219429 0.00012666  
1998        -0.45480000 -0.46219059 0.00012665  
1999        -0.44896000 -0.46218397 0.00012676  
2000        -0.46512000 -0.46218544 0.00012671  
