1           0.31526912  0.31526912  0.00000000  
2           0.43396608  0.37461760  0.05934848  
3           0.25277952  0.33400491  0.05313635  
4           0.27268992  0.31867616  0.04057963  
5           0.05500800  0.26594253  0.06139104  
6           0.29777792  0.27124843  0.05040561  
7           0.16801792  0.25650121  0.04508087  
8           0.32439168  0.26498752  0.03995286  
9           0.33492992  0.27275890  0.03608195  
10          0.47815552  0.29329856  0.03825446  
11          0.15503232  0.28072890  0.03681476  
12          0.27592192  0.28032832  0.03360951  
13          0.39258112  0.28896315  0.03209945  
14          0.35872768  0.29394633  0.03013321  
15          0.33617408  0.29676151  0.02819340  
16          0.33971712  0.29944624  0.02650881  
17          0.05384192  0.28499893  0.02878835  
18          0.18733952  0.27957340  0.02767888  
19          0.36460032  0.28404851  0.02656130  
20          0.14089728  0.27689094  0.02619509  
21          0.41101312  0.28327771  0.02572203  
22          0.33811328  0.28577024  0.02465133  
23          0.27004800  0.28508666  0.02356508  
24          0.11260800  0.27790005  0.02367877  
25          0.49592192  0.28662093  0.02432865  
26          0.24547200  0.28503828  0.02342773  
27          0.28164992  0.28491278  0.02254369  
28          0.18720768  0.28142331  0.02200212  
29          0.46730752  0.28783311  0.02217640  
30          0.18912768  0.28454293  0.02167561  
31          0.27235200  0.28414968  0.02096843  
32          0.20782592  0.28176456  0.02044221  
33          0.37939200  0.28472297  0.02003272  
34          0.31075200  0.28548853  0.01944967  
35          0.29244928  0.28568741  0.01888683  
36          0.03844992  0.27881970  0.01959746  
37          0.36564992  0.28116646  0.01920437  
38          0.36951552  0.28349144  0.01883620  
39          0.24688512  0.28255281  0.01837086  
40          0.05617152  0.27689328  0.01877883  
41          0.37804928  0.27936050  0.01848051  
42          0.54366208  0.28565339  0.01910148  
43          0.26961792  0.28528048  0.01865570  
44          0.43388800  0.28865792  0.01853706  
45          0.07667712  0.28394724  0.01872274  
46          0.24256000  0.28304751  0.01833329  
47          0.13710848  0.27994243  0.01820573  
48          0.32387968  0.28085779  0.01784590  
49          0.30161792  0.28128146  0.01748303  
50          0.27955200  0.28124687  0.01712984  
51          0.22627200  0.28016893  0.01682517  
52          0.39208448  0.28232116  0.01663822  
53          0.19580800  0.28068883  0.01640270  
54          0.30834688  0.28120102  0.01610422  
55          0.18388992  0.27943173  0.01590741  
56          0.18913152  0.27781922  0.01570377  
57          0.40624000  0.28007222  0.01558947  
58          0.37195648  0.28165643  0.01540003  
59          0.29948800  0.28195866  0.01513978  
60          0.11477888  0.27917233  0.01514385  
61          0.19635712  0.27781470  0.01495527  
62          0.07219200  0.27449821  0.01508126  
63          0.06424448  0.27116085  0.01521058  
64          0.35244928  0.27243098  0.01502481  
65          0.18638848  0.27110725  0.01485097  
66          0.28479488  0.27131464  0.01462569  
67          0.34275200  0.27238087  0.01444515  
68          0.09676800  0.26979832  0.01446357  
69          0.17276800  0.26839209  0.01432161  
70          0.38559232  0.27006638  0.01421449  
71          0.50785152  0.27341546  0.01440751  
72          0.21763968  0.27264080  0.01422710  
73          0.31493632  0.27322019  0.01404282  
74          0.18401152  0.27201467  0.01390411  
75          0.36064768  0.27319644  0.01376828  
76          0.24316800  0.27280133  0.01359165  
77          0.34973568  0.27380048  0.01345114  
78          0.46826368  0.27629360  0.01350960  
79          0.21712768  0.27554466  0.01335851  
80          0.41468800  0.27728395  0.01330465  
81          0.22796288  0.27667505  0.01315347  
82          0.27312000  0.27663170  0.01299214  
83          0.35427200  0.27756712  0.01286870  
84          0.20546432  0.27670875  0.01274352  
85          0.34352000  0.27749477  0.01261721  
86          0.25004032  0.27717553  0.01247372  
87          0.29202432  0.27734621  0.01233069  
88          0.36059008  0.27829216  0.01222642  
89          0.39219072  0.27957192  0.01215581  
90          0.21160832  0.27881677  0.01204369  
91          0.27335552  0.27875675  0.01191076  
92          0.12943232  0.27713366  0.01189187  
93          0.55728000  0.28014599  0.01214287  
94          0.37019648  0.28110397  0.01205114  
95          0.34936832  0.28182254  0.01194524  
96          0.15822848  0.28053511  0.01189006  
97          0.40820608  0.28185130  0.01184023  
98          0.24631168  0.28148865  0.01172440  
99          0.09205248  0.27957516  0.01176206  
100         0.35302912  0.28030970  0.01166699  
101         0.37006208  0.28119833  0.01158503  
102         0.19811200  0.28038376  0.01149977  
103         0.52345728  0.28274370  0.01162954  
104         0.34172928  0.28331087  0.01153113  
105         0.33388032  0.28379248  0.01143093  
106         0.08130432  0.28188222  0.01148259  
107         0.32581632  0.28229281  0.01138218  
108         0.30008832  0.28245759  0.01127750  
109         0.41164288  0.28364277  0.01123624  
110         0.16107008  0.28252848  0.01118925  
111         0.07106432  0.28062339  0.01125046  
112         0.32522112  0.28102159  0.01115666  
113         0.19500928  0.28026042  0.01108366  
114         0.22396800  0.27976662  0.01099709  
115         0.17196928  0.27882926  0.01094127  
116         0.31567872  0.27914692  0.01085119  
117         0.04816768  0.27717274  0.01093769  
118         0.17540608  0.27631031  0.01087884  
119         0.49387392  0.27813858  0.01094087  
120         0.39628800  0.27912316  0.01089390  
121         0.08552448  0.27752317  0.01092132  
122         0.05964672  0.27573730  0.01097767  
123         0.59760512  0.27835411  0.01119810  
124         0.40169472  0.27934879  0.01115188  
125         0.08222592  0.27777181  0.01117414  
126         0.30212992  0.27796513  0.01108679  
127         0.03860352  0.27608039  0.01115945  
128         0.29990912  0.27626655  0.01107349  
129         0.13419392  0.27516521  0.01104238  
130         0.24063872  0.27489962  0.01096032  
131         0.30220288  0.27510805  0.01087833  
132         0.07923712  0.27362417  0.01089711  
133         0.48387968  0.27520504  0.01092980  
134         0.16676352  0.27439578  0.01087807  
135         0.35911168  0.27502330  0.01081541  
136         0.10739200  0.27379072  0.01080612  
137         0.45321728  0.27510040  0.01080661  
138         0.45434368  0.27639927  0.01080635  
139         0.38993792  0.27721609  0.01075938  
140         0.72949632  0.28044667  0.01116006  
141         0.36610048  0.28105414  0.01109727  
142         0.46047232  0.28231765  0.01109105  
143         0.25126912  0.28210052  0.01101536  
144         0.21820928  0.28165684  0.01094759  
145         0.32892928  0.28198285  0.01087671  
146         0.32428928  0.28227262  0.01080584  
147         0.39509888  0.28304015  0.01075949  
148         0.30860800  0.28321290  0.01068794  
149         0.35338112  0.28368383  0.01062641  
150         0.17290112  0.28294528  0.01058114  
151         0.09955200  0.28173075  0.01058077  
152         0.29616000  0.28182568  0.01051135  
153         0.33320832  0.28216152  0.01044782  
154         0.22275968  0.28177579  0.01038692  
155         0.07050752  0.28041277  0.01040932  
156         0.17976192  0.27976757  0.01036248  
157         0.28219392  0.27978303  0.01029628  
158         0.03120000  0.27820972  0.01035117  
159         0.16818048  0.27751771  0.01030912  
160         0.34051968  0.27791147  0.01025205  
161         0.29275008  0.27800364  0.01018859  
162         0.33079168  0.27832949  0.01013074  
163         0.22840192  0.27802319  0.01007305  
164         0.22883200  0.27772324  0.01001594  
165         0.12477312  0.27679627  0.00999811  
166         0.11878272  0.27584438  0.00998319  
167         0.13772800  0.27501734  0.00995763  
168         0.04915200  0.27367290  0.00998907  
169         0.03739648  0.27227481  0.01002773  
170         0.16727552  0.27165717  0.00998768  
171         0.17203200  0.27107457  0.00994618  
172         0.28855808  0.27117622  0.00988871  
173         0.29900800  0.27133709  0.00983270  
174         0.46617472  0.27245685  0.00983994  
175         0.34063232  0.27284642  0.00979131  
176         0.25557888  0.27274831  0.00973601  
177         0.19993472  0.27233694  0.00968959  
178         0.05150208  0.27109629  0.00971454  
179         0.16050048  0.27047844  0.00967986  
180         0.31902592  0.27074815  0.00962971  
181         0.34958848  0.27118373  0.00958626  
182         0.05964672  0.27002144  0.00960403  
183         0.28635008  0.27011066  0.00955182  
184         0.04204032  0.26887115  0.00958029  
185         0.27516800  0.26890519  0.00952843  
186         0.37367808  0.26946848  0.00949379  
187         0.25937792  0.26941452  0.00944304  
188         0.23508992  0.26923195  0.00939445  
189         0.04915200  0.26806750  0.00941688  
190         0.09742208  0.26716937  0.00941015  
191         0.04442112  0.26600315  0.00943312  
192         0.09244672  0.26509921  0.00942729  
193         0.14720512  0.26448836  0.00939819  
194         0.15759232  0.26393735  0.00936585  
195         0.26807808  0.26395858  0.00931772  
196         0.48484352  0.26508554  0.00933831  
197         0.40220672  0.26578159  0.00931682  
198         0.33668608  0.26613969  0.00927656  
199         0.34482048  0.26653508  0.00923829  
200         0.38049792  0.26710489  0.00920963  
201         0.08988672  0.26622321  0.00920601  
202         0.11826048  0.26549072  0.00918956  
203         0.26111872  0.26546918  0.00914421  
204         0.30309248  0.26565361  0.00910114  
205         0.38316928  0.26622686  0.00907476  
206         0.46867328  0.26720961  0.00908392  
207         0.31616512  0.26744611  0.00904302  
208         0.35588992  0.26787132  0.00900948  
209         0.40685568  0.26853631  0.00899090  
210         0.32429568  0.26880183  0.00895192  
211         0.21805952  0.26856135  0.00891264  
212         0.29857792  0.26870294  0.00887163  
213         0.15109632  0.26815079  0.00884712  
214         0.35055488  0.26853586  0.00881410  
215         0.33523200  0.26884607  0.00877849  
216         0.27827712  0.26888974  0.00873786  
217         0.29692800  0.26901894  0.00869846  
218         0.37372800  0.26949926  0.00867178  
219         0.36551552  0.26993769  0.00864322  
220         0.31731200  0.27015303  0.00860654  
221         0.09635328  0.26936661  0.00860352  
222         0.43990528  0.27013480  0.00859906  
223         0.20092800  0.26982445  0.00856604  
224         0.52178432  0.27094927  0.00860158  
225         0.21093888  0.27068256  0.00856741  
226         0.32034688  0.27090232  0.00853225  
227         0.31527808  0.27109780  0.00849683  
228         0.21871488  0.27086805  0.00846260  
229         0.11826688  0.27020167  0.00845188  
230         0.33831808  0.27049783  0.00842026  
231         0.29812608  0.27061743  0.00838458  
232         0.09865088  0.26987620  0.00838120  
233         0.37640192  0.27033339  0.00835767  
234         0.33361408  0.27060382  0.00832627  
235         0.39932800  0.27115158  0.00830884  
236         0.28412800  0.27120657  0.00827374  
237         0.26664832  0.27118734  0.00823878  
238         0.21962752  0.27097070  0.00820695  
239         0.27742208  0.27099769  0.00817258  
240         0.42748800  0.27164973  0.00816454  
241         0.16320000  0.27119973  0.00814303  
242         0.23428992  0.27104721  0.00811075  
243         0.30293888  0.27117846  0.00807837  
244         0.45194752  0.27191931  0.00807923  
245         0.32925568  0.27215334  0.00804959  
246         0.29841408  0.27226009  0.00801751  
247         0.29880192  0.27236755  0.00798571  
248         0.23244800  0.27220658  0.00795507  
249         0.34752512  0.27250906  0.00792883  
250         0.09528192  0.27180016  0.00792881  
251         0.26015232  0.27175375  0.00789729  
252         0.43975552  0.27242042  0.00789409  
253         0.32336768  0.27262180  0.00786541  
254         0.62274432  0.27400023  0.00795472  
255         0.21360128  0.27376337  0.00792700  
256         0.34508800  0.27404198  0.00790089  
257         0.31087488  0.27418530  0.00787139  
258         0.48969728  0.27502062  0.00788519  
259         0.16867200  0.27461001  0.00786542  
260         0.10083200  0.27394163  0.00786356  
261         0.14988800  0.27346633  0.00784778  
262         0.32235008  0.27365291  0.00782000  
263         0.35152768  0.27394901  0.00779583  
264         0.37534592  0.27433309  0.00777574  
265         0.23436800  0.27418228  0.00774781  
266         0.14863872  0.27371031  0.00773304  
267         0.02631552  0.27278374  0.00775954  
268         0.44028800  0.27340875  0.00775576  
269         0.16843648  0.27301852  0.00773672  
270         0.27666432  0.27303203  0.00770803  
271         0.24738688  0.27293739  0.00768012  
272         0.02631552  0.27203070  0.00770536  
273         0.31747968  0.27219718  0.00767889  
274         0.13910912  0.27171145  0.00766621  
275         0.28942208  0.27177586  0.00763856  
276         0.30515200  0.27189678  0.00761179  
277         0.34940800  0.27217661  0.00758942  
278         0.30220288  0.27228462  0.00756285  
279         0.02508800  0.27139861  0.00758760  
280         0.36079488  0.27171788  0.00756719  
281         0.53181312  0.27264348  0.00759681  
282         0.15411200  0.27222316  0.00758148  
283         0.09353088  0.27159174  0.00758099  
284         0.06129152  0.27085125  0.00759045  
285         0.28300800  0.27089390  0.00756389  
286         0.34343808  0.27114755  0.00754167  
287         0.06195072  0.27041864  0.00755061  
288         0.43264000  0.27098191  0.00754540  
289         0.01392512  0.27009244  0.00757167  
290         0.25233408  0.27003121  0.00754577  
291         0.09211392  0.26941981  0.00754460  
292         0.13670272  0.26896530  0.00753245  
293         0.09420800  0.26836885  0.00753035  
294         0.21309312  0.26818084  0.00750705  
295         0.43682688  0.26875252  0.00750337  
296         0.04084608  0.26798257  0.00751751  
297         0.34753408  0.26825042  0.00749694  
298         0.08332800  0.26762987  0.00749747  
299         0.03964928  0.26686740  0.00751115  
300         0.28515200  0.26692835  0.00748632  
301         0.28003200  0.26697188  0.00746153  
302         0.24572800  0.26690154  0.00743712  
303         0.40291200  0.26735041  0.00742611  
304         0.00636800  0.26649192  0.00745127  
305         0.43517952  0.26704499  0.00744736  
306         0.37139328  0.26738600  0.00743081  
307         0.07331712  0.26675386  0.00743349  
308         0.36851712  0.26708426  0.00741668  
309         0.08112128  0.26648243  0.00741710  
310         0.32456192  0.26666979  0.00739551  
311         0.04084608  0.26594367  0.00740736  
312         0.28575232  0.26600715  0.00738386  
313         0.07648128  0.26540164  0.00738509  
314         0.24264192  0.26532916  0.00736189  
315         0.21248000  0.26516138  0.00734040  
316         0.22988800  0.26504976  0.00731799  
317         0.02998272  0.26430822  0.00733246  
318         0.40282112  0.26474380  0.00732233  
319         0.06538752  0.26411886  0.00732605  
320         0.42821632  0.26463166  0.00732110  
321         0.26134528  0.26462142  0.00729826  
322         0.31672192  0.26478322  0.00727736  
323         0.31477632  0.26493800  0.00725645  
324         0.33759232  0.26516224  0.00723749  
325         0.32131072  0.26533501  0.00721725  
326         0.34303872  0.26557336  0.00719903  
327         0.09313152  0.26504602  0.00719633  
328         0.33520512  0.26525992  0.00717754  
329         0.45180928  0.26582694  0.00717812  
330         0.14447488  0.26545920  0.00716578  
331         0.32722432  0.26564581  0.00714653  
332         0.07362432  0.26506743  0.00714841  
333         0.01642368  0.26432075  0.00716592  
334         0.30617088  0.26444605  0.00714553  
335         0.21765632  0.26430638  0.00712554  
336         0.17766272  0.26404851  0.00710898  
337         0.01267200  0.26330259  0.00712700  
338         0.15119872  0.26297092  0.00711361  
339         0.34606592  0.26321604  0.00709683  
340         0.29683200  0.26331491  0.00707662  
341         0.42248192  0.26378167  0.00707126  
342         0.71515648  0.26510148  0.00717302  
343         0.53839872  0.26589827  0.00719632  
344         0.37114752  0.26620422  0.00718189  
345         0.07443968  0.26564838  0.00718258  
346         0.11826048  0.26522241  0.00717445  
347         0.42067968  0.26567041  0.00716776  
348         0.06766592  0.26510143  0.00716975  
349         0.26484608  0.26510070  0.00714917  
350         0.25789952  0.26508013  0.00712875  
351         0.04323200  0.26444808  0.00713645  
352         0.33514368  0.26464892  0.00711898  
353         0.34352000  0.26487235  0.00710230  
354         0.40078848  0.26525629  0.00709261  
355         0.40811392  0.26565871  0.00708404  
356         0.34646912  0.26588571  0.00706776  
357         0.13972992  0.26553233  0.00705679  
358         0.14443392  0.26519406  0.00704518  
359         0.20326272  0.26502155  0.00702764  
360         0.07219200  0.26448592  0.00702853  
361         0.15783808  0.26419049  0.00701526  
362         0.37181312  0.26448779  0.00700217  
363         0.24181632  0.26442534  0.00698313  
364         0.45308800  0.26494364  0.00698318  
365         0.30128000  0.26504319  0.00696473  
366         0.34154368  0.26525221  0.00694882  
367         0.15331200  0.26494720  0.00693657  
368         0.03241472  0.26431531  0.00694650  
369         0.45797248  0.26484013  0.00694750  
370         0.23948800  0.26477161  0.00692903  
371         0.34891648  0.26499842  0.00691405  
372         0.28063232  0.26504044  0.00689557  
373         0.34547712  0.26525609  0.00688044  
374         0.05267328  0.26468769  0.00688552  
375         0.29598592  0.26477115  0.00686764  
376         0.00763392  0.26408727  0.00688341  
377         0.33249152  0.26426872  0.00686752  
378         0.34764288  0.26448929  0.00685288  
379         0.32611200  0.26465188  0.00683671  
380         0.13419392  0.26430857  0.00682733  
381         0.31380992  0.26443849  0.00681063  
382         0.16086912  0.26416737  0.00679818  
383         0.39028608  0.26449666  0.00678840  
384         0.29561728  0.26457770  0.00677118  
385         0.01891200  0.26393961  0.00678365  
386         0.33023872  0.26411137  0.00676823  
387         0.43180032  0.26454467  0.00676461  
388         0.36617728  0.26480661  0.00675224  
389         0.05384192  0.26426429  0.00675666  
390         0.25833472  0.26424908  0.00673933  
391         0.18022272  0.26403418  0.00672551  
392         0.26346368  0.26403273  0.00670833  
393         0.09136000  0.26359336  0.00670564  
394         0.04915200  0.26304909  0.00671071  
395         0.10915328  0.26265948  0.00670503  
396         0.14415872  0.26236024  0.00669477  
397         0.18892800  0.26217527  0.00668044  
398         0.38609792  0.26248663  0.00667091  
399         0.21683072  0.26237221  0.00665515  
400         0.32755200  0.26253516  0.00664049  
401         0.02508800  0.26194302  0.00665033  
402         0.24066048  0.26189008  0.00663397  
403         0.40257408  0.26223917  0.00662669  
404         0.07890432  0.26178537  0.00662583  
405         0.28557312  0.26184410  0.00660971  
406         0.29948800  0.26193682  0.00659406  
407         0.47996800  0.26247253  0.00659962  
408         0.17867648  0.26226714  0.00658663  
409         0.23867392  0.26220946  0.00657075  
410         0.41118592  0.26257282  0.00656477  
411         0.06880128  0.26210135  0.00656573  
412         0.18908032  0.26192412  0.00655217  
413         0.02998272  0.26136252  0.00656037  
414         0.31807488  0.26149950  0.00654594  
415         0.18563072  0.26131669  0.00653270  
416         0.32603648  0.26147226  0.00651884  
417         0.17315712  0.26126047  0.00650663  
418         0.41190912  0.26162088  0.00650105  
419         0.03362688  0.26107674  0.00650830  
420         0.07779200  0.26064035  0.00650743  
421         0.06012800  0.26016407  0.00650941  
422         0.13106688  0.25985815  0.00650116  
423         0.33486848  0.26003548  0.00648820  
424         0.50441728  0.26061186  0.00649849  
425         0.20785152  0.26048771  0.00648437  
426         0.05406208  0.26000315  0.00648725  
427         0.14351872  0.25973035  0.00647779  
428         0.08001408  0.25931045  0.00647626  
429         0.09609088  0.25892999  0.00647234  
430         0.16498688  0.25871151  0.00646097  
431         0.16140288  0.25848574  0.00644991  
432         0.06538752  0.25803875  0.00645047  
433         0.48048128  0.25855248  0.00645603  
434         0.34234368  0.25874554  0.00644403  
435         0.28412800  0.25880389  0.00642946  
436         0.56161152  0.25949841  0.00645218  
437         0.28147200  0.25954869  0.00643760  
438         0.31920000  0.25968488  0.00642433  
439         0.30803968  0.25979503  0.00641062  
440         0.18671488  0.25962894  0.00639819  
441         0.16995200  0.25942559  0.00638691  
442         0.25800192  0.25942237  0.00637244  
443         0.34477568  0.25961504  0.00636096  
444         0.31411072  0.25973778  0.00634780  
445         0.31916032  0.25987131  0.00633493  
446         0.33525248  0.26004033  0.00632297  
447         0.37572608  0.26029913  0.00631411  
448         0.13043200  0.26000925  0.00630667  
449         0.28434432  0.26006345  0.00629284  
450         0.34033152  0.26024182  0.00628138  
451         0.36915200  0.26048331  0.00627208  
452         0.04204032  0.26000003  0.00627682  
453         0.03724800  0.25950830  0.00628223  
454         0.04679168  0.25903976  0.00628586  
455         0.33740800  0.25921200  0.00627439  
456         0.33339392  0.25937468  0.00626273  
457         0.31283200  0.25949165  0.00625011  
458         0.44140032  0.25988883  0.00624908  
459         0.33187328  0.26004566  0.00623742  
460         0.31379328  0.26016250  0.00622495  
461         0.33310208  0.26032072  0.00621344  
462         0.29220352  0.26038974  0.00620036  
463         0.23408128  0.26033291  0.00618722  
464         0.02508800  0.25982592  0.00619465  
465         0.15756800  0.25960601  0.00618523  
466         0.46345088  0.26004345  0.00618742  
467         0.28974592  0.26010705  0.00617449  
468         0.28723072  0.26016501  0.00616155  
469         0.05427200  0.25972600  0.00616405  
470         0.29243392  0.25979559  0.00615132  
471         0.46954368  0.26024092  0.00615438  
472         0.33345408  0.26039603  0.00614328  
473         0.35438592  0.26059474  0.00613350  
474         0.15318912  0.26036815  0.00612474  
475         0.37057408  0.26060016  0.00611623  
476         0.67452800  0.26146975  0.00616501  
477         0.31363968  0.26157913  0.00615304  
478         0.06336000  0.26116444  0.00615414  
479         0.19066752  0.26101727  0.00614305  
480         0.33635200  0.26117421  0.00613224  
481         0.32483200  0.26130656  0.00612091  
482         0.33341312  0.26145616  0.00611003  
483         0.45088768  0.26184835  0.00610997  
484         0.03241472  0.26137432  0.00611573  
485         0.12185472  0.26108665  0.00610988  
486         0.41212800  0.26139743  0.00610521  
487         0.24967168  0.26137336  0.00609271  
488         0.06105088  0.26096286  0.00609406  
489         0.12284800  0.26068042  0.00608814  
490         0.08435712  0.26032057  0.00608635  
491         0.21697408  0.26023229  0.00607458  
492         0.03376000  0.25977198  0.00607967  
493         0.38594432  0.26002791  0.00607272  
494         0.24667008  0.26000087  0.00606048  
495         0.40580608  0.26029542  0.00605539  
496         0.02876288  0.25982862  0.00606117  
497         0.15109632  0.25960985  0.00605292  
498         0.29571072  0.25968234  0.00604118  
499         0.31135232  0.25978589  0.00602995  
500         0.36683648  0.25999999  0.00602169  
501         0.32929792  0.26013831  0.00601125  
502         0.38361088  0.26038427  0.00600430  
503         0.32099200  0.26050476  0.00599357  
504         0.17088000  0.26032693  0.00598431  
505         0.34815872  0.26050086  0.00597498  
506         0.46290432  0.26090086  0.00597656  
507         0.08146432  0.26054695  0.00597525  
508         0.14476800  0.26031903  0.00596783  
509         0.35299200  0.26050110  0.00595887  
510         0.17600000  0.26033542  0.00594949  
511         0.03120000  0.25988701  0.00595474  
512         0.05544832  0.25948771  0.00595649  
513         0.31538688  0.25959668  0.00594587  
514         0.31467392  0.25970383  0.00593526  
515         0.34196992  0.25986357  0.00592588  
516         0.30588800  0.25995277  0.00591505  
517         0.05756800  0.25956131  0.00591657  
518         0.47185408  0.25997114  0.00591934  
519         0.35049472  0.26014556  0.00591050  
520         0.17197952  0.25997601  0.00590155  
521         0.22594432  0.25991069  0.00589058  
522         0.68346752  0.26072210  0.00593501  
523         0.28937088  0.26077688  0.00592390  
524         0.30842368  0.26086781  0.00591329  
525         0.53273472  0.26138565  0.00592469  
526         0.06195072  0.26100650  0.00592556  
527         0.37220352  0.26121750  0.00591806  
528         0.13637632  0.26098105  0.00591158  
529         0.17290112  0.26081455  0.00590274  
530         0.14571392  0.26059738  0.00589559  
531         0.35485568  0.26077489  0.00588716  
532         0.35746688  0.26095664  0.00587889  
533         0.30314368  0.26103579  0.00586838  
534         0.32867200  0.26116245  0.00585875  
535         0.48816000  0.26158675  0.00586316  
536         0.20956672  0.26148970  0.00585302  
537         0.20307968  0.26138092  0.00584312  
538         0.10317312  0.26108686  0.00583966  
539         0.34610048  0.26124458  0.00583095  
540         0.42956288  0.26155628  0.00582848  
541         0.03241472  0.26113273  0.00583310  
542         0.08257408  0.26080329  0.00583164  
543         0.42080128  0.26109794  0.00582834  
544         0.30550912  0.26117958  0.00581819  
545         0.21728128  0.26109903  0.00580806  
546         0.18659328  0.26096258  0.00579902  
547         0.33715072  0.26110186  0.00579009  
548         0.12928512  0.26086132  0.00578451  
549         0.22548352  0.26079688  0.00577433  
550         0.55495552  0.26133171  0.00578858  
551         0.22218752  0.26126067  0.00577850  
552         0.25852800  0.26125572  0.00576803  
553         0.20736000  0.26115826  0.00575841  
554         0.14759808  0.26095328  0.00575166  
555         0.23395200  0.26090463  0.00574149  
556         0.18058112  0.26076016  0.00573298  
557         0.36889472  0.26095430  0.00572597  
558         0.25856000  0.26095001  0.00571570  
559         0.44810112  0.26128480  0.00571528  
560         0.37120000  0.26148108  0.00570844  
561         0.02015232  0.26105090  0.00571447  
562         0.35772288  0.26122292  0.00570689  
563         0.54538112  0.26172764  0.00571906  
564         0.13440512  0.26150189  0.00571337  
565         0.13675392  0.26128110  0.00570752  
566         0.18468352  0.26114577  0.00569903  
567         0.47600512  0.26152471  0.00570158  
568         0.45061632  0.26185761  0.00570126  
569         0.30156800  0.26192740  0.00569166  
570         0.08001408  0.26160826  0.00569062  
571         0.30647168  0.26168683  0.00568119  
572         0.32982912  0.26180596  0.00567250  
573         0.02262528  0.26138854  0.00567796  
574         0.41569152  0.26165736  0.00567443  
575         0.39730688  0.26189327  0.00566946  
576         0.48944000  0.26228832  0.00567338  
577         0.37475200  0.26248323  0.00566689  
578         0.40730112  0.26273378  0.00566262  
579         0.30192512  0.26280147  0.00565324  
580         0.14069248  0.26259093  0.00564741  
581         0.18569088  0.26245858  0.00563924  
582         0.35937792  0.26262510  0.00563200  
583         0.11211648  0.26236694  0.00562826  
584         0.34940800  0.26251598  0.00562059  
585         0.36326912  0.26268821  0.00561361  
586         0.44533632  0.26299990  0.00561269  
587         0.65033088  0.26365975  0.00564184  
588         0.35909632  0.26382205  0.00563457  
589         0.24780800  0.26379487  0.00562506  
590         0.32722432  0.26390237  0.00561655  
591         0.35291008  0.26405298  0.00560906  
592         0.32960000  0.26416370  0.00560067  
593         0.04797312  0.26379913  0.00560309  
594         0.20113408  0.26369363  0.00559465  
595         0.24509952  0.26366238  0.00558532  
596         0.35248000  0.26381140  0.00557794  
597         0.35664768  0.26396691  0.00557076  
598         0.28030848  0.26399424  0.00556150  
599         0.04323200  0.26362568  0.00556443  
600         0.33532800  0.26374519  0.00555643  
601         0.46720512  0.26408372  0.00555750  
602         0.14975872  0.26389382  0.00555151  
603         0.24479232  0.26386214  0.00554238  
604         0.46778368  0.26419976  0.00554349  
605         0.38706688  0.26440284  0.00553804  
606         0.34350592  0.26453338  0.00553044  
607         0.14476800  0.26433607  0.00552484  
608         0.17364992  0.26418691  0.00551777  
609         0.27810688  0.26420977  0.00550875  
610         0.36860800  0.26438092  0.00550237  
611         0.46259712  0.26470533  0.00550293  
612         0.07890432  0.26440173  0.00550231  
613         0.01766912  0.26399923  0.00550805  
614         0.12183552  0.26376769  0.00550395  
615         0.21383168  0.26368650  0.00549559  
616         0.32326528  0.26378322  0.00548751  
617         0.18396672  0.26365385  0.00548014  
618         0.41571200  0.26389990  0.00547680  
619         0.11876352  0.26366543  0.00547297  
620         0.39714688  0.26388073  0.00546837  
621         0.31971200  0.26397063  0.00546030  
622         0.30293888  0.26403328  0.00545187  
623         0.25520000  0.26401910  0.00544313  
624         0.27537408  0.26403730  0.00543443  
625         0.32176128  0.26412966  0.00542652  
626         0.21820928  0.26405630  0.00541834  
627         0.30474112  0.26412119  0.00541008  
628         0.31554432  0.26420308  0.00540208  
629         0.33807872  0.26432053  0.00539476  
630         0.41612800  0.26456149  0.00539158  
631         0.16940928  0.26441069  0.00538514  
632         0.38090752  0.26459502  0.00537977  
633         0.04442112  0.26424720  0.00538252  
634         0.17203200  0.26410175  0.00537599  
635         0.10900992  0.26385751  0.00537307  
636         0.10780672  0.26361215  0.00537022  
637         0.34057728  0.26373297  0.00536315  
638         0.05959168  0.26341300  0.00536428  
639         0.49628032  0.26377742  0.00536827  
640         0.26223488  0.26377501  0.00535987  
641         0.08513408  0.26349632  0.00535876  
642         0.12064768  0.26327382  0.00535503  
643         0.20092800  0.26317686  0.00534757  
644         0.11460608  0.26294616  0.00534424  
645         0.15109632  0.26277275  0.00533877  
646         0.47868800  0.26310698  0.00534097  
647         0.27900800  0.26313156  0.00533276  
648         0.06129152  0.26282008  0.00533363  
649         0.35346432  0.26295974  0.00532723  
650         0.16380800  0.26280720  0.00532122  
651         0.08771072  0.26253824  0.00531984  
652         0.37893632  0.26271676  0.00531468  
653         0.36513792  0.26287361  0.00530885  
654         0.28542848  0.26290810  0.00530084  
655         0.05584768  0.26259197  0.00530217  
656         0.21826432  0.26252440  0.00529451  
657         0.07219200  0.26223470  0.00529438  
658         0.29556608  0.26228536  0.00528657  
659         0.11100032  0.26205579  0.00528353  
660         0.42710912  0.26230587  0.00528144  
661         0.12938112  0.26210477  0.00527728  
662         0.47078272  0.26242000  0.00527872  
663         0.04935168  0.26209863  0.00528054  
664         0.36756352  0.26225746  0.00527498  
665         0.09676800  0.26200860  0.00527291  
666         0.04816768  0.26168752  0.00527477  
667         0.31490048  0.26176730  0.00526746  
668         0.34019200  0.26188470  0.00526088  
669         0.15375872  0.26172308  0.00525550  
670         0.33490432  0.26183230  0.00524878  
671         0.23414272  0.26179104  0.00524112  
672         0.15318912  0.26162943  0.00523581  
673         0.45582208  0.26191798  0.00523598  
674         0.30903808  0.26198789  0.00522867  
675         0.15271808  0.26182601  0.00522343  
676         0.17884032  0.26170325  0.00521714  
677         0.32705408  0.26179978  0.00521032  
678         0.45283200  0.26208153  0.00521026  
679         0.11314688  0.26186219  0.00520720  
680         0.32219008  0.26195091  0.00520029  
681         0.33276800  0.26205490  0.00519369  
682         0.33121152  0.26215630  0.00518706  
683         0.27020800  0.26216809  0.00517948  
684         0.29532032  0.26221656  0.00517213  
685         0.17161728  0.26208430  0.00516626  
686         0.12028800  0.26187760  0.00516287  
687         0.25915392  0.26187363  0.00515535  
688         0.11826048  0.26166489  0.00515208  
689         0.28108800  0.26169308  0.00514467  
690         0.33800192  0.26180367  0.00513840  
691         0.03724800  0.26147870  0.00514124  
692         0.31584128  0.26155726  0.00513441  
693         0.34906112  0.26168353  0.00512855  
694         0.44595200  0.26194905  0.00512803  
695         0.13184512  0.26176185  0.00512407  
696         0.06880128  0.26148460  0.00512421  
697         0.02015232  0.26113836  0.00512855  
698         0.12129792  0.26093801  0.00512511  
699         0.27268992  0.26095483  0.00511780  
700         0.24749568  0.26093560  0.00511052  
701         0.27754368  0.26095929  0.00510328  
702         0.48280448  0.26127531  0.00510580  
703         0.28332032  0.26130667  0.00509863  
704         0.07779200  0.26104599  0.00509805  
705         0.09244672  0.26080685  0.00509643  
706         0.06424448  0.26052843  0.00509681  
707         0.22394752  0.26047669  0.00508986  
708         0.17806208  0.26036028  0.00508400  
709         0.08355712  0.26011091  0.00508294  
710         0.28588032  0.26014721  0.00507591  
711         0.26193792  0.26014973  0.00506877  
712         0.34298752  0.26026607  0.00506298  
713         0.02262528  0.25993278  0.00506685  
714         0.24086528  0.25990607  0.00505982  
715         0.37545472  0.26006768  0.00505532  
716         0.18569088  0.25996380  0.00504932  
717         0.14512000  0.25980363  0.00504482  
718         0.27418112  0.25982365  0.00503783  
719         0.30304128  0.25988376  0.00503117  
720         0.05849088  0.25960405  0.00503196  
721         0.35397632  0.25973494  0.00502668  
722         0.18403200  0.25963009  0.00502081  
723         0.46880768  0.25991940  0.00502220  
724         0.47211392  0.26021249  0.00502382  
725         0.49848192  0.26054114  0.00502764  
726         0.12544000  0.26035505  0.00502415  
727         0.16801792  0.26022804  0.00501884  
728         0.02139008  0.25989996  0.00502267  
729         0.10378112  0.25968581  0.00502035  
730         0.08442752  0.25944573  0.00501921  
731         0.21932032  0.25939084  0.00501264  
732         0.13381632  0.25921929  0.00500873  
733         0.21427072  0.25915797  0.00500226  
734         0.03604352  0.25885400  0.00500468  
735         0.19459968  0.25876657  0.00499864  
736         0.32737152  0.25885979  0.00499271  
737         0.54755328  0.25925150  0.00500129  
738         0.02631552  0.25893587  0.00500448  
739         0.27452928  0.25895697  0.00499774  
740         0.05964672  0.25868763  0.00499825  
741         0.40177152  0.25888073  0.00499523  
742         0.21441408  0.25882080  0.00498885  
743         0.35043200  0.25894410  0.00498366  
744         0.09173888  0.25871936  0.00498203  
745         0.07923712  0.25847845  0.00498117  
746         0.01392512  0.25815063  0.00498528  
747         0.04460032  0.25786475  0.00498680  
748         0.20270592  0.25779101  0.00498067  
749         0.00382848  0.25745194  0.00498556  
750         0.54822912  0.25783964  0.00499398  
751         0.18901888  0.25774800  0.00498817  
752         0.43312000  0.25798121  0.00498699  
753         0.33295872  0.25808078  0.00498136  
754         0.32432128  0.25816863  0.00497552  
755         0.16198528  0.25804124  0.00497056  
756         0.47865728  0.25833306  0.00497255  
757         0.31547392  0.25840854  0.00496655  
758         0.02139008  0.25809585  0.00496984  
759         0.19332608  0.25801052  0.00496402  
760         0.06309888  0.25775405  0.00496412  
761         0.28169088  0.25778551  0.00495769  
762         0.10935168  0.25759071  0.00495501  
763         0.22547328  0.25754862  0.00494869  
764         0.51888128  0.25789068  0.00495403  
765         0.38172672  0.25805256  0.00495020  
766         0.21854208  0.25800098  0.00494400  
767         0.06538752  0.25774985  0.00494393  
768         0.48573312  0.25804670  0.00494641  
769         0.02631552  0.25774536  0.00494915  
770         0.25059200  0.25773607  0.00494273  
771         0.31538048  0.25781084  0.00493688  
772         0.38057472  0.25796986  0.00493305  
773         0.05733248  0.25771030  0.00493349  
774         0.48373248  0.25800232  0.00493576  
775         0.14095872  0.25785130  0.00493170  
776         0.29923200  0.25790462  0.00492563  
777         0.28093312  0.25793426  0.00491937  
778         0.37780352  0.25808833  0.00491546  
779         0.37012992  0.25823216  0.00491126  
780         0.56739328  0.25862852  0.00492094  
781         0.05267328  0.25836481  0.00492171  
782         0.02139008  0.25806178  0.00492474  
783         0.41866752  0.25826689  0.00492272  
784         0.28245888  0.25829775  0.00491654  
785         0.16486272  0.25817872  0.00491171  
786         0.22924800  0.25814192  0.00490560  
787         0.34043392  0.25824648  0.00490048  
788         0.21235200  0.25818824  0.00489460  
789         0.67276288  0.25871368  0.00491655  
790         0.06993408  0.25847472  0.00491614  
791         0.18232192  0.25837845  0.00491086  
792         0.12230528  0.25820664  0.00490766  
793         0.36300800  0.25833880  0.00490325  
794         0.12302208  0.25816837  0.00490004  
795         0.05859200  0.25791733  0.00490031  
796         0.00763392  0.25760291  0.00490423  
797         0.23100928  0.25756954  0.00489819  
798         0.35440128  0.25769088  0.00489355  
799         0.17720832  0.25759015  0.00488846  
800         0.38227968  0.25774601  0.00488484  
801         0.40140800  0.25792537  0.00488203  
802         0.35306368  0.25804399  0.00487738  
803         0.31920000  0.25812015  0.00487190  
804         0.26848128  0.25813304  0.00486585  
805         0.23601152  0.25810556  0.00485988  
806         0.57792512  0.25850236  0.00487004  
807         0.22681088  0.25846309  0.00486416  
808         0.33347072  0.25855592  0.00485902  
809         0.29939200  0.25860640  0.00485328  
810         0.07159808  0.25837552  0.00485278  
811         0.20110208  0.25830490  0.00484730  
812         0.37588992  0.25844971  0.00484350  
813         0.06850048  0.25821607  0.00484317  
814         0.03241472  0.25793867  0.00484517  
815         0.12587008  0.25777663  0.00484193  
816         0.23961472  0.25775437  0.00483604  
817         0.29474688  0.25779965  0.00483033  
818         0.33996800  0.25790010  0.00482547  
819         0.32327552  0.25797992  0.00482024  
820         0.28450688  0.25801227  0.00481446  
821         0.36851200  0.25814686  0.00481048  
822         0.12183552  0.25798103  0.00480748  
823         0.08146432  0.25776655  0.00480643  
824         0.00889728  0.25746453  0.00481008  
825         0.23139200  0.25743293  0.00480435  
826         0.06152192  0.25719574  0.00480439  
827         0.25532288  0.25719348  0.00479858  
828         0.45344768  0.25743050  0.00479864  
829         0.05384192  0.25718492  0.00479913  
830         0.35746688  0.25730574  0.00479487  
831         0.16764800  0.25719785  0.00479031  
832         0.41731968  0.25739030  0.00478842  
833         0.32808448  0.25747517  0.00478342  
834         0.04915200  0.25722538  0.00478420  
835         0.09097088  0.25702627  0.00478262  
836         0.02876288  0.25675323  0.00478469  
837         0.22885888  0.25671991  0.00477909  
838         0.32192512  0.25679772  0.00477402  
839         0.02631552  0.25652301  0.00477623  
840         0.10194432  0.25633898  0.00477409  
841         0.09742208  0.25615002  0.00477215  
842         0.62182272  0.25658431  0.00478622  
843         0.27262848  0.25660334  0.00478058  
844         0.31430528  0.25667171  0.00477540  
845         0.35555200  0.25678873  0.00477118  
846         0.10915328  0.25661422  0.00476873  
847         0.19474432  0.25654117  0.00476366  
848         0.40187392  0.25671256  0.00476112  
849         0.25527808  0.25671087  0.00475551  
850         0.27801088  0.25673593  0.00474998  
851         0.13043200  0.25658751  0.00474672  
852         0.42019712  0.25677954  0.00474503  
853         0.11211648  0.25660994  0.00474250  
854         0.28412800  0.25664217  0.00473705  
855         0.31008768  0.25670468  0.00473192  
856         0.43206528  0.25690954  0.00473083  
857         0.21221248  0.25685738  0.00472559  
858         0.30380928  0.25691210  0.00472040  
859         0.14601728  0.25678301  0.00471667  
860         0.21960192  0.25673977  0.00471138  
861         0.37195648  0.25687359  0.00470780  
862         0.02641792  0.25660624  0.00470993  
863         0.15226368  0.25648533  0.00470603  
864         0.34721792  0.25659035  0.00470175  
865         0.20625408  0.25653216  0.00469667  
866         0.13341568  0.25638999  0.00469340  
867         0.27237248  0.25640842  0.00468802  
868         0.34342912  0.25650868  0.00468369  
869         0.26898432  0.25652303  0.00467831  
870         0.13125632  0.25637905  0.00467515  
871         0.49713152  0.25665546  0.00467795  
872         0.34866048  0.25676097  0.00467378  
873         0.34992128  0.25686768  0.00466964  
874         0.14637952  0.25674126  0.00466601  
875         0.34035200  0.25683682  0.00466165  
876         0.37076992  0.25696688  0.00465814  
877         0.34524032  0.25706753  0.00465392  
878         0.27063808  0.25708299  0.00464864  
879         0.33254272  0.25716884  0.00464414  
880         0.03483648  0.25691619  0.00464574  
881         0.53196288  0.25722839  0.00465095  
882         0.42510208  0.25741872  0.00464957  
883         0.44435328  0.25763042  0.00464913  
884         0.33811328  0.25772147  0.00464476  
885         0.23424512  0.25769494  0.00463958  
886         0.33165312  0.25777841  0.00463509  
887         0.17437568  0.25768439  0.00463082  
888         0.02876288  0.25742659  0.00463278  
889         0.32778112  0.25750573  0.00462824  
890         0.15917952  0.25739525  0.00462436  
891         0.28416000  0.25742529  0.00461926  
892         0.12928512  0.25728164  0.00461632  
893         0.38080000  0.25741995  0.00461322  
894         0.14000000  0.25728861  0.00460993  
895         0.08402432  0.25709502  0.00460884  
896         0.10378112  0.25692391  0.00460687  
897         0.31072128  0.25698389  0.00460212  
898         0.34297728  0.25707965  0.00459799  
899         0.22984192  0.25704935  0.00459298  
900         0.16846848  0.25695093  0.00458893  
901         0.13516800  0.25681576  0.00458582  
902         0.33858432  0.25690641  0.00458163  
903         0.07890432  0.25670929  0.00458080  
904         0.36528000  0.25682939  0.00457731  
905         0.17028608  0.25673376  0.00457324  
906         0.26364800  0.25674140  0.00456820  
907         0.09569152  0.25656383  0.00456661  
908         0.34461568  0.25666081  0.00456261  
909         0.40467328  0.25682364  0.00456050  
910         0.33804288  0.25691289  0.00455636  
911         0.45964800  0.25713543  0.00455679  
912         0.53577728  0.25744096  0.00456204  
913         0.38844288  0.25758444  0.00455929  
914         0.14149632  0.25745743  0.00455607  
915         0.39095808  0.25760333  0.00455343  
916         0.35468800  0.25770932  0.00454969  
917         0.26540032  0.25771771  0.00454473  
918         0.46228992  0.25794055  0.00454525  
919         0.23402368  0.25791453  0.00454037  
920         0.07555968  0.25771632  0.00453976  
921         0.52784000  0.25800961  0.00454431  
922         0.31795200  0.25807462  0.00453984  
923         0.06309888  0.25786338  0.00453984  
924         0.14443392  0.25774062  0.00453658  
925         0.22034432  0.25770020  0.00453186  
926         0.10483200  0.25753511  0.00452997  
927         0.27027328  0.25754885  0.00452510  
928         0.07587712  0.25735309  0.00452446  
929         0.31228800  0.25741222  0.00451997  
930         0.29593472  0.25745364  0.00451530  
931         0.33234432  0.25753408  0.00451116  
932         0.22986752  0.25750440  0.00450642  
933         0.24414208  0.25749008  0.00450161  
934         0.36254592  0.25760255  0.00449819  
935         0.50119552  0.25786308  0.00450093  
936         0.46143488  0.25808057  0.00450137  
937         0.10796928  0.25792037  0.00449942  
938         0.06538752  0.25771511  0.00449930  
939         0.29923328  0.25775933  0.00449473  
940         0.42283008  0.25793493  0.00449338  
941         0.24821632  0.25792460  0.00448861  
942         0.27998208  0.25794802  0.00448390  
943         0.15738368  0.25784138  0.00448042  
944         0.22184832  0.25780325  0.00447583  
945         0.02139008  0.25755308  0.00447808  
946         0.29373952  0.25759133  0.00447351  
947         0.33828352  0.25767654  0.00446960  
948         0.27688832  0.25769680  0.00446493  
949         0.03362688  0.25746069  0.00446646  
950         0.32075648  0.25752732  0.00446226  
951         0.07618432  0.25733663  0.00446164  
952         0.06821888  0.25713798  0.00446138  
953         0.31989248  0.25720383  0.00445718  
954         0.24830848  0.25719450  0.00445251  
955         0.33708928  0.25727816  0.00444863  
956         0.54445568  0.25757856  0.00445412  
957         0.40703872  0.25773473  0.00445220  
958         0.29128192  0.25776975  0.00444769  
959         0.12687232  0.25763326  0.00444515  
960         0.42076032  0.25780318  0.00444376  
961         0.33259008  0.25788100  0.00443982  
962         0.22668800  0.25784858  0.00443532  
963         0.47737728  0.25807654  0.00443657  
964         0.16332288  0.25797825  0.00443306  
965         0.10890112  0.25782377  0.00443116  
966         0.10272768  0.25766321  0.00442948  
967         0.19578752  0.25759922  0.00442536  
968         0.71945088  0.25807634  0.00444646  
969         0.19763200  0.25801396  0.00444230  
970         0.36618112  0.25812548  0.00443912  
971         0.35450752  0.25822474  0.00443566  
972         0.05171200  0.25801228  0.00443618  
973         0.07923712  0.25782854  0.00443543  
974         0.38967168  0.25796390  0.00443294  
975         0.16363008  0.25786715  0.00442945  
976         0.31133568  0.25792193  0.00442525  
977         0.34764288  0.25801377  0.00442167  
978         0.34389888  0.25810158  0.00441802  
979         0.28387200  0.25812791  0.00441358  
980         0.37528448  0.25824745  0.00441069  
981         0.43535232  0.25842799  0.00440989  
982         0.09173888  0.25825824  0.00440867  
983         0.39408512  0.25839642  0.00440635  
984         0.12230528  0.25825812  0.00440404  
985         0.09313152  0.25809048  0.00440276  
986         0.37304192  0.25820706  0.00439984  
987         0.27742208  0.25822653  0.00439542  
988         0.02641792  0.25799190  0.00439723  
989         0.37559808  0.25811082  0.00439439  
990         0.10167168  0.25795280  0.00439280  
991         0.11211648  0.25780564  0.00439083  
992         0.32470912  0.25787308  0.00438692  
993         0.08001408  0.25769397  0.00438616  
994         0.37449728  0.25781148  0.00438332  
995         0.33420800  0.25788826  0.00437958  
996         0.39415808  0.25802507  0.00437732  
997         0.41308032  0.25818059  0.00437569  
998         0.61628288  0.25853941  0.00438601  
999         0.37296128  0.25865395  0.00438311  
1000        0.15645568  0.25855175  0.00437992  
1001        0.28599808  0.25857917  0.00437563  
1002        0.14223232  0.25846306  0.00437280  
1003        0.12331008  0.25832831  0.00437052  
1004        0.09742208  0.25816804  0.00436910  
1005        0.17452928  0.25808482  0.00436555  
1006        0.29734912  0.25812385  0.00436138  
1007        0.17925632  0.25804553  0.00435775  
1008        0.06309888  0.25785213  0.00435772  
1009        0.25740800  0.25785169  0.00435340  
1010        0.11314688  0.25770842  0.00435144  
1011        0.31684608  0.25776691  0.00434753  
1012        0.27027328  0.25777927  0.00434325  
1013        0.08769408  0.25761137  0.00434221  
1014        0.11356032  0.25746931  0.00434025  
1015        0.24236032  0.25745442  0.00433600  
1016        0.34645888  0.25754202  0.00433261  
1017        0.32295808  0.25760635  0.00432883  
1018        0.36081152  0.25770773  0.00432576  
1019        0.17420288  0.25762578  0.00432229  
1020        0.39728000  0.25776270  0.00432022  
1021        0.31692800  0.25782064  0.00431638  
1022        0.12646272  0.25769211  0.00431407  
1023        0.61859712  0.25804490  0.00432426  
1024        0.21372800  0.25800163  0.00432026  
1025        0.35347968  0.25809478  0.00431704  
1026        0.38584192  0.25821929  0.00431463  
1027        0.18060800  0.25814371  0.00431109  
1028        0.07699968  0.25796750  0.00431050  
1029        0.05733248  0.25777252  0.00431072  
1030        0.28592000  0.25779985  0.00430662  
1031        0.34170752  0.25788124  0.00430321  
1032        0.35827200  0.25797851  0.00430014  
1033        0.16655872  0.25789001  0.00429688  
1034        0.24624000  0.25787875  0.00429274  
1035        0.08442752  0.25771116  0.00429187  
1036        0.31219200  0.25776375  0.00428804  
1037        0.05267328  0.25756598  0.00428847  
1038        0.30776192  0.25761434  0.00428461  
1039        0.29068800  0.25764617  0.00428060  
1040        0.35746688  0.25774215  0.00427756  
1041        0.01392512  0.25750793  0.00427986  
1042        0.34611200  0.25759297  0.00427660  
1043        0.39417728  0.25772392  0.00427450  
1044        0.15923200  0.25762958  0.00427145  
1045        0.25578368  0.25762781  0.00426736  
1046        0.15689728  0.25753151  0.00426436  
1047        0.22460288  0.25750006  0.00426041  
1048        0.40293248  0.25763883  0.00425860  
1049        0.30064128  0.25767983  0.00425474  
1050        0.24639488  0.25766908  0.00425070  
1051        0.37713408  0.25778275  0.00424817  
1052        0.26662912  0.25779116  0.00424414  
1053        0.12730368  0.25766724  0.00424192  
1054        0.11002752  0.25752716  0.00424020  
1055        0.15667200  0.25743156  0.00423726  
1056        0.06220672  0.25724669  0.00423728  
1057        0.33632128  0.25732150  0.00423393  
1058        0.29732352  0.25735931  0.00423010  
1059        0.06424448  0.25717696  0.00423003  
1060        0.35415552  0.25726844  0.00422703  
1061        0.02998272  0.25705423  0.00422848  
1062        0.09313152  0.25689987  0.00422731  
1063        0.07923712  0.25673274  0.00422664  
1064        0.31623168  0.25678866  0.00422303  
1065        0.58748928  0.25709918  0.00423048  
1066        0.11004800  0.25696123  0.00422876  
1067        0.32000000  0.25702031  0.00422521  
1068        0.30443392  0.25706471  0.00422148  
1069        0.30083968  0.25710566  0.00421773  
1070        0.29696000  0.25714290  0.00421395  
1071        0.17284608  0.25706419  0.00421075  
1072        0.34172800  0.25714317  0.00420756  
1073        0.66999808  0.25752794  0.00422121  
1074        0.34930688  0.25761339  0.00421814  
1075        0.25974272  0.25761537  0.00421422  
1076        0.36812800  0.25771808  0.00421155  
1077        0.12284800  0.25759285  0.00420950  
1078        0.07106432  0.25741982  0.00420916  
1079        0.37113728  0.25752521  0.00420657  
1080        0.05267328  0.25733554  0.00420695  
1081        0.06993408  0.25716218  0.00420663  
1082        0.39523200  0.25728978  0.00420468  
1083        0.34316288  0.25736907  0.00420155  
1084        0.12850688  0.25725020  0.00419935  
1085        0.08661888  0.25709293  0.00419843  
1086        0.32391168  0.25715446  0.00419501  
1087        0.12531200  0.25703317  0.00419290  
1088        0.33207808  0.25710215  0.00418961  
1089        0.08442752  0.25694358  0.00418877  
1090        0.39395200  0.25706928  0.00418681  
1091        0.30259200  0.25711100  0.00418318  
1092        0.05150208  0.25692272  0.00418359  
1093        0.25214848  0.25691835  0.00417976  
1094        0.08001408  0.25675665  0.00417907  
1095        0.30791552  0.25680337  0.00417551  
1096        0.42229248  0.25695436  0.00417443  
1097        0.38557568  0.25707161  0.00417227  
1098        0.16498688  0.25698774  0.00416931  
1099        0.34201088  0.25706511  0.00416624  
1100        0.13004288  0.25694963  0.00416405  
1101        0.06080000  0.25677148  0.00416408  
1102        0.09932800  0.25662861  0.00416275  
1103        0.20242432  0.25657946  0.00415926  
1104        0.48798592  0.25678907  0.00416078  
1105        0.16932352  0.25670992  0.00415776  
1106        0.38609792  0.25682690  0.00415565  
1107        0.18645888  0.25676334  0.00415238  
1108        0.31740800  0.25681807  0.00414899  
1109        0.33908608  0.25689225  0.00414591  
1110        0.35557248  0.25698115  0.00414313  
1111        0.39853568  0.25710857  0.00414136  
1112        0.40394752  0.25724061  0.00413974  
1113        0.33572352  0.25731113  0.00413662  
1114        0.09848832  0.25716856  0.00413536  
1115        0.21266432  0.25712865  0.00413185  
1116        0.32843648  0.25719254  0.00412864  
1117        0.18819072  0.25713077  0.00412540  
1118        0.20785152  0.25708669  0.00412194  
1119        0.09244672  0.25693956  0.00412089  
1120        0.31782912  0.25699392  0.00411757  
1121        0.33699328  0.25706529  0.00411451  
1122        0.27666432  0.25708276  0.00411088  
1123        0.26304000  0.25708806  0.00410722  
1124        0.23935872  0.25707229  0.00410359  
1125        0.07811968  0.25691322  0.00410303  
1126        0.11826048  0.25679008  0.00410123  
1127        0.11620352  0.25666534  0.00409949  
1128        0.21342208  0.25662700  0.00409603  
1129        0.30955008  0.25667388  0.00409267  
1130        0.38374272  0.25678633  0.00409059  
1131        0.20277248  0.25673857  0.00408726  
1132        0.10403328  0.25660367  0.00408587  
1133        0.03120000  0.25640473  0.00408711  
1134        0.25443200  0.25640299  0.00408350  
1135        0.34924032  0.25648478  0.00408072  
1136        0.18212352  0.25641932  0.00407765  
1137        0.03618688  0.25622563  0.00407867  
1138        0.07555968  0.25606687  0.00407817  
1139        0.01891200  0.25585866  0.00407991  
1140        0.33276800  0.25592612  0.00407689  
1141        0.10766208  0.25579618  0.00407538  
1142        0.31462272  0.25584769  0.00407214  
1143        0.35220352  0.25593199  0.00406945  
1144        0.34825728  0.25601269  0.00406669  
1145        0.20874112  0.25597141  0.00406335  
1146        0.29120000  0.25600215  0.00405992  
1147        0.34684800  0.25608135  0.00405715  
1148        0.10782592  0.25595221  0.00405567  
1149        0.30392192  0.25599396  0.00405235  
1150        0.42997632  0.25614525  0.00405165  
1151        0.15040512  0.25605338  0.00404917  
1152        0.28153728  0.25607550  0.00404572  
1153        0.32097152  0.25613179  0.00404260  
1154        0.21205888  0.25609360  0.00403927  
1155        0.21968768  0.25606208  0.00403590  
1156        0.42803200  0.25621084  0.00403515  
1157        0.49191808  0.25641456  0.00403680  
1158        0.38540800  0.25652595  0.00403485  
1159        0.33172352  0.25659084  0.00403189  
1160        0.23193088  0.25656958  0.00402847  
1161        0.44028800  0.25672782  0.00402811  
1162        0.31247872  0.25677580  0.00402493  
1163        0.02139008  0.25657340  0.00402656  
1164        0.41848832  0.25671250  0.00402550  
1165        0.37667712  0.25681548  0.00402336  
1166        0.03844992  0.25662820  0.00402427  
1167        0.32859648  0.25668987  0.00402129  
1168        0.09848832  0.25655442  0.00402013  
1169        0.27635200  0.25657136  0.00401673  
1170        0.14921728  0.25647960  0.00401434  
1171        0.13675392  0.25637736  0.00401221  
1172        0.08112128  0.25622782  0.00401158  
1173        0.04084608  0.25604421  0.00401236  
1174        0.04679168  0.25586597  0.00401290  
1175        0.28731392  0.25589273  0.00400957  
1176        0.42636800  0.25603770  0.00400878  
1177        0.31923072  0.25609139  0.00400574  
1178        0.22755328  0.25606716  0.00400241  
1179        0.38582272  0.25617722  0.00400052  
1180        0.15872000  0.25609462  0.00399799  
1181        0.36253568  0.25618475  0.00399562  
1182        0.30565888  0.25622661  0.00399245  
1183        0.07022592  0.25606938  0.00399217  
1184        0.02876288  0.25587740  0.00399342  
1185        0.14665728  0.25578523  0.00399111  
1186        0.35122688  0.25586570  0.00398856  
1187        0.35563008  0.25594975  0.00398608  
1188        0.11467648  0.25583083  0.00398450  
1189        0.06012800  0.25566624  0.00398455  
1190        0.11576192  0.25554867  0.00398293  
1191        0.30893568  0.25559350  0.00397984  
1192        0.56252288  0.25585099  0.00398483  
1193        0.49366528  0.25605033  0.00398647  
1194        0.13209472  0.25594652  0.00398449  
1195        0.02385792  0.25575230  0.00398589  
1196        0.06129152  0.25558971  0.00398587  
1197        0.37004800  0.25568533  0.00398369  
1198        0.17376768  0.25561695  0.00398095  
1199        0.32819200  0.25567748  0.00397809  
1200        0.04698112  0.25550356  0.00397857  
1201        0.36115328  0.25559153  0.00397623  
1202        0.26759168  0.25560152  0.00397293  
1203        0.11384832  0.25548368  0.00397138  
1204        0.30691200  0.25552640  0.00396831  
1205        0.20402048  0.25548365  0.00396524  
1206        0.39341952  0.25559803  0.00396361  
1207        0.34886528  0.25567530  0.00396107  
1208        0.09569152  0.25554286  0.00396001  
1209        0.34498048  0.25561684  0.00395742  
1210        0.41220992  0.25574626  0.00395627  
1211        0.31784448  0.25579753  0.00395333  
1212        0.13903872  0.25570120  0.00395124  
1213        0.30391808  0.25574095  0.00394819  
1214        0.17020800  0.25567049  0.00394556  
1215        0.59315712  0.25594826  0.00395209  
1216        0.09676800  0.25581736  0.00395100  
1217        0.08808448  0.25567953  0.00395016  
1218        0.05384192  0.25551382  0.00395039  
1219        0.31282048  0.25556083  0.00394743  
1220        0.31539200  0.25560987  0.00394450  
1221        0.29652992  0.25564339  0.00394141  
1222        0.25296768  0.25564120  0.00393818  
1223        0.39420800  0.25575450  0.00393659  
1224        0.39750528  0.25587031  0.00393508  
1225        0.33763328  0.25593705  0.00393243  
1226        0.32987008  0.25599736  0.00392969  
1227        0.05500800  0.25583355  0.00392990  
1228        0.15411200  0.25575071  0.00392757  
1229        0.33592192  0.25581595  0.00392492  
1230        0.40652672  0.25593848  0.00392364  
1231        0.38552448  0.25604375  0.00392186  
1232        0.40687488  0.25616617  0.00392059  
1233        0.32085888  0.25621864  0.00391776  
1234        0.53662592  0.25644588  0.00392117  
1235        0.37516800  0.25654201  0.00391918  
1236        0.29180800  0.25657054  0.00391611  
1237        0.33843200  0.25663672  0.00391350  
1238        0.49028992  0.25682545  0.00391489  
1239        0.52067200  0.25703840  0.00391752  
1240        0.16124800  0.25696115  0.00391512  
1241        0.30500352  0.25699986  0.00391216  
1242        0.29833088  0.25703314  0.00390915  
1243        0.35071872  0.25710851  0.00390673  
1244        0.40978432  0.25723124  0.00390552  
1245        0.23943168  0.25721695  0.00390240  
1246        0.33177472  0.25727678  0.00389973  
1247        0.18145152  0.25721598  0.00389708  
1248        0.10147328  0.25709118  0.00389595  
1249        0.20705152  0.25705112  0.00389304  
1250        0.34056192  0.25711793  0.00389050  
1251        0.33587200  0.25718088  0.00388789  
1252        0.01766912  0.25698958  0.00388949  
1253        0.05267328  0.25682652  0.00388981  
1254        0.22434688  0.25680062  0.00388679  
1255        0.24780800  0.25679345  0.00388370  
1256        0.18247552  0.25673428  0.00388106  
1257        0.33859072  0.25679940  0.00387852  
1258        0.37660672  0.25689464  0.00387660  
1259        0.38860800  0.25699925  0.00387493  
1260        0.11085312  0.25688327  0.00387359  
1261        0.33011200  0.25694134  0.00387096  
1262        0.38451200  0.25704242  0.00386921  
1263        0.04915200  0.25687782  0.00386965  
1264        0.07890432  0.25673702  0.00386915  
1265        0.03724800  0.25656351  0.00386998  
1266        0.10061312  0.25644033  0.00386888  
1267        0.22736768  0.25641738  0.00386590  
1268        0.23267200  0.25639866  0.00386289  
1269        0.34114432  0.25646544  0.00386042  
1270        0.25206272  0.25646197  0.00385738  
1271        0.26824192  0.25647124  0.00385436  
1272        0.29388800  0.25650065  0.00385144  
1273        0.15244800  0.25641892  0.00384928  
1274        0.24820608  0.25641247  0.00384626  
1275        0.29962112  0.25644636  0.00384340  
1276        0.33479552  0.25650776  0.00384087  
1277        0.39155200  0.25661351  0.00383932  
1278        0.16064512  0.25653842  0.00383705  
1279        0.01015808  0.25634578  0.00383889  
1280        0.57311232  0.25659326  0.00384386  
1281        0.03376000  0.25641931  0.00384479  
1282        0.02262528  0.25623694  0.00384612  
1283        0.26936832  0.25624717  0.00384314  
1284        0.39579648  0.25635586  0.00384168  
1285        0.22297472  0.25632988  0.00383878  
1286        0.11826688  0.25622252  0.00383729  
1287        0.09097088  0.25609412  0.00383646  
1288        0.14231552  0.25600578  0.00383450  
1289        0.35321728  0.25608120  0.00383226  
1290        0.32204672  0.25613234  0.00382963  
1291        0.24755072  0.25612569  0.00382667  
1292        0.18974592  0.25607431  0.00382405  
1293        0.24785792  0.25606796  0.00382110  
1294        0.13419392  0.25597377  0.00381931  
1295        0.39641088  0.25608222  0.00381790  
1296        0.47675392  0.25625249  0.00381875  
1297        0.30460800  0.25628977  0.00381598  
1298        0.29744000  0.25632147  0.00381317  
1299        0.39104000  0.25642518  0.00381165  
1300        0.34682752  0.25649472  0.00380935  
1301        0.10403328  0.25637754  0.00380823  
1302        0.42218368  0.25650488  0.00380743  
1303        0.12641792  0.25640505  0.00380582  
1304        0.07249408  0.25626401  0.00380551  
1305        0.03120000  0.25609155  0.00380650  
1306        0.04679168  0.25593129  0.00380696  
1307        0.21530112  0.25590020  0.00380417  
1308        0.27518848  0.25591495  0.00380129  
1309        0.26500992  0.25592190  0.00379839  
1310        0.31804928  0.25596932  0.00379579  
1311        0.40441728  0.25608255  0.00379458  
1312        0.34134912  0.25614754  0.00379225  
1313        0.31149952  0.25618970  0.00378959  
1314        0.32421888  0.25624147  0.00378706  
1315        0.40282112  0.25635294  0.00378582  
1316        0.35788800  0.25643009  0.00378373  
1317        0.59768832  0.25668921  0.00378973  
1318        0.54441472  0.25690752  0.00379314  
1319        0.29489152  0.25693631  0.00379037  
1320        0.62945152  0.25721852  0.00379800  
1321        0.04084608  0.25705473  0.00379865  
1322        0.08368128  0.25692358  0.00379804  
1323        0.38199168  0.25701812  0.00379635  
1324        0.26172288  0.25702167  0.00379348  
1325        0.11417472  0.25691386  0.00379215  
1326        0.18855808  0.25686231  0.00378964  
1327        0.25858048  0.25686361  0.00378678  
1328        0.39421952  0.25696704  0.00378534  
1329        0.03604352  0.25680080  0.00378615  
1330        0.33621888  0.25686052  0.00378377  
1331        0.31600512  0.25690495  0.00378119  
1332        0.20837888  0.25686852  0.00377852  
1333        0.19993472  0.25682581  0.00377593  
1334        0.32397312  0.25687615  0.00377343  
1335        0.39139200  0.25697691  0.00377195  
1336        0.38962688  0.25707620  0.00377043  
1337        0.35115008  0.25714656  0.00376827  
1338        0.13321728  0.25705394  0.00376659  
1339        0.22216192  0.25702788  0.00376387  
1340        0.32509952  0.25707868  0.00376140  
1341        0.35142528  0.25714903  0.00375925  
1342        0.39142912  0.25724909  0.00375778  
1343        0.05849088  0.25710110  0.00375790  
1344        0.46179200  0.25725340  0.00375819  
1345        0.32194048  0.25730149  0.00375570  
1346        0.19054592  0.25725190  0.00375324  
1347        0.15901568  0.25717897  0.00375116  
1348        0.32337408  0.25722807  0.00374870  
1349        0.28926848  0.25725182  0.00374599  
1350        0.50179968  0.25743297  0.00374760  
1351        0.29966208  0.25746423  0.00374495  
1352        0.13820800  0.25737602  0.00374322  
1353        0.12082048  0.25727509  0.00374182  
1354        0.08001408  0.25714418  0.00374134  
1355        0.19578368  0.25709889  0.00373885  
1356        0.01642368  0.25692140  0.00374031  
1357        0.03483648  0.25675774  0.00374113  
1358        0.17131392  0.25669482  0.00373891  
1359        0.36341632  0.25677335  0.00373698  
1360        0.01392512  0.25659479  0.00373850  
1361        0.04204032  0.25643714  0.00373908  
1362        0.31800832  0.25648235  0.00373660  
1363        0.40163200  0.25658884  0.00373538  
1364        0.35071872  0.25665785  0.00373328  
1365        0.18316800  0.25660401  0.00373093  
1366        0.33976192  0.25666489  0.00372869  
1367        0.07555968  0.25653241  0.00372832  
1368        0.48099200  0.25669649  0.00372920  
1369        0.11314688  0.25659163  0.00372795  
1370        0.34428800  0.25665564  0.00372578  
1371        0.25571200  0.25665495  0.00372306  
1372        0.38137728  0.25674586  0.00372146  
1373        0.05989248  0.25660248  0.00372151  
1374        0.47328768  0.25676019  0.00372214  
1375        0.38706688  0.25685496  0.00372064  
1376        0.33387392  0.25691093  0.00371836  
1377        0.33468288  0.25696741  0.00371609  
1378        0.19555200  0.25692284  0.00371366  
1379        0.36975488  0.25700466  0.00371187  
1380        0.07667712  0.25687399  0.00371148  
1381        0.30545792  0.25690917  0.00370895  
1382        0.30012928  0.25694044  0.00370640  
1383        0.39753728  0.25704210  0.00370512  
1384        0.10510208  0.25693232  0.00370406  
1385        0.32764800  0.25698338  0.00370174  
1386        0.04204032  0.25682830  0.00370232  
1387        0.33381248  0.25688380  0.00370006  
1388        0.18181632  0.25682972  0.00369779  
1389        0.09676800  0.25671448  0.00369693  
1390        0.70410112  0.25703634  0.00370826  
1391        0.11467648  0.25693400  0.00370701  
1392        0.17546112  0.25687547  0.00370481  
1393        0.37098368  0.25695739  0.00370305  
1394        0.30780288  0.25699386  0.00370057  
1395        0.36963200  0.25707461  0.00369880  
1396        0.28456448  0.25709430  0.00369620  
1397        0.04204032  0.25694036  0.00369676  
1398        0.22290432  0.25691601  0.00369420  
1399        0.30640000  0.25695138  0.00369173  
1400        0.05964672  0.25681045  0.00369178  
1401        0.34096000  0.25687051  0.00368963  
1402        0.39671808  0.25697026  0.00368835  
1403        0.10061312  0.25685882  0.00368740  
1404        0.09539072  0.25674381  0.00368657  
1405        0.10723200  0.25663740  0.00368548  
1406        0.33254272  0.25669138  0.00368325  
1407        0.09848832  0.25657894  0.00368235  
1408        0.50544128  0.25675569  0.00368398  
1409        0.17164288  0.25669529  0.00368186  
1410        0.19619712  0.25665238  0.00367950  
1411        0.28318592  0.25667119  0.00367694  
1412        0.02754048  0.25650891  0.00367791  
1413        0.34915200  0.25657448  0.00367589  
1414        0.07331712  0.25644487  0.00367558  
1415        0.26531712  0.25645114  0.00367299  
1416        0.24379392  0.25644221  0.00367040  
1417        0.00763392  0.25626662  0.00367201  
1418        0.10739200  0.25616163  0.00367092  
1419        0.36134912  0.25623576  0.00366908  
1420        0.45004288  0.25637224  0.00366904  
1421        0.38531968  0.25646298  0.00366758  
1422        0.03376000  0.25630637  0.00366834  
1423        0.10679168  0.25620130  0.00366727  
1424        0.32708608  0.25625108  0.00366503  
1425        0.22396800  0.25622843  0.00366253  
1426        0.25315200  0.25622627  0.00365996  
1427        0.37019648  0.25630614  0.00365827  
1428        0.32142208  0.25635173  0.00365599  
1429        0.12431232  0.25625933  0.00365460  
1430        0.02631552  0.25609853  0.00365558  
1431        0.33903488  0.25615649  0.00365348  
1432        0.06309888  0.25602168  0.00365342  
1433        0.34629632  0.25608467  0.00365141  
1434        0.34676608  0.25614791  0.00364941  
1435        0.29531648  0.25617520  0.00364697  
1436        0.49248128  0.25633976  0.00364814  
1437        0.18396672  0.25628940  0.00364595  
1438        0.25468800  0.25628828  0.00364342  
1439        0.27125632  0.25629869  0.00364090  
1440        0.45180800  0.25643446  0.00364090  
1441        0.08658432  0.25631659  0.00364028  
1442        0.33770368  0.25637303  0.00363819  
1443        0.11515392  0.25627516  0.00363699  
1444        0.24697728  0.25626872  0.00363448  
1445        0.33130368  0.25632065  0.00363233  
1446        0.07667712  0.25619642  0.00363194  
1447        0.12747648  0.25610746  0.00363052  
1448        0.01766912  0.25594279  0.00363175  
1449        0.09027072  0.25582846  0.00363104  
1450        0.28259200  0.25584691  0.00362858  
1451        0.07106432  0.25571957  0.00362832  
1452        0.30187392  0.25575135  0.00362596  
1453        0.37516800  0.25583354  0.00362439  
1454        0.34575232  0.25589538  0.00362243  
1455        0.37887488  0.25597990  0.00362092  
1456        0.38405632  0.25606787  0.00361951  
1457        0.30643712  0.25610244  0.00361719  
1458        0.47331200  0.25625142  0.00361777  
1459        0.32404992  0.25629789  0.00361559  
1460        0.15411200  0.25622790  0.00361379  
1461        0.16807808  0.25616756  0.00361182  
1462        0.06848000  0.25603918  0.00361163  
1463        0.04220928  0.25589302  0.00361212  
1464        0.07779200  0.25577137  0.00361170  
1465        0.32259968  0.25581699  0.00360952  
1466        0.30478208  0.25585039  0.00360722  
1467        0.30871552  0.25588642  0.00360494  
1468        0.24460800  0.25587874  0.00360249  
1469        0.32547712  0.25592612  0.00360035  
1470        0.21779328  0.25590018  0.00359799  
1471        0.20754432  0.25586731  0.00359569  
1472        0.06309888  0.25573635  0.00359564  
1473        0.04204032  0.25559127  0.00359612  
1474        0.36838272  0.25566779  0.00359449  
1475        0.34476928  0.25572820  0.00359257  
1476        0.34355072  0.25578770  0.00359062  
1477        0.27581312  0.25580126  0.00358822  
1478        0.27080192  0.25581141  0.00358580  
1479        0.34640768  0.25587266  0.00358390  
1480        0.49696768  0.25603557  0.00358518  
1481        0.48977408  0.25619339  0.00358623  
1482        0.34523008  0.25625347  0.00358432  
1483        0.27766272  0.25626791  0.00358193  
1484        0.33991552  0.25632427  0.00357996  
1485        0.36132352  0.25639498  0.00357825  
1486        0.16050048  0.25633045  0.00357642  
1487        0.05384192  0.25619428  0.00357661  
1488        0.48563072  0.25634847  0.00357753  
1489        0.08624128  0.25623422  0.00357695  
1490        0.22952832  0.25621630  0.00357459  
1491        0.26138112  0.25621976  0.00357219  
1492        0.06880128  0.25609415  0.00357201  
1493        0.24717312  0.25608817  0.00356962  
1494        0.38387200  0.25617370  0.00356826  
1495        0.10272768  0.25607107  0.00356734  
1496        0.29836800  0.25609934  0.00356507  
1497        0.19539968  0.25605879  0.00356292  
1498        0.06309888  0.25592998  0.00356287  
1499        0.31446912  0.25596903  0.00356071  
1500        0.29588352  0.25599564  0.00355843  
1501        0.20180992  0.25595954  0.00355624  
1502        0.30427008  0.25599171  0.00355402  
1503        0.32227328  0.25603581  0.00355193  
1504        0.10483200  0.25593527  0.00355099  
1505        0.17802112  0.25588350  0.00354901  
1506        0.30136192  0.25591370  0.00354678  
1507        0.22004608  0.25588990  0.00354450  
1508        0.39812992  0.25598422  0.00354341  
1509        0.56572800  0.25618949  0.00354700  
1510        0.32611200  0.25623579  0.00354496  
1511        0.15574912  0.25616929  0.00354323  
1512        0.20659072  0.25613650  0.00354104  
1513        0.26677248  0.25614353  0.00353871  
1514        0.15503232  0.25607674  0.00353700  
1515        0.29450112  0.25610211  0.00353475  
1516        0.06880128  0.25597856  0.00353458  
1517        0.28723200  0.25599916  0.00353231  
1518        0.13184512  0.25591737  0.00353093  
1519        0.21068672  0.25588760  0.00352873  
1520        0.06195072  0.25576001  0.00352872  
1521        0.61664768  0.25599728  0.00353437  
1522        0.29710208  0.25602428  0.00353215  
1523        0.31015808  0.25605983  0.00353001  
1524        0.09955200  0.25595713  0.00352919  
1525        0.50984832  0.25612362  0.00353080  
1526        0.37605248  0.25620221  0.00352936  
1527        0.11365248  0.25610885  0.00352828  
1528        0.21820928  0.25608405  0.00352606  
1529        0.35442688  0.25614837  0.00352434  
1530        0.37632000  0.25622691  0.00352291  
1531        0.08112128  0.25611254  0.00352247  
1532        0.28659200  0.25613243  0.00352022  
1533        0.23345152  0.25611764  0.00351796  
1534        0.41724800  0.25622268  0.00351723  
1535        0.16652288  0.25616424  0.00351542  
1536        0.05617152  0.25603404  0.00351555  
1537        0.16015232  0.25597166  0.00351381  
1538        0.04835200  0.25583666  0.00351412  
1539        0.33932800  0.25589091  0.00351226  
1540        0.30104448  0.25592023  0.00351010  
1541        0.35043200  0.25598157  0.00350836  
1542        0.24553472  0.25597479  0.00350609  
1543        0.52581888  0.25614967  0.00350817  
1544        0.38238208  0.25623143  0.00350685  
1545        0.33879552  0.25628487  0.00350499  
1546        0.40036352  0.25637806  0.00350396  
1547        0.03132288  0.25623259  0.00350472  
1548        0.29356032  0.25625670  0.00350254  
1549        0.17020800  0.25620115  0.00350072  
1550        0.10291200  0.25610225  0.00349985  
1551        0.20643712  0.25607023  0.00349774  
1552        0.50618368  0.25623139  0.00349920  
1553        0.03844992  0.25609115  0.00349976  
1554        0.27027328  0.25610028  0.00349752  
1555        0.37410688  0.25617617  0.00349609  
1556        0.33807872  0.25622880  0.00349424  
1557        0.04100992  0.25609058  0.00349473  
1558        0.07667712  0.25597542  0.00349438  
1559        0.34451328  0.25603221  0.00349260  
1560        0.53692288  0.25621227  0.00349501  
1561        0.04679168  0.25607811  0.00349534  
1562        0.11427328  0.25598733  0.00349428  
1563        0.32864128  0.25603381  0.00349236  
1564        0.18396672  0.25598773  0.00349043  
1565        0.25403392  0.25598649  0.00348819  
1566        0.35776000  0.25605148  0.00348657  
1567        0.44272512  0.25617060  0.00348638  
1568        0.19715968  0.25613297  0.00348436  
1569        0.32967552  0.25617984  0.00348246  
1570        0.12928512  0.25609902  0.00348118  
1571        0.35268608  0.25616050  0.00347950  
1572        0.38337408  0.25624142  0.00347823  
1573        0.06195072  0.25611791  0.00347821  
1574        0.11826688  0.25603033  0.00347710  
1575        0.46588800  0.25616357  0.00347745  
1576        0.43928448  0.25627976  0.00347718  
1577        0.28979200  0.25630101  0.00347504  
1578        0.30295552  0.25633058  0.00347297  
1579        0.35980800  0.25639611  0.00347138  
1580        0.55244800  0.25658349  0.00347424  
1581        0.40435200  0.25667695  0.00347330  
1582        0.06652800  0.25655676  0.00347319  
1583        0.33146368  0.25660408  0.00347131  
1584        0.03604352  0.25646483  0.00347192  
1585        0.17276800  0.25641203  0.00347013  
1586        0.16875008  0.25635676  0.00346838  
1587        0.15310848  0.25629170  0.00346680  
1588        0.29486592  0.25631599  0.00346470  
1589        0.24647552  0.25630980  0.00346253  
1590        0.43264000  0.25642069  0.00346213  
1591        0.22691328  0.25640215  0.00346000  
1592        0.26813952  0.25640952  0.00345783  
1593        0.34620928  0.25646589  0.00345612  
1594        0.20621312  0.25643437  0.00345410  
1595        0.33527808  0.25648380  0.00345228  
1596        0.04679168  0.25635241  0.00345262  
1597        0.05617152  0.25622706  0.00345274  
1598        0.03844992  0.25609078  0.00345326  
1599        0.37289472  0.25616383  0.00345188  
1600        0.09832448  0.25606518  0.00345113  
1601        0.10296192  0.25596955  0.00345030  
1602        0.09865088  0.25587135  0.00344954  
1603        0.32811008  0.25591642  0.00344768  
1604        0.21401088  0.25589029  0.00344563  
1605        0.50688000  0.25604667  0.00344703  
1606        0.25651200  0.25604696  0.00344489  
1607        0.38143872  0.25612499  0.00344363  
1608        0.28641152  0.25614382  0.00344154  
1609        0.21216768  0.25611649  0.00343951  
1610        0.36504448  0.25618415  0.00343803  
1611        0.24181632  0.25617523  0.00343591  
1612        0.21820928  0.25615168  0.00343386  
1613        0.32250752  0.25619282  0.00343198  
1614        0.36766592  0.25626188  0.00343054  
1615        0.32323072  0.25630335  0.00342867  
1616        0.37427200  0.25637635  0.00342733  
1617        0.43170688  0.25648478  0.00342692  
1618        0.07106432  0.25637018  0.00342672  
1619        0.43013632  0.25647751  0.00342628  
1620        0.02015232  0.25633163  0.00342727  
1621        0.33523200  0.25638030  0.00342551  
1622        0.25147392  0.25637728  0.00342339  
1623        0.07779200  0.25626724  0.00342305  
1624        0.35143168  0.25632584  0.00342145  
1625        0.31380992  0.25636122  0.00341952  
1626        0.31868800  0.25639955  0.00341763  
1627        0.32292352  0.25644044  0.00341578  
1628        0.18554368  0.25639689  0.00341396  
1629        0.03266048  0.25625954  0.00341462  
1630        0.07219200  0.25614662  0.00341440  
1631        0.25659392  0.25614689  0.00341230  
1632        0.37367808  0.25621891  0.00341097  
1633        0.38332288  0.25629674  0.00340977  
1634        0.13443968  0.25622217  0.00340850  
1635        0.18974592  0.25618151  0.00340666  
1636        0.30950272  0.25621410  0.00340473  
1637        0.33950592  0.25626498  0.00340303  
1638        0.04442112  0.25613565  0.00340341  
1639        0.21309312  0.25610939  0.00340143  
1640        0.16526848  0.25605400  0.00339981  
1641        0.28501888  0.25607165  0.00339778  
1642        0.37965312  0.25614691  0.00339655  
1643        0.30140288  0.25617446  0.00339459  
1644        0.02015232  0.25603089  0.00339556  
1645        0.47119232  0.25616169  0.00339602  
1646        0.20297728  0.25612938  0.00339411  
1647        0.16050048  0.25607132  0.00339254  
1648        0.25187200  0.25606877  0.00339048  
1649        0.16486272  0.25601346  0.00338888  
1650        0.24600448  0.25600739  0.00338683  
1651        0.23879552  0.25599697  0.00338479  
1652        0.29315072  0.25601946  0.00338282  
1653        0.40035200  0.25610677  0.00338190  
1654        0.09576448  0.25600983  0.00338124  
1655        0.07192448  0.25589860  0.00338103  
1656        0.07106432  0.25578699  0.00338083  
1657        0.16409472  0.25573165  0.00337924  
1658        0.25084800  0.25572870  0.00337721  
1659        0.26777088  0.25573596  0.00337518  
1660        0.33766272  0.25578532  0.00337350  
1661        0.40406528  0.25587459  0.00337265  
1662        0.31692800  0.25591132  0.00337082  
1663        0.21170048  0.25588474  0.00336890  
1664        0.08402432  0.25578146  0.00336846  
1665        0.04560768  0.25565522  0.00336880  
1666        0.01642368  0.25551163  0.00336984  
1667        0.24931200  0.25550791  0.00336782  
1668        0.31364608  0.25554276  0.00336598  
1669        0.08368128  0.25543979  0.00336554  
1670        0.39095168  0.25552094  0.00336450  
1671        0.29278208  0.25554324  0.00336256  
1672        0.08624128  0.25544198  0.00336208  
1673        0.48455168  0.25557892  0.00336286  
1674        0.19312128  0.25554161  0.00336105  
1675        0.31971200  0.25557992  0.00335926  
1676        0.04679168  0.25545535  0.00335957  
1677        0.51836800  0.25561212  0.00336122  
1678        0.57902592  0.25580486  0.00336474  
1679        0.36931072  0.25587247  0.00336342  
1680        0.06780800  0.25576052  0.00336328  
1681        0.09528192  0.25566506  0.00336263  
1682        0.08332800  0.25556260  0.00336220  
1683        0.34329472  0.25561472  0.00336060  
1684        0.73491328  0.25589934  0.00337064  
1685        0.36838272  0.25596610  0.00336930  
1686        0.25277952  0.25596421  0.00336731  
1687        0.23347200  0.25595088  0.00336534  
1688        0.25783808  0.25595199  0.00336334  
1689        0.26510208  0.25595741  0.00336135  
1690        0.28160000  0.25597259  0.00335940  
1691        0.27174912  0.25598191  0.00335743  
1692        0.19699200  0.25594705  0.00335562  
1693        0.08624128  0.25584681  0.00335514  
1694        0.33097728  0.25589116  0.00335345  
1695        0.32271232  0.25593058  0.00335170  
1696        0.28844032  0.25594975  0.00334978  
1697        0.27455488  0.25596072  0.00334782  
1698        0.35182592  0.25601717  0.00334633  
1699        0.18913152  0.25597781  0.00334459  
1700        0.11004800  0.25589197  0.00334372  
1701        0.33124352  0.25593626  0.00334205  
1702        0.18974592  0.25589737  0.00334031  
1703        0.38313472  0.25597209  0.00333919  
1704        0.19425152  0.25593587  0.00333742  
1705        0.04204032  0.25581042  0.00333782  
1706        0.17632768  0.25576382  0.00333619  
1707        0.43747200  0.25587027  0.00333593  
1708        0.16435200  0.25581669  0.00333441  
1709        0.05964672  0.25570191  0.00333444  
1710        0.04323200  0.25557765  0.00333480  
1711        0.25659392  0.25557825  0.00333285  
1712        0.03010048  0.25544654  0.00333351  
1713        0.10104832  0.25535641  0.00333278  
1714        0.04915200  0.25523610  0.00333301  
1715        0.07443968  0.25513068  0.00333273  
1716        0.32261632  0.25517001  0.00333102  
1717        0.00636800  0.25502511  0.00333223  
1718        0.26786688  0.25503258  0.00333030  
1719        0.45351808  0.25514805  0.00333036  
1720        0.34098688  0.25519795  0.00332880  
1721        0.06680448  0.25508849  0.00332867  
1722        0.02139008  0.25495277  0.00332950  
1723        0.22833152  0.25493732  0.00332760  
1724        0.09998208  0.25484744  0.00332689  
1725        0.13223808  0.25477636  0.00332572  
1726        0.29319168  0.25479862  0.00332386  
1727        0.31753088  0.25483494  0.00332214  
1728        0.59646848  0.25503265  0.00332610  
1729        0.38399872  0.25510724  0.00332501  
1730        0.27938688  0.25512127  0.00332312  
1731        0.30343168  0.25514918  0.00332131  
1732        0.33535872  0.25519549  0.00331972  
1733        0.37081088  0.25526221  0.00331847  
1734        0.54394368  0.25542869  0.00332073  
1735        0.22407168  0.25541062  0.00331887  
1736        0.09027072  0.25531549  0.00331832  
1737        0.16940928  0.25526603  0.00331678  
1738        0.02876288  0.25513571  0.00331743  
1739        0.03964928  0.25501179  0.00331784  
1740        0.32753152  0.25505347  0.00331619  
1741        0.10167168  0.25496537  0.00331546  
1742        0.09097088  0.25487123  0.00331489  
1743        0.32947712  0.25491403  0.00331326  
1744        0.07219072  0.25480926  0.00331302  
1745        0.29285248  0.25483106  0.00331119  
1746        0.32768000  0.25487279  0.00330956  
1747        0.35020672  0.25492736  0.00330811  
1748        0.37258752  0.25499467  0.00330691  
1749        0.39155200  0.25507275  0.00330594  
1750        0.45115392  0.25518479  0.00330595  
1751        0.26914688  0.25519277  0.00330407  
1752        0.26311552  0.25519729  0.00330218  
1753        0.41459200  0.25528821  0.00330155  
1754        0.37500928  0.25535647  0.00330037  
1755        0.07219200  0.25525210  0.00330014  
1756        0.34211328  0.25530157  0.00329864  
1757        0.08332800  0.25520369  0.00329821  
1758        0.43699712  0.25530710  0.00329796  
1759        0.13362688  0.25523792  0.00329681  
1760        0.26480512  0.25524336  0.00329494  
1761        0.50092928  0.25538287  0.00329602  
1762        0.35823488  0.25544125  0.00329466  
1763        0.18124288  0.25539916  0.00329306  
1764        0.05849088  0.25528753  0.00329309  
1765        0.13903872  0.25522167  0.00329188  
1766        0.12236288  0.25514644  0.00329088  
1767        0.21544448  0.25512397  0.00328909  
1768        0.33267200  0.25516783  0.00328752  
1769        0.27540352  0.25517927  0.00328568  
1770        0.11100032  0.25509781  0.00328484  
1771        0.33933312  0.25514538  0.00328333  
1772        0.07704448  0.25504487  0.00328301  
1773        0.42102272  0.25513848  0.00328250  
1774        0.41122688  0.25522647  0.00328182  
1775        0.34087808  0.25527472  0.00328033  
1776        0.24509952  0.25526900  0.00327849  
1777        0.25090048  0.25526654  0.00327664  
1778        0.05873152  0.25515600  0.00327666  
1779        0.32035712  0.25519265  0.00327503  
1780        0.43077632  0.25529129  0.00327467  
1781        0.10268672  0.25520561  0.00327395  
1782        0.35635200  0.25526237  0.00327261  
1783        0.24508288  0.25525666  0.00327078  
1784        0.38041472  0.25532681  0.00326970  
1785        0.32151552  0.25536390  0.00326808  
1786        0.26759168  0.25537074  0.00326625  
1787        0.11191168  0.25529046  0.00326541  
1788        0.08402432  0.25519468  0.00326499  
1789        0.34826112  0.25524670  0.00326358  
1790        0.31948288  0.25528258  0.00326195  
1791        0.21324672  0.25525911  0.00326021  
1792        0.15595008  0.25520369  0.00325887  
1793        0.12385792  0.25513044  0.00325787  
1794        0.07667712  0.25503097  0.00325757  
1795        0.12641792  0.25495932  0.00325655  
1796        0.28240768  0.25497460  0.00325477  
1797        0.02631552  0.25484736  0.00325545  
1798        0.05565312  0.25473657  0.00325552  
1799        0.34712448  0.25478792  0.00325412  
1800        0.16645632  0.25473885  0.00325268  
1801        0.05500800  0.25462795  0.00325276  
1802        0.17788800  0.25458536  0.00325123  
1803        0.33584000  0.25463043  0.00324974  
1804        0.35321728  0.25468508  0.00324840  
1805        0.51286912  0.25482812  0.00324975  
1806        0.39811072  0.25490746  0.00324892  
1807        0.17028608  0.25486063  0.00324746  
1808        0.05384192  0.25474944  0.00324757  
1809        0.40960000  0.25483504  0.00324690  
1810        0.29101568  0.25485503  0.00324517  
1811        0.18232192  0.25481498  0.00324362  
1812        0.64202752  0.25502867  0.00324887  
1813        0.32578432  0.25506770  0.00324731  
1814        0.30994432  0.25509795  0.00324566  
1815        0.37002752  0.25516127  0.00324449  
1816        0.17532800  0.25511731  0.00324300  
1817        0.05091200  0.25500493  0.00324316  
1818        0.20203392  0.25497579  0.00324151  
1819        0.02754048  0.25485076  0.00324214  
1820        0.25307008  0.25484978  0.00324035  
1821        0.05032832  0.25473747  0.00324052  
1822        0.16140288  0.25468624  0.00323915  
1823        0.15802368  0.25463322  0.00323780  
1824        0.16551808  0.25458436  0.00323640  
1825        0.40844800  0.25466867  0.00323572  
1826        0.32960000  0.25470970  0.00323421  
1827        0.25804800  0.25471153  0.00323244  
1828        0.16207872  0.25466086  0.00323107  
1829        0.05756800  0.25455310  0.00323110  
1830        0.13516800  0.25448786  0.00322999  
1831        0.15574912  0.25443393  0.00322868  
1832        0.29329408  0.25445514  0.00322698  
1833        0.39556608  0.25453213  0.00322614  
1834        0.18656768  0.25449507  0.00322460  
1835        0.14284800  0.25443423  0.00322341  
1836        0.13903872  0.25437138  0.00322227  
1837        0.32746368  0.25441116  0.00322076  
1838        0.15759232  0.25435849  0.00321944  
1839        0.04084608  0.25424239  0.00321978  
1840        0.14637952  0.25418376  0.00321856  
1841        0.13027200  0.25411646  0.00321752  
1842        0.28154752  0.25413135  0.00321581  
1843        0.16562048  0.25408332  0.00321442  
1844        0.43404800  0.25418092  0.00321416  
1845        0.14095872  0.25411955  0.00321300  
1846        0.39372288  0.25419518  0.00321215  
1847        0.15133568  0.25413949  0.00321090  
1848        0.35171200  0.25419229  0.00320959  
1849        0.32035712  0.25422807  0.00320806  
1850        0.40231808  0.25430812  0.00320732  
1851        0.32454528  0.25434606  0.00320581  
1852        0.20437888  0.25431908  0.00320419  
1853        0.38522368  0.25438973  0.00320324  
1854        0.41947008  0.25447877  0.00320275  
1855        0.38087552  0.25454691  0.00320175  
1856        0.36387712  0.25460581  0.00320057  
1857        0.18313088  0.25456732  0.00319907  
1858        0.29411328  0.25458861  0.00319742  
1859        0.75619200  0.25485843  0.00320707  
1860        0.16363008  0.25480939  0.00320572  
1861        0.06424448  0.25470699  0.00320564  
1862        0.45041152  0.25481209  0.00320564  
1863        0.38634368  0.25488269  0.00320470  
1864        0.77388672  0.25516113  0.00321505  
1865        0.17404800  0.25511764  0.00321362  
1866        0.30773248  0.25514583  0.00321203  
1867        0.09528192  0.25506021  0.00321145  
1868        0.05617152  0.25495373  0.00321149  
1869        0.13903872  0.25489172  0.00321037  
1870        0.33646592  0.25493534  0.00320895  
1871        0.34906112  0.25498565  0.00320763  
1872        0.20051968  0.25495655  0.00320605  
1873        0.27744128  0.25496856  0.00320436  
1874        0.31036288  0.25499811  0.00320279  
1875        0.12288000  0.25492765  0.00320185  
1876        0.19555200  0.25489600  0.00320030  
1877        0.29667328  0.25491826  0.00319867  
1878        0.35107712  0.25496946  0.00319738  
1879        0.16363008  0.25492085  0.00319605  
1880        0.30766592  0.25494891  0.00319447  
1881        0.31864832  0.25498277  0.00319295  
1882        0.31923072  0.25501691  0.00319144  
1883        0.37056000  0.25507827  0.00319033  
1884        0.38238208  0.25514584  0.00318935  
1885        0.31292928  0.25517650  0.00318781  
1886        0.24529792  0.25517126  0.00318612  
1887        0.10784768  0.25509319  0.00318539  
1888        0.34812800  0.25514246  0.00318408  
1889        0.34790272  0.25519157  0.00318278  
1890        0.36220928  0.25524819  0.00318160  
1891        0.21733248  0.25522814  0.00317998  
1892        0.17108992  0.25518367  0.00317861  
1893        0.08442752  0.25509347  0.00317821  
1894        0.35659648  0.25514706  0.00317698  
1895        0.25290752  0.25514588  0.00317530  
1896        0.10723200  0.25506786  0.00317459  
1897        0.04460032  0.25495691  0.00317485  
1898        0.04560768  0.25484661  0.00317510  
1899        0.21964800  0.25482808  0.00317348  
1900        0.27363200  0.25483798  0.00317182  
1901        0.18232192  0.25479983  0.00317038  
1902        0.47777792  0.25491706  0.00317088  
1903        0.06880128  0.25481926  0.00317073  
1904        0.18232832  0.25478119  0.00316929  
1905        0.05032832  0.25467386  0.00316944  
1906        0.13903872  0.25461320  0.00316836  
1907        0.39292800  0.25468573  0.00316753  
1908        0.13381632  0.25462238  0.00316650  
1909        0.19427328  0.25459076  0.00316500  
1910        0.21324672  0.25456912  0.00316342  
1911        0.59503488  0.25474728  0.00316678  
1912        0.17452928  0.25470532  0.00316540  
1913        0.28807168  0.25472277  0.00316379  
1914        0.08467968  0.25463392  0.00316339  
1915        0.08988672  0.25454789  0.00316290  
1916        0.24958848  0.25454531  0.00316125  
1917        0.19066752  0.25451198  0.00315978  
1918        0.08988672  0.25442615  0.00315930  
1919        0.05964672  0.25432465  0.00315928  
1920        0.29104000  0.25434377  0.00315769  
1921        0.44789248  0.25444453  0.00315766  
1922        0.06908800  0.25434809  0.00315749  
1923        0.10272768  0.25426924  0.00315683  
1924        0.54412800  0.25441990  0.00315878  
1925        0.31283200  0.25445024  0.00315729  
1926        0.33411968  0.25449161  0.00315592  
1927        0.13398912  0.25442907  0.00315490  
1928        0.35289088  0.25448014  0.00315368  
1929        0.06424448  0.25438152  0.00315358  
1930        0.33843200  0.25442507  0.00315225  
1931        0.36350848  0.25448156  0.00315112  
1932        0.22962048  0.25446870  0.00314952  
1933        0.16676352  0.25442332  0.00314822  
1934        0.11314688  0.25435027  0.00314744  
1935        0.41852800  0.25443512  0.00314695  
1936        0.33034112  0.25447433  0.00314557  
1937        0.29619712  0.25449587  0.00314402  
1938        0.50631552  0.25462581  0.00314508  
1939        0.02015232  0.25450488  0.00314579  
1940        0.04679168  0.25439781  0.00314599  
1941        0.30135168  0.25442200  0.00314446  
1942        0.34973568  0.25447108  0.00314322  
1943        0.18477952  0.25443522  0.00314181  
1944        0.14365568  0.25437823  0.00314071  
1945        0.17108992  0.25433541  0.00313939  
1946        0.07890432  0.25424526  0.00313907  
1947        0.10784768  0.25417007  0.00313836  
1948        0.02876288  0.25405436  0.00313888  
1949        0.28313088  0.25406927  0.00313730  
1950        0.08332800  0.25398171  0.00313691  
1951        0.13555200  0.25392101  0.00313589  
1952        0.24253952  0.25391518  0.00313429  
1953        0.08780672  0.25383013  0.00313384  
1954        0.32735232  0.25386776  0.00313246  
1955        0.23822208  0.25385975  0.00313087  
1956        0.19507200  0.25382970  0.00312941  
1957        0.14063488  0.25377186  0.00312835  
1958        0.41142272  0.25385237  0.00312779  
1959        0.09313152  0.25377033  0.00312727  
1960        0.11772800  0.25370092  0.00312644  
1961        0.11052928  0.25362791  0.00312570  
1962        0.55472000  0.25378137  0.00312787  
1963        0.04915200  0.25367713  0.00312802  
1964        0.17611648  0.25363764  0.00312667  
1965        0.23867392  0.25363002  0.00312509  
1966        0.17355648  0.25358929  0.00312377  
1967        0.22004608  0.25357224  0.00312222  
1968        0.65835008  0.25377792  0.00312741  
1969        0.29107712  0.25379686  0.00312588  
1970        0.06565888  0.25370136  0.00312575  
1971        0.35427200  0.25375239  0.00312458  
1972        0.27924352  0.25376531  0.00312302  
1973        0.35623808  0.25381725  0.00312187  
1974        0.44349312  0.25391334  0.00312177  
1975        0.28131200  0.25392721  0.00312022  
1976        0.34268032  0.25397213  0.00311896  
1977        0.23828352  0.25396419  0.00311739  
1978        0.31858688  0.25399686  0.00311599  
1979        0.32803712  0.25403428  0.00311464  
1980        0.06129152  0.25393693  0.00311459  
1981        0.26495872  0.25394249  0.00311302  
1982        0.21667712  0.25392369  0.00311150  
1983        0.11622272  0.25385425  0.00311071  
1984        0.47236992  0.25396439  0.00311109  
1985        0.39377792  0.25403483  0.00311032  
1986        0.32995200  0.25407305  0.00310899  
1987        0.01891200  0.25395470  0.00310968  
1988        0.09205248  0.25387326  0.00310918  
1989        0.10528768  0.25379856  0.00310851  
1990        0.23523200  0.25378923  0.00310697  
1991        0.31615872  0.25382055  0.00310556  
1992        0.41194368  0.25389993  0.00310502  
1993        0.33203072  0.25393914  0.00310371  
1994        0.24253952  0.25393342  0.00310216  
1995        0.41725952  0.25401529  0.00310168  
1996        0.37500800  0.25407590  0.00310072  
1997        0.23042048  0.25406406  0.00309919  
1998        0.04935168  0.25396160  0.00309933  
1999        0.17975168  0.25392448  0.00309800  
2000        0.23935872  0.25391719  0.00309646  
