1           0.19243232  0.19243232  0.00000000  
2           0.20295608  0.19769420  0.00526188  
3           0.18744800  0.19427880  0.00457100  
4           0.20242432  0.19631518  0.00382019  
5           0.19839200  0.19673054  0.00298812  
6           0.20978232  0.19890584  0.00326871  
7           0.21104000  0.20063929  0.00326138  
8           0.20424800  0.20109038  0.00286024  
9           0.19304192  0.20019611  0.00267632  
10          0.20623200  0.20079970  0.00246870  
11          0.20020088  0.20074526  0.00223368  
12          0.21046200  0.20155499  0.00219396  
13          0.19415392  0.20098567  0.00209691  
14          0.20015352  0.20092623  0.00194227  
15          0.19368800  0.20044369  0.00187144  
16          0.19067488  0.19983313  0.00185399  
17          0.20289152  0.20001304  0.00175079  
18          0.18891000  0.19939620  0.00176215  
19          0.20677432  0.19978453  0.00171146  
20          0.21210872  0.20040074  0.00173663  
21          0.21263800  0.20098346  0.00175164  
22          0.20019192  0.20094748  0.00167051  
23          0.20159200  0.20097551  0.00159647  
24          0.18776312  0.20042499  0.00162462  
25          0.18453048  0.19978921  0.00168299  
26          0.19579648  0.19963564  0.00162424  
27          0.21126200  0.20006625  0.00162116  
28          0.20232248  0.20014683  0.00156427  
29          0.20828000  0.20042728  0.00153520  
30          0.19908992  0.20038270  0.00148381  
31          0.19799032  0.20030553  0.00143722  
32          0.20270208  0.20038042  0.00139360  
33          0.19751648  0.20029364  0.00135349  
34          0.19719800  0.20020259  0.00131623  
35          0.19666272  0.20010145  0.00128207  
36          0.21226808  0.20043941  0.00129097  
37          0.19278968  0.20023266  0.00127250  
38          0.18446392  0.19981769  0.00130623  
39          0.20830648  0.20003536  0.00129078  
40          0.20551288  0.20017229  0.00126553  
41          0.19971000  0.20016102  0.00123433  
42          0.20072448  0.20017443  0.00120465  
43          0.18617568  0.19984888  0.00122052  
44          0.20795000  0.20003300  0.00120659  
45          0.21139200  0.20028542  0.00120618  
46          0.19512568  0.20017325  0.00118499  
47          0.20184800  0.20020889  0.00116005  
48          0.18797792  0.19995407  0.00116386  
49          0.20183008  0.19999236  0.00114051  
50          0.22216312  0.20043577  0.00120222  
51          0.18936448  0.20021869  0.00119824  
52          0.18592000  0.19994372  0.00120672  
53          0.22587832  0.20043305  0.00128089  
54          0.22128608  0.20081921  0.00131493  
55          0.18143200  0.20046672  0.00133806  
56          0.18389888  0.20017087  0.00134685  
57          0.18746488  0.19994795  0.00134165  
58          0.19612152  0.19988198  0.00131997  
59          0.17984992  0.19954245  0.00134109  
60          0.17795808  0.19918271  0.00136675  
61          0.18575200  0.19896254  0.00136207  
62          0.20905592  0.19912534  0.00134977  
63          0.18367288  0.19888006  0.00135063  
64          0.19119800  0.19876003  0.00133477  
65          0.20231352  0.19881470  0.00131521  
66          0.19497528  0.19875652  0.00129644  
67          0.19522912  0.19870387  0.00127802  
68          0.18707712  0.19853289  0.00127065  
69          0.18086328  0.19827681  0.00127801  
70          0.18508000  0.19808829  0.00127365  
71          0.18056888  0.19784153  0.00127960  
72          0.19127352  0.19775031  0.00126500  
73          0.19533688  0.19771725  0.00124799  
74          0.20990200  0.19788191  0.00124197  
75          0.18370168  0.19769284  0.00123980  
76          0.19452472  0.19765115  0.00122409  
77          0.20337152  0.19772544  0.00121037  
78          0.20232832  0.19778446  0.00119621  
79          0.17712952  0.19752300  0.00120957  
80          0.20972800  0.19767556  0.00120405  
81          0.19447992  0.19763611  0.00118975  
82          0.19379128  0.19758922  0.00117609  
83          0.19625848  0.19757319  0.00116194  
84          0.19881952  0.19758803  0.00114812  
85          0.19755768  0.19758767  0.00113453  
86          0.19603552  0.19756962  0.00112141  
87          0.19474168  0.19753712  0.00110892  
88          0.18444000  0.19738829  0.00110630  
89          0.19762528  0.19739095  0.00109381  
90          0.19390392  0.19735220  0.00108228  
91          0.18760192  0.19724506  0.00107567  
92          0.19321528  0.19720126  0.00106481  
93          0.19821432  0.19721215  0.00105336  
94          0.19385912  0.19717648  0.00104270  
95          0.20639800  0.19727355  0.00103622  
96          0.19920568  0.19729367  0.00102557  
97          0.19439352  0.19726377  0.00101538  
98          0.19938232  0.19728539  0.00100520  
99          0.17334200  0.19704354  0.00102397  
100         0.18062592  0.19687936  0.00102689  
101         0.19091200  0.19682028  0.00101838  
102         0.21335608  0.19698240  0.00102130  
103         0.19459200  0.19695919  0.00101160  
104         0.18672768  0.19686081  0.00100665  
105         0.20540800  0.19694221  0.00100033  
106         0.19098232  0.19688599  0.00099244  
107         0.20007608  0.19691580  0.00098357  
108         0.19244800  0.19687443  0.00097530  
109         0.19679200  0.19687367  0.00096631  
110         0.19097272  0.19682003  0.00095899  
111         0.21712000  0.19700291  0.00096775  
112         0.20279032  0.19705459  0.00096046  
113         0.19530848  0.19703913  0.00095205  
114         0.19863800  0.19705316  0.00094376  
115         0.18931712  0.19698589  0.00093794  
116         0.19907200  0.19700387  0.00092999  
117         0.20631608  0.19708346  0.00092544  
118         0.19727352  0.19708507  0.00091756  
119         0.20054072  0.19711411  0.00091028  
120         0.21131768  0.19723248  0.00091039  
121         0.18466168  0.19712859  0.00090879  
122         0.19731200  0.19713009  0.00090131  
123         0.19566200  0.19711815  0.00089404  
124         0.19330488  0.19708740  0.00088733  
125         0.19745152  0.19709031  0.00088021  
126         0.20111992  0.19712230  0.00087378  
127         0.20139000  0.19715590  0.00086752  
128         0.19562552  0.19714394  0.00086080  
129         0.21310648  0.19726768  0.00086302  
130         0.20883968  0.19735670  0.00086097  
131         0.19465848  0.19733610  0.00085462  
132         0.18899712  0.19727293  0.00085047  
133         0.18082432  0.19714925  0.00085306  
134         0.21788672  0.19730401  0.00086070  
135         0.19364152  0.19727688  0.00085473  
136         0.17880312  0.19714105  0.00085923  
137         0.18840832  0.19707730  0.00085531  
138         0.18006200  0.19695400  0.00085800  
139         0.20423032  0.19700635  0.00085341  
140         0.17494008  0.19684873  0.00086183  
141         0.18995552  0.19679985  0.00085709  
142         0.20922848  0.19688737  0.00085552  
143         0.20674912  0.19695634  0.00085231  
144         0.19106552  0.19691543  0.00084736  
145         0.19911608  0.19693060  0.00084163  
146         0.19219552  0.19689817  0.00083648  
147         0.19420088  0.19687982  0.00083097  
148         0.20579200  0.19694004  0.00082753  
149         0.20704768  0.19700788  0.00082475  
150         0.19516512  0.19699559  0.00081933  
151         0.20157048  0.19702589  0.00081445  
152         0.21061048  0.19711526  0.00081399  
153         0.20872448  0.19719114  0.00081221  
154         0.18876672  0.19713643  0.00080877  
155         0.18603488  0.19706481  0.00080672  
156         0.19573048  0.19705626  0.00080158  
157         0.20171000  0.19708590  0.00079701  
158         0.20994808  0.19716731  0.00079612  
159         0.21167200  0.19725853  0.00079634  
160         0.18836352  0.19720294  0.00079330  
161         0.20483200  0.19725032  0.00078978  
162         0.21153792  0.19733852  0.00078983  
163         0.19319800  0.19731312  0.00078538  
164         0.20429312  0.19735568  0.00078173  
165         0.18249088  0.19726559  0.00078219  
166         0.19897952  0.19727591  0.00077753  
167         0.20406328  0.19731655  0.00077393  
168         0.18865408  0.19726499  0.00077103  
169         0.19580672  0.19725636  0.00076650  
170         0.20411872  0.19729673  0.00076305  
171         0.19749112  0.19729787  0.00075858  
172         0.21475552  0.19739937  0.00076095  
173         0.19826488  0.19740437  0.00075656  
174         0.20523000  0.19744934  0.00075354  
175         0.18163192  0.19735896  0.00075465  
176         0.20323200  0.19739233  0.00075110  
177         0.18521272  0.19732352  0.00075000  
178         0.20239288  0.19735200  0.00074632  
179         0.20470008  0.19739305  0.00074327  
180         0.19271352  0.19736705  0.00073959  
181         0.19728568  0.19736660  0.00073549  
182         0.20050488  0.19738384  0.00073164  
183         0.20096632  0.19740342  0.00072790  
184         0.20313568  0.19743457  0.00072460  
185         0.20895200  0.19749683  0.00072336  
186         0.20201088  0.19752110  0.00071987  
187         0.19285248  0.19749613  0.00071644  
188         0.16951992  0.19734732  0.00072799  
189         0.19607672  0.19734060  0.00072416  
190         0.20771072  0.19739518  0.00072241  
191         0.21850848  0.19750572  0.00072707  
192         0.18467968  0.19743892  0.00072635  
193         0.19615200  0.19743225  0.00072261  
194         0.20939232  0.19749390  0.00072151  
195         0.20556088  0.19753527  0.00071899  
196         0.20040312  0.19754990  0.00071546  
197         0.20423008  0.19758381  0.00071263  
198         0.19966208  0.19759431  0.00070910  
199         0.18444472  0.19752823  0.00070861  
200         0.19154432  0.19749831  0.00070570  
201         0.19411328  0.19748147  0.00070238  
202         0.20569472  0.19752213  0.00070007  
203         0.18162432  0.19744381  0.00070101  
204         0.19847032  0.19744885  0.00069758  
205         0.18635232  0.19739472  0.00069628  
206         0.18680448  0.19734331  0.00069479  
207         0.21206200  0.19741441  0.00069507  
208         0.19300832  0.19739323  0.00069205  
209         0.20085048  0.19740977  0.00068893  
210         0.19918200  0.19741821  0.00068569  
211         0.17218552  0.19729862  0.00069283  
212         0.19172152  0.19727232  0.00069006  
213         0.17130112  0.19715039  0.00069755  
214         0.19031032  0.19711842  0.00069502  
215         0.19283712  0.19709851  0.00069206  
216         0.19967800  0.19711045  0.00068896  
217         0.19123832  0.19708339  0.00068631  
218         0.18636000  0.19703420  0.00068492  
219         0.20261888  0.19705970  0.00068226  
220         0.20673152  0.19710367  0.00068058  
221         0.20676792  0.19714739  0.00067890  
222         0.18286968  0.19708308  0.00067889  
223         0.19856608  0.19708973  0.00067587  
224         0.18771192  0.19704787  0.00067415  
225         0.18670072  0.19700188  0.00067272  
226         0.21192800  0.19706792  0.00067298  
227         0.18945408  0.19703438  0.00067085  
228         0.19797248  0.19703850  0.00066791  
229         0.21521528  0.19711787  0.00066971  
230         0.20496000  0.19715197  0.00066766  
231         0.19907712  0.19716030  0.00066482  
232         0.18957048  0.19712759  0.00066276  
233         0.18843448  0.19709028  0.00066096  
234         0.18454200  0.19703665  0.00066031  
235         0.21519200  0.19711391  0.00066202  
236         0.20742368  0.19715759  0.00066065  
237         0.18291328  0.19709749  0.00066060  
238         0.19367352  0.19708311  0.00065797  
239         0.20247800  0.19710568  0.00065560  
240         0.19001728  0.19707614  0.00065353  
241         0.18323192  0.19701870  0.00065335  
242         0.18541312  0.19697074  0.00065241  
243         0.21299328  0.19703668  0.00065305  
244         0.20319672  0.19706192  0.00065086  
245         0.19426432  0.19705050  0.00064830  
246         0.19188472  0.19702951  0.00064600  
247         0.19463928  0.19701983  0.00064345  
248         0.18344800  0.19696510  0.00064319  
249         0.19866208  0.19697192  0.00064063  
250         0.19340152  0.19695764  0.00063823  
251         0.20348800  0.19698365  0.00063621  
252         0.19965112  0.19699424  0.00063377  
253         0.20576992  0.19702893  0.00063221  
254         0.19516800  0.19702160  0.00062976  
255         0.20082552  0.19703652  0.00062746  
256         0.17596088  0.19695419  0.00063041  
257         0.20096768  0.19696981  0.00062814  
258         0.18803768  0.19693519  0.00062666  
259         0.19596672  0.19693145  0.00062425  
260         0.20275200  0.19695383  0.00062224  
261         0.19654712  0.19695228  0.00061986  
262         0.20148352  0.19696957  0.00061773  
263         0.19879800  0.19697652  0.00061542  
264         0.20297272  0.19699924  0.00061350  
265         0.19835872  0.19700437  0.00061120  
266         0.18357888  0.19695389  0.00061099  
267         0.20071928  0.19696800  0.00060886  
268         0.19311200  0.19695361  0.00060675  
269         0.19099488  0.19693146  0.00060490  
270         0.17779712  0.19686059  0.00060681  
271         0.19575392  0.19685651  0.00060458  
272         0.19474432  0.19684874  0.00060240  
273         0.19204152  0.19683113  0.00060045  
274         0.18966200  0.19680497  0.00059883  
275         0.18298488  0.19675471  0.00059876  
276         0.18962488  0.19672888  0.00059714  
277         0.17995232  0.19666831  0.00059806  
278         0.20459000  0.19669681  0.00059658  
279         0.19670008  0.19669682  0.00059444  
280         0.20405888  0.19672311  0.00059290  
281         0.19076792  0.19670192  0.00059116  
282         0.18495032  0.19666025  0.00059054  
283         0.19838200  0.19666633  0.00058848  
284         0.19761408  0.19666967  0.00058641  
285         0.18919392  0.19664344  0.00058494  
286         0.19864032  0.19665042  0.00058293  
287         0.20472248  0.19667855  0.00058158  
288         0.19170488  0.19666128  0.00057981  
289         0.19634808  0.19666019  0.00057780  
290         0.19328352  0.19664855  0.00057592  
291         0.19191032  0.19663227  0.00057417  
292         0.19851488  0.19663871  0.00057224  
293         0.18943800  0.19661414  0.00057081  
294         0.20166648  0.19663132  0.00056913  
295         0.19766200  0.19663482  0.00056720  
296         0.21374200  0.19669261  0.00056823  
297         0.21859552  0.19676636  0.00057110  
298         0.21234552  0.19681864  0.00057157  
299         0.20499552  0.19684599  0.00057031  
300         0.18878208  0.19681911  0.00056905  
301         0.20226432  0.19683720  0.00056744  
302         0.21617408  0.19690123  0.00056917  
303         0.17014200  0.19681291  0.00057412  
304         0.20333048  0.19683435  0.00057263  
305         0.20154808  0.19684981  0.00057096  
306         0.18672352  0.19681671  0.00057005  
307         0.18835328  0.19678914  0.00056886  
308         0.19403000  0.19678019  0.00056708  
309         0.18936800  0.19675620  0.00056575  
310         0.18983288  0.19673387  0.00056437  
311         0.21132800  0.19678079  0.00056450  
312         0.20200888  0.19679755  0.00056294  
313         0.19407800  0.19678886  0.00056121  
314         0.20001152  0.19679912  0.00055951  
315         0.19625568  0.19679740  0.00055773  
316         0.19373792  0.19678772  0.00055605  
317         0.21890528  0.19685749  0.00055867  
318         0.19023800  0.19683667  0.00055730  
319         0.20980408  0.19687732  0.00055703  
320         0.18421472  0.19683775  0.00055670  
321         0.21215672  0.19688547  0.00055701  
322         0.19849208  0.19689046  0.00055530  
323         0.19515648  0.19688509  0.00055360  
324         0.21017088  0.19692610  0.00055341  
325         0.18713272  0.19689597  0.00055253  
326         0.18018048  0.19684469  0.00055321  
327         0.20030200  0.19685527  0.00055162  
328         0.19752632  0.19685731  0.00054994  
329         0.19515768  0.19685215  0.00054829  
330         0.20460472  0.19687564  0.00054713  
331         0.19237888  0.19686205  0.00054564  
332         0.20898912  0.19689858  0.00054522  
333         0.21215200  0.19694439  0.00054551  
334         0.19272312  0.19693175  0.00054402  
335         0.20226528  0.19694767  0.00054263  
336         0.19290808  0.19693565  0.00054114  
337         0.19591392  0.19693261  0.00053954  
338         0.19674488  0.19693206  0.00053795  
339         0.19246208  0.19691887  0.00053652  
340         0.20024448  0.19692865  0.00053503  
341         0.18791800  0.19690223  0.00053411  
342         0.19231800  0.19688883  0.00053272  
343         0.19009632  0.19686902  0.00053153  
344         0.19824632  0.19687303  0.00053000  
345         0.22345952  0.19695009  0.00053405  
346         0.19559392  0.19694617  0.00053252  
347         0.20992312  0.19698357  0.00053230  
348         0.19801568  0.19698653  0.00053077  
349         0.20353632  0.19700530  0.00052958  
350         0.20466272  0.19702718  0.00052852  
351         0.22073088  0.19709471  0.00053132  
352         0.19451768  0.19708739  0.00052986  
353         0.19551800  0.19708294  0.00052837  
354         0.19418872  0.19707477  0.00052694  
355         0.19967608  0.19708209  0.00052551  
356         0.19986432  0.19708991  0.00052409  
357         0.18607800  0.19705906  0.00052353  
358         0.20017912  0.19706778  0.00052214  
359         0.21192928  0.19710918  0.00052232  
360         0.19620792  0.19710667  0.00052088  
361         0.19602232  0.19710367  0.00051944  
362         0.19260000  0.19709123  0.00051815  
363         0.20182328  0.19710426  0.00051689  
364         0.21278592  0.19714735  0.00051726  
365         0.20058752  0.19715677  0.00051593  
366         0.19964512  0.19716357  0.00051456  
367         0.19276800  0.19715159  0.00051330  
368         0.19496192  0.19714564  0.00051194  
369         0.21867648  0.19720399  0.00051387  
370         0.19196088  0.19718982  0.00051268  
371         0.19281208  0.19717802  0.00051143  
372         0.17838592  0.19712750  0.00051255  
373         0.21523832  0.19717606  0.00051347  
374         0.19680512  0.19717507  0.00051210  
375         0.20997472  0.19720920  0.00051187  
376         0.18077792  0.19716550  0.00051237  
377         0.21055200  0.19720101  0.00051224  
378         0.19581952  0.19719735  0.00051090  
379         0.18928608  0.19717648  0.00050998  
380         0.18983008  0.19715715  0.00050900  
381         0.19419512  0.19714937  0.00050772  
382         0.20003200  0.19715692  0.00050645  
383         0.19819128  0.19715962  0.00050513  
384         0.19729632  0.19715997  0.00050382  
385         0.19237248  0.19714754  0.00050266  
386         0.18917368  0.19712688  0.00050178  
387         0.19729408  0.19712731  0.00050048  
388         0.20695800  0.19715265  0.00049983  
389         0.18073208  0.19711044  0.00050033  
390         0.19725752  0.19711082  0.00049905  
391         0.18797048  0.19708744  0.00049832  
392         0.19165048  0.19707357  0.00049724  
393         0.19820792  0.19707646  0.00049598  
394         0.17472000  0.19701971  0.00049796  
395         0.18118112  0.19697962  0.00049832  
396         0.19415608  0.19697249  0.00049711  
397         0.20321408  0.19698821  0.00049610  
398         0.19089632  0.19697290  0.00049509  
399         0.19808568  0.19697569  0.00049386  
400         0.18265568  0.19693989  0.00049392  
401         0.19292472  0.19692988  0.00049279  
402         0.18954552  0.19691151  0.00049190  
403         0.21436512  0.19695482  0.00049259  
404         0.18629048  0.19692842  0.00049208  
405         0.19507808  0.19692385  0.00049088  
406         0.20414200  0.19694163  0.00048999  
407         0.19752832  0.19694307  0.00048879  
408         0.18819552  0.19692163  0.00048806  
409         0.20079200  0.19693109  0.00048696  
410         0.18444672  0.19690064  0.00048672  
411         0.18102968  0.19686203  0.00048707  
412         0.20805472  0.19688920  0.00048665  
413         0.20700152  0.19691368  0.00048608  
414         0.19178872  0.19690130  0.00048507  
415         0.20379000  0.19691790  0.00048418  
416         0.19750200  0.19691931  0.00048302  
417         0.20270712  0.19693318  0.00048206  
418         0.21890528  0.19698575  0.00048377  
419         0.19241952  0.19697485  0.00048273  
420         0.18988672  0.19695798  0.00048188  
421         0.19512952  0.19695363  0.00048075  
422         0.18467200  0.19692453  0.00048049  
423         0.20670392  0.19694765  0.00047991  
424         0.19012728  0.19693156  0.00047905  
425         0.18934200  0.19691370  0.00047826  
426         0.20441848  0.19693132  0.00047746  
427         0.19941888  0.19693715  0.00047637  
428         0.19952992  0.19694320  0.00047530  
429         0.18278200  0.19691019  0.00047534  
430         0.20339192  0.19692527  0.00047447  
431         0.18872568  0.19690624  0.00047375  
432         0.18878048  0.19688743  0.00047302  
433         0.20226528  0.19689985  0.00047209  
434         0.20491488  0.19691832  0.00047137  
435         0.22188728  0.19697572  0.00047377  
436         0.18996728  0.19695965  0.00047296  
437         0.20412472  0.19697604  0.00047216  
438         0.22126008  0.19703149  0.00047433  
439         0.20626432  0.19705252  0.00047372  
440         0.19659192  0.19705147  0.00047264  
441         0.19158200  0.19703907  0.00047173  
442         0.19599352  0.19703670  0.00047067  
443         0.18162232  0.19700191  0.00047089  
444         0.19459968  0.19699650  0.00046986  
445         0.19619000  0.19699469  0.00046881  
446         0.19641592  0.19699339  0.00046776  
447         0.19879392  0.19699742  0.00046673  
448         0.20318688  0.19701123  0.00046589  
449         0.20101888  0.19702016  0.00046494  
450         0.18483712  0.19699308  0.00046469  
451         0.18682752  0.19697054  0.00046421  
452         0.19738208  0.19697145  0.00046318  
453         0.20825208  0.19699636  0.00046283  
454         0.17732792  0.19695303  0.00046383  
455         0.21150712  0.19698502  0.00046392  
456         0.19387488  0.19697820  0.00046295  
457         0.19840128  0.19698131  0.00046194  
458         0.19695032  0.19698125  0.00046093  
459         0.20963808  0.19700882  0.00046076  
460         0.18654200  0.19698607  0.00046032  
461         0.19040608  0.19697179  0.00045954  
462         0.18022392  0.19693554  0.00045997  
463         0.18227968  0.19690389  0.00046007  
464         0.20322432  0.19691751  0.00045928  
465         0.18911800  0.19690074  0.00045860  
466         0.18329312  0.19687154  0.00045854  
467         0.20566200  0.19689036  0.00045795  
468         0.20651872  0.19691093  0.00045743  
469         0.19208288  0.19690064  0.00045657  
470         0.18518712  0.19687572  0.00045628  
471         0.17481568  0.19682888  0.00045771  
472         0.20945632  0.19685563  0.00045752  
473         0.19895800  0.19686008  0.00045658  
474         0.19073632  0.19684716  0.00045579  
475         0.21295352  0.19688107  0.00045610  
476         0.19438592  0.19687582  0.00045517  
477         0.18416952  0.19684919  0.00045499  
478         0.18674168  0.19682804  0.00045453  
479         0.20907192  0.19685360  0.00045430  
480         0.19351800  0.19684665  0.00045341  
481         0.19501792  0.19684285  0.00045248  
482         0.19575672  0.19684060  0.00045155  
483         0.18664248  0.19681948  0.00045110  
484         0.19804728  0.19682202  0.00045018  
485         0.20306168  0.19683489  0.00044943  
486         0.17926968  0.19679874  0.00044996  
487         0.19680128  0.19679875  0.00044904  
488         0.18650848  0.19677766  0.00044861  
489         0.20268800  0.19678975  0.00044786  
490         0.19696352  0.19679010  0.00044694  
491         0.19746488  0.19679148  0.00044603  
492         0.19372672  0.19678525  0.00044517  
493         0.17935800  0.19674990  0.00044567  
494         0.21140472  0.19677956  0.00044575  
495         0.19518200  0.19677634  0.00044486  
496         0.19655392  0.19677589  0.00044397  
497         0.19403872  0.19677038  0.00044311  
498         0.20357728  0.19678405  0.00044243  
499         0.19208800  0.19677464  0.00044164  
500         0.19577912  0.19677265  0.00044076  
501         0.20391288  0.19678690  0.00044011  
502         0.18412928  0.19676169  0.00043996  
503         0.18892800  0.19674611  0.00043936  
504         0.19674752  0.19674611  0.00043848  
505         0.20966328  0.19677169  0.00043836  
506         0.21107072  0.19679995  0.00043841  
507         0.19826552  0.19680284  0.00043755  
508         0.18908512  0.19678765  0.00043695  
509         0.17543928  0.19674571  0.00043810  
510         0.19470072  0.19674170  0.00043726  
511         0.18703800  0.19672271  0.00043682  
512         0.20704352  0.19674287  0.00043643  
513         0.19873272  0.19674675  0.00043560  
514         0.17514232  0.19670471  0.00043678  
515         0.20271200  0.19671638  0.00043608  
516         0.19785272  0.19671858  0.00043524  
517         0.18823168  0.19670217  0.00043471  
518         0.20722528  0.19672248  0.00043435  
519         0.19645752  0.19672197  0.00043351  
520         0.18755200  0.19670433  0.00043303  
521         0.20296800  0.19671636  0.00043237  
522         0.18497912  0.19669387  0.00043212  
523         0.20243512  0.19670485  0.00043144  
524         0.21061112  0.19673139  0.00043143  
525         0.19639168  0.19673074  0.00043061  
526         0.19746528  0.19673214  0.00042979  
527         0.19005312  0.19671946  0.00042916  
528         0.19111352  0.19670885  0.00042848  
529         0.20074552  0.19671648  0.00042774  
530         0.19580672  0.19671476  0.00042693  
531         0.19323448  0.19670821  0.00042618  
532         0.21884672  0.19674982  0.00042741  
533         0.19660000  0.19674954  0.00042660  
534         0.19959608  0.19675487  0.00042584  
535         0.19271288  0.19674731  0.00042511  
536         0.19790592  0.19674948  0.00042432  
537         0.20417408  0.19676330  0.00042375  
538         0.19663200  0.19676306  0.00042297  
539         0.20206200  0.19677289  0.00042230  
540         0.19479352  0.19676922  0.00042153  
541         0.19600000  0.19676780  0.00042075  
542         0.20483192  0.19678268  0.00042024  
543         0.17987200  0.19675154  0.00042062  
544         0.19848832  0.19675473  0.00041986  
545         0.20973688  0.19677855  0.00041976  
546         0.19546848  0.19677615  0.00041900  
547         0.18904248  0.19676201  0.00041847  
548         0.18860792  0.19674713  0.00041797  
549         0.18380928  0.19672357  0.00041787  
550         0.19146752  0.19671401  0.00041722  
551         0.18456248  0.19669196  0.00041705  
552         0.20719352  0.19671098  0.00041673  
553         0.20226168  0.19672102  0.00041609  
554         0.20451968  0.19673510  0.00041558  
555         0.20283232  0.19674608  0.00041498  
556         0.21091072  0.19677156  0.00041501  
557         0.18622592  0.19675263  0.00041470  
558         0.18519800  0.19673192  0.00041447  
559         0.19439928  0.19672774  0.00041375  
560         0.18024800  0.19669832  0.00041406  
561         0.22031712  0.19674042  0.00041546  
562         0.19209952  0.19673216  0.00041480  
563         0.20679648  0.19675004  0.00041445  
564         0.18964352  0.19673744  0.00041391  
565         0.19987768  0.19674299  0.00041321  
566         0.17717752  0.19670843  0.00041393  
567         0.18899832  0.19669483  0.00041342  
568         0.18453112  0.19667341  0.00041325  
569         0.18099192  0.19664585  0.00041344  
570         0.17443968  0.19660690  0.00041455  
571         0.19027192  0.19659580  0.00041397  
572         0.18039168  0.19656747  0.00041421  
573         0.21083768  0.19659238  0.00041424  
574         0.20135168  0.19660067  0.00041360  
575         0.18813112  0.19658594  0.00041314  
576         0.19227000  0.19657845  0.00041249  
577         0.20067968  0.19658555  0.00041184  
578         0.19344888  0.19658013  0.00041116  
579         0.20012512  0.19658625  0.00041050  
580         0.19571808  0.19658475  0.00040979  
581         0.19790592  0.19658703  0.00040909  
582         0.19882488  0.19659087  0.00040841  
583         0.18574200  0.19657226  0.00040813  
584         0.20417408  0.19658528  0.00040764  
585         0.18911992  0.19657252  0.00040714  
586         0.17295200  0.19653221  0.00040844  
587         0.21063928  0.19655624  0.00040845  
588         0.20805248  0.19657579  0.00040822  
589         0.17908728  0.19654610  0.00040861  
590         0.19229688  0.19653890  0.00040798  
591         0.20191872  0.19654800  0.00040739  
592         0.20313088  0.19655912  0.00040685  
593         0.20114232  0.19656685  0.00040624  
594         0.19458912  0.19656352  0.00040557  
595         0.21039992  0.19658678  0.00040556  
596         0.19857632  0.19659011  0.00040489  
597         0.18918968  0.19657772  0.00040440  
598         0.19244800  0.19657081  0.00040378  
599         0.19169152  0.19656267  0.00040319  
600         0.18591032  0.19654491  0.00040291  
601         0.20483968  0.19655871  0.00040247  
602         0.19872312  0.19656231  0.00040182  
603         0.18739000  0.19654710  0.00040144  
604         0.18247032  0.19652379  0.00040145  
605         0.19448832  0.19652043  0.00040080  
606         0.20805112  0.19653946  0.00040059  
607         0.20230200  0.19654895  0.00040005  
608         0.20307968  0.19655969  0.00039953  
609         0.19089408  0.19655039  0.00039898  
610         0.19909112  0.19655455  0.00039835  
611         0.21313632  0.19658169  0.00039862  
612         0.18235008  0.19655844  0.00039865  
613         0.19132792  0.19654990  0.00039809  
614         0.19868512  0.19655338  0.00039746  
615         0.18055800  0.19652737  0.00039766  
616         0.20164192  0.19653568  0.00039710  
617         0.20144888  0.19654364  0.00039654  
618         0.18611512  0.19652676  0.00039626  
619         0.20049632  0.19653318  0.00039567  
620         0.19468800  0.19653020  0.00039504  
621         0.19107072  0.19652141  0.00039450  
622         0.20671992  0.19653781  0.00039421  
623         0.18531832  0.19651980  0.00039399  
624         0.19999200  0.19652536  0.00039339  
625         0.19459200  0.19652227  0.00039278  
626         0.19365112  0.19651768  0.00039218  
627         0.21569848  0.19654827  0.00039274  
628         0.20025088  0.19655417  0.00039216  
629         0.16423392  0.19650279  0.00039489  
630         0.20512128  0.19651647  0.00039450  
631         0.18855800  0.19650385  0.00039408  
632         0.20342368  0.19651480  0.00039361  
633         0.20799032  0.19653293  0.00039340  
634         0.19578112  0.19653175  0.00039278  
635         0.18721152  0.19651707  0.00039244  
636         0.20002168  0.19652258  0.00039186  
637         0.18491768  0.19650436  0.00039167  
638         0.18139128  0.19648067  0.00039177  
639         0.17667128  0.19644967  0.00039239  
640         0.20447800  0.19646222  0.00039197  
641         0.20494048  0.19647544  0.00039158  
642         0.19621112  0.19647503  0.00039097  
643         0.20374008  0.19648633  0.00039053  
644         0.18802528  0.19647319  0.00039014  
645         0.18230328  0.19645122  0.00039016  
646         0.19922432  0.19645551  0.00038958  
647         0.19736832  0.19645693  0.00038898  
648         0.18863200  0.19644485  0.00038856  
649         0.19611000  0.19644433  0.00038796  
650         0.19297152  0.19643899  0.00038740  
651         0.18719992  0.19642480  0.00038707  
652         0.20455008  0.19643726  0.00038668  
653         0.19667328  0.19643762  0.00038608  
654         0.20495800  0.19645065  0.00038571  
655         0.19691488  0.19645136  0.00038512  
656         0.19900800  0.19645526  0.00038456  
657         0.17080448  0.19641621  0.00038595  
658         0.19149752  0.19640874  0.00038544  
659         0.19910200  0.19641283  0.00038487  
660         0.19093472  0.19640453  0.00038438  
661         0.19284608  0.19639914  0.00038383  
662         0.18609272  0.19638357  0.00038357  
663         0.18932352  0.19637293  0.00038314  
664         0.20406072  0.19638450  0.00038274  
665         0.19765728  0.19638642  0.00038216  
666         0.20917888  0.19640563  0.00038207  
667         0.18276152  0.19638517  0.00038205  
668         0.19883232  0.19638883  0.00038149  
669         0.20518648  0.19640198  0.00038115  
670         0.18603000  0.19638650  0.00038090  
671         0.18804992  0.19637408  0.00038053  
672         0.18761848  0.19636105  0.00038019  
673         0.22137528  0.19639822  0.00038144  
674         0.18030592  0.19637434  0.00038162  
675         0.18501728  0.19635752  0.00038142  
676         0.20164088  0.19636533  0.00038094  
677         0.20041912  0.19637132  0.00038042  
678         0.17573112  0.19634088  0.00038108  
679         0.19898872  0.19634478  0.00038054  
680         0.18693728  0.19633094  0.00038023  
681         0.17962168  0.19630641  0.00038046  
682         0.19018848  0.19629744  0.00038001  
683         0.19573472  0.19629661  0.00037945  
684         0.19710592  0.19629779  0.00037890  
685         0.19570552  0.19629693  0.00037835  
686         0.19160192  0.19629009  0.00037786  
687         0.20752888  0.19630645  0.00037766  
688         0.18882232  0.19629557  0.00037727  
689         0.18410848  0.19627788  0.00037714  
690         0.19959032  0.19628268  0.00037662  
691         0.21418848  0.19630859  0.00037697  
692         0.19831608  0.19631149  0.00037643  
693         0.18414200  0.19629393  0.00037630  
694         0.18693688  0.19628045  0.00037600  
695         0.20263392  0.19628959  0.00037557  
696         0.19609848  0.19628932  0.00037503  
697         0.20823800  0.19630646  0.00037488  
698         0.19441912  0.19630376  0.00037435  
699         0.18592568  0.19628891  0.00037411  
700         0.19431928  0.19628610  0.00037359  
701         0.18313568  0.19626734  0.00037353  
702         0.16066872  0.19621663  0.00037643  
703         0.19808768  0.19621929  0.00037590  
704         0.20899712  0.19623744  0.00037580  
705         0.19051832  0.19622933  0.00037536  
706         0.19334072  0.19622523  0.00037485  
707         0.17740408  0.19619861  0.00037526  
708         0.19395200  0.19619544  0.00037475  
709         0.19347200  0.19619160  0.00037424  
710         0.20565472  0.19620493  0.00037395  
711         0.19273208  0.19620004  0.00037345  
712         0.18965728  0.19619085  0.00037304  
713         0.21454392  0.19621659  0.00037341  
714         0.20039392  0.19622244  0.00037293  
715         0.19236792  0.19621705  0.00037245  
716         0.19366200  0.19621348  0.00037194  
717         0.20207032  0.19622165  0.00037151  
718         0.19711200  0.19622289  0.00037100  
719         0.20498688  0.19623508  0.00037068  
720         0.19408312  0.19623209  0.00037018  
721         0.18693728  0.19621920  0.00036989  
722         0.18771712  0.19620743  0.00036956  
723         0.18922232  0.19619777  0.00036918  
724         0.18744928  0.19618568  0.00036887  
725         0.19291232  0.19618117  0.00036839  
726         0.17761632  0.19615560  0.00036877  
727         0.18861688  0.19614523  0.00036840  
728         0.20721208  0.19616043  0.00036821  
729         0.19538168  0.19615936  0.00036771  
730         0.18339000  0.19614187  0.00036762  
731         0.19196472  0.19613615  0.00036716  
732         0.19415552  0.19613345  0.00036667  
733         0.19254200  0.19612855  0.00036620  
734         0.18717368  0.19611635  0.00036591  
735         0.20492800  0.19612834  0.00036560  
736         0.19813248  0.19613106  0.00036512  
737         0.19945592  0.19613557  0.00036465  
738         0.19464312  0.19613355  0.00036416  
739         0.20093112  0.19614004  0.00036372  
740         0.19827712  0.19614293  0.00036324  
741         0.18374968  0.19612620  0.00036314  
742         0.18464568  0.19611073  0.00036298  
743         0.19905208  0.19611469  0.00036251  
744         0.18360800  0.19609788  0.00036241  
745         0.17006712  0.19606294  0.00036361  
746         0.20436472  0.19607407  0.00036329  
747         0.19396192  0.19607124  0.00036282  
748         0.20725888  0.19608620  0.00036264  
749         0.19891192  0.19608997  0.00036218  
750         0.20464312  0.19610137  0.00036187  
751         0.20377472  0.19611159  0.00036153  
752         0.18830208  0.19610121  0.00036120  
753         0.19831032  0.19610414  0.00036074  
754         0.19829888  0.19610705  0.00036027  
755         0.17585152  0.19608022  0.00036079  
756         0.20377912  0.19609040  0.00036046  
757         0.19361408  0.19608713  0.00035999  
758         0.19260792  0.19608254  0.00035955  
759         0.18446048  0.19606723  0.00035940  
760         0.19136608  0.19606105  0.00035898  
761         0.20743288  0.19607599  0.00035882  
762         0.20419552  0.19608664  0.00035851  
763         0.19516800  0.19608544  0.00035804  
764         0.18127800  0.19606606  0.00035809  
765         0.19839200  0.19606910  0.00035764  
766         0.20269792  0.19607775  0.00035728  
767         0.21519200  0.19610267  0.00035768  
768         0.18263800  0.19608514  0.00035764  
769         0.19603000  0.19608507  0.00035718  
770         0.20942200  0.19610239  0.00035713  
771         0.20783672  0.19611761  0.00035700  
772         0.19385568  0.19611468  0.00035655  
773         0.18202808  0.19609646  0.00035655  
774         0.21429248  0.19611997  0.00035686  
775         0.19695200  0.19612104  0.00035640  
776         0.18773112  0.19611023  0.00035611  
777         0.20977632  0.19612782  0.00035609  
778         0.20104032  0.19613413  0.00035568  
779         0.18085472  0.19611452  0.00035577  
780         0.21282432  0.19613594  0.00035596  
781         0.19431032  0.19613360  0.00035551  
782         0.19900768  0.19613728  0.00035507  
783         0.18869048  0.19612777  0.00035475  
784         0.19575032  0.19612729  0.00035429  
785         0.18590208  0.19611426  0.00035408  
786         0.20515200  0.19612576  0.00035382  
787         0.19065592  0.19611881  0.00035344  
788         0.21692000  0.19614521  0.00035397  
789         0.18378232  0.19612954  0.00035387  
790         0.19033528  0.19612220  0.00035350  
791         0.21351392  0.19614419  0.00035374  
792         0.19343608  0.19614077  0.00035331  
793         0.20295672  0.19614936  0.00035296  
794         0.20524000  0.19616081  0.00035271  
795         0.18919648  0.19615205  0.00035237  
796         0.18575800  0.19613900  0.00035217  
797         0.20971512  0.19615603  0.00035214  
798         0.20347128  0.19616520  0.00035182  
799         0.19245688  0.19616056  0.00035141  
800         0.19144832  0.19615467  0.00035102  
801         0.21138432  0.19617368  0.00035109  
802         0.18661248  0.19616176  0.00035086  
803         0.18592768  0.19614901  0.00035065  
804         0.19644792  0.19614938  0.00035022  
805         0.22648832  0.19618707  0.00035181  
806         0.19397888  0.19618433  0.00035138  
807         0.19617408  0.19618432  0.00035094  
808         0.18786912  0.19617403  0.00035066  
809         0.18267768  0.19615735  0.00035062  
810         0.18599008  0.19614479  0.00035042  
811         0.18508792  0.19613116  0.00035025  
812         0.19989432  0.19613579  0.00034985  
813         0.19827200  0.19613842  0.00034943  
814         0.19955448  0.19614262  0.00034902  
815         0.19790048  0.19614478  0.00034860  
816         0.20939128  0.19616101  0.00034855  
817         0.18499512  0.19614734  0.00034839  
818         0.20088448  0.19615313  0.00034802  
819         0.21834488  0.19618023  0.00034864  
820         0.20119288  0.19618634  0.00034827  
821         0.20687800  0.19619936  0.00034809  
822         0.18987488  0.19619167  0.00034775  
823         0.20094200  0.19619744  0.00034738  
824         0.18994528  0.19618986  0.00034704  
825         0.19834808  0.19619247  0.00034663  
826         0.18862592  0.19618331  0.00034633  
827         0.19966208  0.19618752  0.00034594  
828         0.21100152  0.19620541  0.00034598  
829         0.19280768  0.19620131  0.00034559  
830         0.19559800  0.19620058  0.00034517  
831         0.21425152  0.19622230  0.00034544  
832         0.19635512  0.19622246  0.00034502  
833         0.20833592  0.19623701  0.00034492  
834         0.19539200  0.19623599  0.00034450  
835         0.21420000  0.19625751  0.00034476  
836         0.18364472  0.19624242  0.00034468  
837         0.18923768  0.19623405  0.00034437  
838         0.19171192  0.19622865  0.00034400  
839         0.19575008  0.19622808  0.00034359  
840         0.19172728  0.19622273  0.00034323  
841         0.18950200  0.19621473  0.00034291  
842         0.19088888  0.19620841  0.00034256  
843         0.19960888  0.19621244  0.00034218  
844         0.19431800  0.19621020  0.00034178  
845         0.20260192  0.19621776  0.00034146  
846         0.19811072  0.19622000  0.00034106  
847         0.19759992  0.19622163  0.00034066  
848         0.20038200  0.19622654  0.00034030  
849         0.20911608  0.19624172  0.00034023  
850         0.20126208  0.19624762  0.00033989  
851         0.19068512  0.19624109  0.00033955  
852         0.20010808  0.19624563  0.00033918  
853         0.20901728  0.19626060  0.00033911  
854         0.18441208  0.19624672  0.00033900  
855         0.20104632  0.19625234  0.00033865  
856         0.20018048  0.19625693  0.00033828  
857         0.19573368  0.19625632  0.00033789  
858         0.20099968  0.19626185  0.00033754  
859         0.19539808  0.19626084  0.00033715  
860         0.20642232  0.19627266  0.00033696  
861         0.19279288  0.19626861  0.00033660  
862         0.18892000  0.19626009  0.00033632  
863         0.20074848  0.19626529  0.00033597  
864         0.19772800  0.19626698  0.00033558  
865         0.18665272  0.19625587  0.00033538  
866         0.18903352  0.19624753  0.00033509  
867         0.18152288  0.19623054  0.00033514  
868         0.21618528  0.19625353  0.00033554  
869         0.21287288  0.19627266  0.00033570  
870         0.19430200  0.19627039  0.00033532  
871         0.19212512  0.19626563  0.00033497  
872         0.18991992  0.19625836  0.00033466  
873         0.19436800  0.19625619  0.00033429  
874         0.20056928  0.19626113  0.00033394  
875         0.18731832  0.19625091  0.00033371  
876         0.18918648  0.19624284  0.00033343  
877         0.19073528  0.19623656  0.00033311  
878         0.18999648  0.19622945  0.00033281  
879         0.18360800  0.19621510  0.00033274  
880         0.17871032  0.19619520  0.00033295  
881         0.19767008  0.19619688  0.00033258  
882         0.19895168  0.19620000  0.00033222  
883         0.18601912  0.19618847  0.00033204  
884         0.21497528  0.19620972  0.00033235  
885         0.19987200  0.19621386  0.00033200  
886         0.19817568  0.19621608  0.00033163  
887         0.18947328  0.19620847  0.00033134  
888         0.22389728  0.19623966  0.00033243  
889         0.20074872  0.19624473  0.00033210  
890         0.18627552  0.19623353  0.00033191  
891         0.19558072  0.19623279  0.00033154  
892         0.20827488  0.19624629  0.00033144  
893         0.17959928  0.19622765  0.00033160  
894         0.18990208  0.19622058  0.00033130  
895         0.19871200  0.19622336  0.00033094  
896         0.18650872  0.19621252  0.00033075  
897         0.19595488  0.19621223  0.00033038  
898         0.18880608  0.19620398  0.00033012  
899         0.19289088  0.19620030  0.00032977  
900         0.17603328  0.19617789  0.00033017  
901         0.19768832  0.19617957  0.00032980  
902         0.18366392  0.19616569  0.00032973  
903         0.19852000  0.19616830  0.00032937  
904         0.19812792  0.19617047  0.00032902  
905         0.19685048  0.19617122  0.00032865  
906         0.19561952  0.19617061  0.00032829  
907         0.20200800  0.19617704  0.00032799  
908         0.18304888  0.19616259  0.00032795  
909         0.18639608  0.19615184  0.00032777  
910         0.19813048  0.19615402  0.00032741  
911         0.20838200  0.19616744  0.00032733  
912         0.19875448  0.19617028  0.00032698  
913         0.20271992  0.19617745  0.00032670  
914         0.17431392  0.19615353  0.00032722  
915         0.20443512  0.19616258  0.00032699  
916         0.20124152  0.19616812  0.00032668  
917         0.19020512  0.19616162  0.00032639  
918         0.19137408  0.19615641  0.00032607  
919         0.20703032  0.19616824  0.00032593  
920         0.19442432  0.19616634  0.00032558  
921         0.18851000  0.19615803  0.00032533  
922         0.18099968  0.19614159  0.00032540  
923         0.18350200  0.19612789  0.00032533  
924         0.18286072  0.19611354  0.00032530  
925         0.18517728  0.19610171  0.00032516  
926         0.18585952  0.19609065  0.00032500  
927         0.19183800  0.19608607  0.00032468  
928         0.19037792  0.19607991  0.00032439  
929         0.19026552  0.19607366  0.00032410  
930         0.18639800  0.19606325  0.00032392  
931         0.19803000  0.19606536  0.00032358  
932         0.19704312  0.19606641  0.00032323  
933         0.19708800  0.19606751  0.00032289  
934         0.19899448  0.19607064  0.00032255  
935         0.19444992  0.19606891  0.00032221  
936         0.19692512  0.19606982  0.00032187  
937         0.20086112  0.19607494  0.00032157  
938         0.19040568  0.19606889  0.00032128  
939         0.20608248  0.19607956  0.00032112  
940         0.20463800  0.19608866  0.00032090  
941         0.18927352  0.19608142  0.00032064  
942         0.18213368  0.19606661  0.00032065  
943         0.19327352  0.19606365  0.00032032  
944         0.19319608  0.19606061  0.00031999  
945         0.17973752  0.19604334  0.00032012  
946         0.21983968  0.19606849  0.00032077  
947         0.18942208  0.19606148  0.00032051  
948         0.19555200  0.19606094  0.00032017  
949         0.18794112  0.19605238  0.00031995  
950         0.20517888  0.19606199  0.00031976  
951         0.20142008  0.19606762  0.00031947  
952         0.20855800  0.19608074  0.00031940  
953         0.18535032  0.19606948  0.00031927  
954         0.20706168  0.19608101  0.00031914  
955         0.19027000  0.19607492  0.00031886  
956         0.19524088  0.19607405  0.00031853  
957         0.19396792  0.19607185  0.00031821  
958         0.20251768  0.19607858  0.00031794  
959         0.20330848  0.19608612  0.00031770  
960         0.18013688  0.19606950  0.00031781  
961         0.20690912  0.19608078  0.00031767  
962         0.19095928  0.19607546  0.00031739  
963         0.20688128  0.19608668  0.00031726  
964         0.17246592  0.19606218  0.00031787  
965         0.19097952  0.19605691  0.00031759  
966         0.19428728  0.19605508  0.00031726  
967         0.21877688  0.19607857  0.00031781  
968         0.21931768  0.19610258  0.00031838  
969         0.19705568  0.19610357  0.00031806  
970         0.18725888  0.19609445  0.00031786  
971         0.19135800  0.19608957  0.00031757  
972         0.19667968  0.19609018  0.00031724  
973         0.19522432  0.19608929  0.00031692  
974         0.21321088  0.19610686  0.00031708  
975         0.19609088  0.19610685  0.00031675  
976         0.20817408  0.19611921  0.00031667  
977         0.18803200  0.19611093  0.00031646  
978         0.20017528  0.19611509  0.00031616  
979         0.18339808  0.19610210  0.00031610  
980         0.21482752  0.19612121  0.00031636  
981         0.18478200  0.19610965  0.00031625  
982         0.19134200  0.19610479  0.00031596  
983         0.18611000  0.19609463  0.00031580  
984         0.20089952  0.19609951  0.00031552  
985         0.19380088  0.19609718  0.00031521  
986         0.20083200  0.19610198  0.00031493  
987         0.19419192  0.19610004  0.00031461  
988         0.23145272  0.19613583  0.00031632  
989         0.21286392  0.19615274  0.00031646  
990         0.19448800  0.19615106  0.00031614  
991         0.19627832  0.19615119  0.00031582  
992         0.18555872  0.19614051  0.00031568  
993         0.20531000  0.19614974  0.00031550  
994         0.20331768  0.19615695  0.00031527  
995         0.19488632  0.19615568  0.00031495  
996         0.20132992  0.19616087  0.00031468  
997         0.21104128  0.19617580  0.00031472  
998         0.19778272  0.19617741  0.00031440  
999         0.19833848  0.19617957  0.00031410  
1000        0.18193152  0.19616532  0.00031411  
1001        0.18852152  0.19615769  0.00031389  
1002        0.19068792  0.19615223  0.00031362  
1003        0.19207800  0.19614817  0.00031333  
1004        0.20096608  0.19615296  0.00031306  
1005        0.21432192  0.19617104  0.00031327  
1006        0.19663288  0.19617150  0.00031296  
1007        0.20356992  0.19617885  0.00031273  
1008        0.21068512  0.19619324  0.00031275  
1009        0.19786872  0.19619490  0.00031245  
1010        0.18489528  0.19618371  0.00031234  
1011        0.19682528  0.19618435  0.00031203  
1012        0.18719200  0.19617546  0.00031185  
1013        0.19340728  0.19617273  0.00031155  
1014        0.19750648  0.19617404  0.00031125  
1015        0.20271672  0.19618049  0.00031101  
1016        0.18477432  0.19616926  0.00031090  
1017        0.21223672  0.19618506  0.00031100  
1018        0.17878368  0.19616797  0.00031116  
1019        0.20839392  0.19617997  0.00031109  
1020        0.18539448  0.19616939  0.00031096  
1021        0.17175008  0.19614548  0.00031158  
1022        0.20344192  0.19615261  0.00031136  
1023        0.19962808  0.19615601  0.00031107  
1024        0.19855352  0.19615835  0.00031077  
1025        0.18628792  0.19614872  0.00031062  
1026        0.20235000  0.19615477  0.00031038  
1027        0.19403448  0.19615270  0.00031008  
1028        0.18910392  0.19614585  0.00030986  
1029        0.19539192  0.19614511  0.00030955  
1030        0.20623200  0.19615491  0.00030941  
1031        0.18542200  0.19614450  0.00030928  
1032        0.20653048  0.19615456  0.00030915  
1033        0.19675488  0.19615514  0.00030885  
1034        0.19342648  0.19615250  0.00030856  
1035        0.18379488  0.19614056  0.00030849  
1036        0.18155192  0.19612648  0.00030852  
1037        0.20132408  0.19613149  0.00030826  
1038        0.19950048  0.19613474  0.00030798  
1039        0.22163712  0.19615928  0.00030866  
1040        0.20284408  0.19616571  0.00030843  
1041        0.18663800  0.19615656  0.00030827  
1042        0.20979712  0.19616965  0.00030825  
1043        0.20551800  0.19617861  0.00030809  
1044        0.19058528  0.19617326  0.00030784  
1045        0.17820792  0.19615606  0.00030803  
1046        0.19244088  0.19615251  0.00030775  
1047        0.20924032  0.19616501  0.00030771  
1048        0.19348728  0.19616246  0.00030743  
1049        0.20563328  0.19617149  0.00030727  
1050        0.21022688  0.19618487  0.00030727  
1051        0.19355000  0.19618236  0.00030698  
1052        0.19617632  0.19618236  0.00030669  
1053        0.19211000  0.19617849  0.00030643  
1054        0.17843192  0.19616165  0.00030660  
1055        0.19533312  0.19616087  0.00030631  
1056        0.19813728  0.19616274  0.00030602  
1057        0.19122528  0.19615807  0.00030577  
1058        0.22419200  0.19618457  0.00030663  
1059        0.19471992  0.19618318  0.00030634  
1060        0.16950272  0.19615801  0.00030708  
1061        0.21199800  0.19617294  0.00030716  
1062        0.20831200  0.19618437  0.00030708  
1063        0.17891552  0.19616813  0.00030722  
1064        0.18213728  0.19615494  0.00030722  
1065        0.18814208  0.19614742  0.00030702  
1066        0.21430368  0.19616445  0.00030720  
1067        0.19670200  0.19616495  0.00030692  
1068        0.20195512  0.19617037  0.00030668  
1069        0.20087392  0.19617477  0.00030642  
1070        0.20139488  0.19617965  0.00030617  
1071        0.22251232  0.19620424  0.00030687  
1072        0.19556608  0.19620364  0.00030659  
1073        0.18937088  0.19619728  0.00030637  
1074        0.19099000  0.19619243  0.00030612  
1075        0.19759800  0.19619374  0.00030584  
1076        0.19395128  0.19619165  0.00030556  
1077        0.19189048  0.19618766  0.00030530  
1078        0.19410688  0.19618573  0.00030503  
1079        0.18061688  0.19617130  0.00030509  
1080        0.20845752  0.19618267  0.00030502  
1081        0.18499000  0.19617232  0.00030491  
1082        0.19916088  0.19617508  0.00030464  
1083        0.20410168  0.19618240  0.00030445  
1084        0.20863992  0.19619389  0.00030438  
1085        0.19971200  0.19619714  0.00030412  
1086        0.20343008  0.19620380  0.00030391  
1087        0.20240992  0.19620951  0.00030369  
1088        0.21329408  0.19622521  0.00030381  
1089        0.20252512  0.19623099  0.00030359  
1090        0.18978912  0.19622508  0.00030337  
1091        0.18936800  0.19621880  0.00030315  
1092        0.20336888  0.19622535  0.00030295  
1093        0.19832800  0.19622727  0.00030268  
1094        0.19214048  0.19622353  0.00030242  
1095        0.19588992  0.19622323  0.00030215  
1096        0.19015800  0.19621770  0.00030192  
1097        0.18594912  0.19620834  0.00030179  
1098        0.17424128  0.19618833  0.00030218  
1099        0.19609912  0.19618825  0.00030190  
1100        0.17466752  0.19616868  0.00030226  
1101        0.20698112  0.19617850  0.00030215  
1102        0.18398592  0.19616744  0.00030208  
1103        0.21279200  0.19618251  0.00030218  
1104        0.20926200  0.19619436  0.00030214  
1105        0.20120800  0.19619890  0.00030190  
1106        0.19479992  0.19619763  0.00030163  
1107        0.18162432  0.19618447  0.00030164  
1108        0.20578688  0.19619313  0.00030149  
1109        0.19927008  0.19619591  0.00030124  
1110        0.18930552  0.19618970  0.00030103  
1111        0.18875768  0.19618301  0.00030083  
1112        0.20660728  0.19619239  0.00030071  
1113        0.17781248  0.19617587  0.00030089  
1114        0.19550048  0.19617527  0.00030062  
1115        0.20723968  0.19618519  0.00030051  
1116        0.19623288  0.19618523  0.00030025  
1117        0.19515872  0.19618431  0.00029998  
1118        0.20399200  0.19619130  0.00029979  
1119        0.19465528  0.19618992  0.00029953  
1120        0.20222072  0.19619531  0.00029931  
1121        0.18287032  0.19618342  0.00029928  
1122        0.19213368  0.19617981  0.00029903  
1123        0.18607800  0.19617082  0.00029890  
1124        0.19701728  0.19617157  0.00029863  
1125        0.17923200  0.19615651  0.00029875  
1126        0.19844088  0.19615854  0.00029849  
1127        0.17280768  0.19613782  0.00029894  
1128        0.20782200  0.19614818  0.00029886  
1129        0.18044408  0.19613427  0.00029892  
1130        0.19160448  0.19613026  0.00029868  
1131        0.20090752  0.19613449  0.00029845  
1132        0.19317248  0.19613187  0.00029819  
1133        0.18390968  0.19612108  0.00029813  
1134        0.17964408  0.19610655  0.00029822  
1135        0.18254048  0.19609460  0.00029819  
1136        0.19068800  0.19608984  0.00029797  
1137        0.20043872  0.19609366  0.00029773  
1138        0.20468608  0.19610121  0.00029756  
1139        0.20312248  0.19610738  0.00029737  
1140        0.19528192  0.19610666  0.00029711  
1141        0.18740192  0.19609903  0.00029694  
1142        0.19727800  0.19610006  0.00029669  
1143        0.20190328  0.19610514  0.00029647  
1144        0.19331552  0.19610270  0.00029622  
1145        0.21196512  0.19611655  0.00029629  
1146        0.18856800  0.19610996  0.00029610  
1147        0.18864128  0.19610345  0.00029591  
1148        0.21891968  0.19612333  0.00029632  
1149        0.19415288  0.19612161  0.00029607  
1150        0.20714752  0.19613120  0.00029597  
1151        0.21009208  0.19614333  0.00029596  
1152        0.18912888  0.19613724  0.00029577  
1153        0.19429368  0.19613564  0.00029551  
1154        0.18903392  0.19612949  0.00029532  
1155        0.20171000  0.19613432  0.00029510  
1156        0.18378232  0.19612363  0.00029504  
1157        0.20400952  0.19613045  0.00029487  
1158        0.18847352  0.19612384  0.00029469  
1159        0.19494200  0.19612282  0.00029443  
1160        0.19100000  0.19611840  0.00029421  
1161        0.20437728  0.19612552  0.00029405  
1162        0.19737912  0.19612659  0.00029379  
1163        0.19471200  0.19612538  0.00029354  
1164        0.19343800  0.19612307  0.00029330  
1165        0.19660512  0.19612348  0.00029305  
1166        0.18781568  0.19611636  0.00029288  
1167        0.19275512  0.19611348  0.00029265  
1168        0.19359352  0.19611132  0.00029240  
1169        0.21123328  0.19612426  0.00029244  
1170        0.20485888  0.19613172  0.00029229  
1171        0.19696888  0.19613244  0.00029204  
1172        0.18835968  0.19612580  0.00029186  
1173        0.19286712  0.19612303  0.00029163  
1174        0.19660792  0.19612344  0.00029138  
1175        0.20096128  0.19612756  0.00029116  
1176        0.20898168  0.19613849  0.00029112  
1177        0.17283712  0.19611869  0.00029154  
1178        0.20414200  0.19612550  0.00029138  
1179        0.18759800  0.19611827  0.00029122  
1180        0.19563512  0.19611786  0.00029097  
1181        0.20305408  0.19612373  0.00029078  
1182        0.18963200  0.19611824  0.00029059  
1183        0.19323488  0.19611580  0.00029035  
1184        0.19222200  0.19611251  0.00029013  
1185        0.19009592  0.19610744  0.00028993  
1186        0.18273408  0.19609616  0.00028990  
1187        0.19408000  0.19609446  0.00028966  
1188        0.18787328  0.19608754  0.00028950  
1189        0.17561528  0.19607032  0.00028977  
1190        0.18622968  0.19606205  0.00028964  
1191        0.18976768  0.19605677  0.00028945  
1192        0.18128128  0.19604437  0.00028947  
1193        0.20019128  0.19604785  0.00028925  
1194        0.17986528  0.19603430  0.00028933  
1195        0.18389248  0.19602414  0.00028926  
1196        0.21207928  0.19603756  0.00028933  
1197        0.19906528  0.19604009  0.00028910  
1198        0.20217952  0.19604521  0.00028890  
1199        0.19683200  0.19604587  0.00028866  
1200        0.19303608  0.19604336  0.00028843  
1201        0.20265912  0.19604887  0.00028825  
1202        0.18826752  0.19604240  0.00028808  
1203        0.18488032  0.19603312  0.00028799  
1204        0.19783392  0.19603461  0.00028775  
1205        0.20067832  0.19603847  0.00028754  
1206        0.18983008  0.19603332  0.00028735  
1207        0.19382200  0.19603149  0.00028712  
1208        0.18910208  0.19602575  0.00028694  
1209        0.20172800  0.19603047  0.00028674  
1210        0.17048952  0.19600936  0.00028728  
1211        0.19914112  0.19601195  0.00028705  
1212        0.20291072  0.19601764  0.00028687  
1213        0.20545632  0.19602542  0.00028674  
1214        0.19640800  0.19602573  0.00028650  
1215        0.19766368  0.19602708  0.00028627  
1216        0.21081528  0.19603924  0.00028629  
1217        0.20752128  0.19604868  0.00028621  
1218        0.19310208  0.19604626  0.00028599  
1219        0.18905088  0.19604052  0.00028581  
1220        0.19596152  0.19604046  0.00028558  
1221        0.18423800  0.19603079  0.00028551  
1222        0.19564768  0.19603048  0.00028527  
1223        0.19003000  0.19602557  0.00028508  
1224        0.20465208  0.19603262  0.00028494  
1225        0.20158648  0.19603715  0.00028474  
1226        0.20891488  0.19604765  0.00028470  
1227        0.20706912  0.19605664  0.00028461  
1228        0.18880000  0.19605073  0.00028444  
1229        0.19698528  0.19605149  0.00028421  
1230        0.18309888  0.19604096  0.00028417  
1231        0.18816000  0.19603456  0.00028402  
1232        0.19117792  0.19603061  0.00028381  
1233        0.18426848  0.19602107  0.00028374  
1234        0.19849568  0.19602308  0.00028352  
1235        0.20602552  0.19603118  0.00028341  
1236        0.20361848  0.19603732  0.00028324  
1237        0.18978912  0.19603227  0.00028306  
1238        0.18883072  0.19602645  0.00028289  
1239        0.18805432  0.19602001  0.00028273  
1240        0.18473592  0.19601091  0.00028265  
1241        0.20825952  0.19602078  0.00028260  
1242        0.18984800  0.19601581  0.00028241  
1243        0.20024192  0.19601921  0.00028221  
1244        0.18342008  0.19600909  0.00028216  
1245        0.19180792  0.19600571  0.00028196  
1246        0.20415200  0.19601225  0.00028180  
1247        0.18470200  0.19600318  0.00028172  
1248        0.19112800  0.19599927  0.00028153  
1249        0.18203000  0.19598809  0.00028152  
1250        0.18625152  0.19598030  0.00028141  
1251        0.19895672  0.19598268  0.00028119  
1252        0.18277112  0.19597213  0.00028116  
1253        0.19541248  0.19597168  0.00028094  
1254        0.20460000  0.19597856  0.00028080  
1255        0.21588832  0.19599443  0.00028102  
1256        0.20099072  0.19599840  0.00028083  
1257        0.20110592  0.19600247  0.00028063  
1258        0.19919608  0.19600501  0.00028042  
1259        0.19598648  0.19600499  0.00028020  
1260        0.19535200  0.19600447  0.00027998  
1261        0.20310200  0.19601010  0.00027981  
1262        0.19920768  0.19601263  0.00027960  
1263        0.20990592  0.19602363  0.00027960  
1264        0.21308928  0.19603714  0.00027970  
1265        0.21479928  0.19605197  0.00027987  
1266        0.20226552  0.19605688  0.00027970  
1267        0.19187512  0.19605358  0.00027949  
1268        0.19379192  0.19605179  0.00027928  
1269        0.19568632  0.19605150  0.00027906  
1270        0.20812792  0.19606101  0.00027900  
1271        0.18723808  0.19605407  0.00027887  
1272        0.20819128  0.19606361  0.00027881  
1273        0.20457088  0.19607030  0.00027867  
1274        0.18923832  0.19606493  0.00027851  
1275        0.17768248  0.19605052  0.00027866  
1276        0.19880952  0.19605268  0.00027845  
1277        0.19987200  0.19605567  0.00027825  
1278        0.21192448  0.19606809  0.00027831  
1279        0.19211128  0.19606499  0.00027811  
1280        0.19571552  0.19606472  0.00027789  
1281        0.18529592  0.19605631  0.00027780  
1282        0.19024632  0.19605178  0.00027762  
1283        0.19340032  0.19604971  0.00027741  
1284        0.18788832  0.19604336  0.00027727  
1285        0.20659328  0.19605157  0.00027718  
1286        0.19415800  0.19605009  0.00027696  
1287        0.20712888  0.19605870  0.00027688  
1288        0.20330808  0.19606433  0.00027672  
1289        0.19246392  0.19606154  0.00027652  
1290        0.20258528  0.19606660  0.00027636  
1291        0.20651000  0.19607468  0.00027626  
1292        0.19428792  0.19607330  0.00027605  
1293        0.21162872  0.19608533  0.00027610  
1294        0.19684088  0.19608592  0.00027589  
1295        0.21354848  0.19609940  0.00027600  
1296        0.17362232  0.19608206  0.00027633  
1297        0.21136352  0.19609384  0.00027637  
1298        0.19315712  0.19609158  0.00027617  
1299        0.18537952  0.19608333  0.00027608  
1300        0.19419768  0.19608188  0.00027587  
1301        0.19147512  0.19607834  0.00027568  
1302        0.19841912  0.19608014  0.00027547  
1303        0.20684800  0.19608840  0.00027539  
1304        0.20863200  0.19609802  0.00027534  
1305        0.18293632  0.19608793  0.00027532  
1306        0.19237888  0.19608509  0.00027512  
1307        0.22291200  0.19610562  0.00027568  
1308        0.19693752  0.19610626  0.00027547  
1309        0.18974592  0.19610140  0.00027530  
1310        0.19130208  0.19609773  0.00027511  
1311        0.17919352  0.19608484  0.00027520  
1312        0.18499168  0.19607638  0.00027512  
1313        0.20252800  0.19608130  0.00027496  
1314        0.20373112  0.19608712  0.00027481  
1315        0.20083328  0.19609073  0.00027463  
1316        0.21226488  0.19610302  0.00027469  
1317        0.19390200  0.19610135  0.00027449  
1318        0.19595872  0.19610124  0.00027428  
1319        0.17183288  0.19608284  0.00027469  
1320        0.19391608  0.19608120  0.00027449  
1321        0.18977208  0.19607642  0.00027432  
1322        0.18006200  0.19606431  0.00027438  
1323        0.19729632  0.19606524  0.00027417  
1324        0.20135800  0.19606924  0.00027400  
1325        0.18537088  0.19606116  0.00027391  
1326        0.20366200  0.19606690  0.00027376  
1327        0.18911672  0.19606166  0.00027360  
1328        0.21698552  0.19607741  0.00027385  
1329        0.19110200  0.19607367  0.00027367  
1330        0.20507448  0.19608044  0.00027355  
1331        0.19951800  0.19608302  0.00027336  
1332        0.19250432  0.19608033  0.00027316  
1333        0.18110392  0.19606910  0.00027319  
1334        0.19498752  0.19606829  0.00027299  
1335        0.20659808  0.19607618  0.00027290  
1336        0.20700800  0.19608436  0.00027281  
1337        0.19507712  0.19608361  0.00027261  
1338        0.17863992  0.19607057  0.00027272  
1339        0.18007992  0.19605863  0.00027278  
1340        0.18231800  0.19604837  0.00027277  
1341        0.18722488  0.19604179  0.00027264  
1342        0.19650912  0.19604214  0.00027244  
1343        0.20300800  0.19604733  0.00027229  
1344        0.17871800  0.19603443  0.00027239  
1345        0.20872632  0.19604387  0.00027235  
1346        0.18301752  0.19603419  0.00027232  
1347        0.20761952  0.19604279  0.00027225  
1348        0.19130752  0.19603928  0.00027207  
1349        0.20817632  0.19604828  0.00027202  
1350        0.19869048  0.19605023  0.00027183  
1351        0.20899712  0.19605982  0.00027179  
1352        0.18456800  0.19605132  0.00027173  
1353        0.21068000  0.19606213  0.00027174  
1354        0.19421432  0.19606076  0.00027154  
1355        0.18323072  0.19605130  0.00027151  
1356        0.18819000  0.19604550  0.00027137  
1357        0.18871168  0.19604009  0.00027122  
1358        0.20928632  0.19604985  0.00027120  
1359        0.21931000  0.19606696  0.00027154  
1360        0.19685728  0.19606755  0.00027134  
1361        0.21180408  0.19607911  0.00027139  
1362        0.18897208  0.19607389  0.00027124  
1363        0.19811552  0.19607539  0.00027104  
1364        0.19614200  0.19607544  0.00027084  
1365        0.19471032  0.19607444  0.00027065  
1366        0.20504312  0.19608100  0.00027053  
1367        0.19430368  0.19607970  0.00027033  
1368        0.19615032  0.19607975  0.00027014  
1369        0.18485368  0.19607155  0.00027006  
1370        0.18635648  0.19606446  0.00026996  
1371        0.19847800  0.19606622  0.00026977  
1372        0.19555200  0.19606585  0.00026957  
1373        0.18908472  0.19606076  0.00026942  
1374        0.21251072  0.19607274  0.00026949  
1375        0.19568248  0.19607245  0.00026930  
1376        0.21611512  0.19608702  0.00026949  
1377        0.19821312  0.19608856  0.00026930  
1378        0.20203872  0.19609288  0.00026914  
1379        0.19119200  0.19608933  0.00026897  
1380        0.16821752  0.19606913  0.00026953  
1381        0.20675832  0.19607687  0.00026945  
1382        0.20229728  0.19608137  0.00026929  
1383        0.20446208  0.19608743  0.00026917  
1384        0.18887800  0.19608222  0.00026902  
1385        0.19078072  0.19607839  0.00026885  
1386        0.19385208  0.19607679  0.00026867  
1387        0.20889208  0.19608603  0.00026863  
1388        0.18922848  0.19608109  0.00026848  
1389        0.19838200  0.19608274  0.00026829  
1390        0.20124792  0.19608646  0.00026813  
1391        0.19142200  0.19608310  0.00026795  
1392        0.19398200  0.19608159  0.00026777  
1393        0.18769408  0.19607557  0.00026764  
1394        0.19896800  0.19607765  0.00026746  
1395        0.20235768  0.19608215  0.00026730  
1396        0.20560128  0.19608897  0.00026720  
1397        0.18598008  0.19608173  0.00026711  
1398        0.20249592  0.19608632  0.00026695  
1399        0.18836088  0.19608080  0.00026682  
1400        0.18510392  0.19607296  0.00026675  
1401        0.20776448  0.19608130  0.00026669  
1402        0.20613368  0.19608847  0.00026659  
1403        0.20155872  0.19609237  0.00026643  
1404        0.20575200  0.19609925  0.00026633  
1405        0.18991352  0.19609485  0.00026618  
1406        0.19167200  0.19609170  0.00026601  
1407        0.20252472  0.19609628  0.00026586  
1408        0.20430200  0.19610210  0.00026573  
1409        0.19196152  0.19609917  0.00026556  
1410        0.17610368  0.19608498  0.00026575  
1411        0.19598200  0.19608491  0.00026556  
1412        0.19542200  0.19608444  0.00026537  
1413        0.18775608  0.19607855  0.00026525  
1414        0.20401408  0.19608416  0.00026512  
1415        0.20129208  0.19608784  0.00026496  
1416        0.18636928  0.19608098  0.00026486  
1417        0.20300000  0.19608586  0.00026472  
1418        0.20575800  0.19609268  0.00026462  
1419        0.20907192  0.19610183  0.00026459  
1420        0.18403200  0.19609333  0.00026454  
1421        0.20046048  0.19609640  0.00026437  
1422        0.20747512  0.19610440  0.00026431  
1423        0.20243192  0.19610885  0.00026416  
1424        0.19564088  0.19610852  0.00026398  
1425        0.19104352  0.19610497  0.00026381  
1426        0.19483232  0.19610407  0.00026363  
1427        0.20037048  0.19610706  0.00026346  
1428        0.18764672  0.19610114  0.00026334  
1429        0.19665912  0.19610153  0.00026316  
1430        0.19564472  0.19610121  0.00026298  
1431        0.19523808  0.19610061  0.00026279  
1432        0.20802912  0.19610894  0.00026274  
1433        0.20979328  0.19611849  0.00026273  
1434        0.18111800  0.19610803  0.00026276  
1435        0.19256800  0.19610556  0.00026259  
1436        0.20613888  0.19611255  0.00026250  
1437        0.19485752  0.19611167  0.00026231  
1438        0.20953528  0.19612101  0.00026230  
1439        0.17669112  0.19610751  0.00026246  
1440        0.19183800  0.19610454  0.00026230  
1441        0.20573312  0.19611122  0.00026220  
1442        0.17868672  0.19609914  0.00026230  
1443        0.17510072  0.19608459  0.00026252  
1444        0.20453888  0.19609044  0.00026240  
1445        0.20271608  0.19609503  0.00026226  
1446        0.19630712  0.19609517  0.00026208  
1447        0.19592192  0.19609505  0.00026190  
1448        0.18586232  0.19608799  0.00026181  
1449        0.19918688  0.19609013  0.00026164  
1450        0.19780408  0.19609131  0.00026146  
1451        0.19078368  0.19608765  0.00026131  
1452        0.18629048  0.19608090  0.00026122  
1453        0.19112248  0.19607749  0.00026106  
1454        0.19521408  0.19607690  0.00026088  
1455        0.20300000  0.19608165  0.00026074  
1456        0.20091512  0.19608497  0.00026059  
1457        0.17910072  0.19607332  0.00026067  
1458        0.19214200  0.19607062  0.00026050  
1459        0.19647200  0.19607090  0.00026032  
1460        0.21900928  0.19608661  0.00026062  
1461        0.20563128  0.19609314  0.00026052  
1462        0.19802552  0.19609446  0.00026035  
1463        0.19643488  0.19609469  0.00026017  
1464        0.17475000  0.19608011  0.00026040  
1465        0.19320032  0.19607815  0.00026023  
1466        0.17794808  0.19606578  0.00026035  
1467        0.18396088  0.19605753  0.00026030  
1468        0.19127800  0.19605427  0.00026014  
1469        0.19704568  0.19605495  0.00025997  
1470        0.19155712  0.19605189  0.00025981  
1471        0.20272352  0.19605643  0.00025967  
1472        0.20379448  0.19606168  0.00025955  
1473        0.20811000  0.19606986  0.00025950  
1474        0.19191288  0.19606704  0.00025934  
1475        0.20159608  0.19607079  0.00025919  
1476        0.19791928  0.19607204  0.00025902  
1477        0.19414368  0.19607074  0.00025885  
1478        0.19344992  0.19606896  0.00025868  
1479        0.18338168  0.19606038  0.00025864  
1480        0.19029248  0.19605649  0.00025850  
1481        0.19103800  0.19605310  0.00025835  
1482        0.18723712  0.19604715  0.00025824  
1483        0.17343672  0.19603190  0.00025852  
1484        0.18383992  0.19602369  0.00025847  
1485        0.21349752  0.19603546  0.00025857  
1486        0.19261368  0.19603315  0.00025840  
1487        0.20892800  0.19604182  0.00025837  
1488        0.21232312  0.19605277  0.00025843  
1489        0.19647352  0.19605305  0.00025826  
1490        0.19651072  0.19605336  0.00025809  
1491        0.17536992  0.19603948  0.00025829  
1492        0.19578808  0.19603932  0.00025811  
1493        0.19241592  0.19603689  0.00025795  
1494        0.21082168  0.19604678  0.00025797  
1495        0.19633152  0.19604697  0.00025780  
1496        0.19858168  0.19604867  0.00025763  
1497        0.20051968  0.19605166  0.00025747  
1498        0.18453248  0.19604397  0.00025742  
1499        0.18508800  0.19603666  0.00025735  
1500        0.20356472  0.19604168  0.00025723  
1501        0.19769528  0.19604278  0.00025706  
1502        0.19116472  0.19603953  0.00025691  
1503        0.18607800  0.19603290  0.00025682  
1504        0.21237112  0.19604377  0.00025688  
1505        0.21408632  0.19605575  0.00025699  
1506        0.18161632  0.19604617  0.00025700  
1507        0.19103800  0.19604284  0.00025685  
1508        0.19579832  0.19604268  0.00025668  
1509        0.19154528  0.19603970  0.00025652  
1510        0.19115128  0.19603646  0.00025638  
1511        0.19283768  0.19603435  0.00025621  
1512        0.19731000  0.19603519  0.00025605  
1513        0.19933792  0.19603737  0.00025589  
1514        0.19816928  0.19603878  0.00025572  
1515        0.18043488  0.19602848  0.00025576  
1516        0.20009088  0.19603116  0.00025561  
1517        0.20240888  0.19603536  0.00025547  
1518        0.21734368  0.19604940  0.00025569  
1519        0.20230200  0.19605352  0.00025555  
1520        0.18060152  0.19604335  0.00025559  
1521        0.19322848  0.19604150  0.00025543  
1522        0.17805048  0.19602968  0.00025553  
1523        0.20035808  0.19603252  0.00025538  
1524        0.20215992  0.19603654  0.00025524  
1525        0.19561952  0.19603627  0.00025508  
1526        0.19699808  0.19603690  0.00025491  
1527        0.19996800  0.19603947  0.00025476  
1528        0.20524672  0.19604550  0.00025466  
1529        0.19766008  0.19604656  0.00025450  
1530        0.18691200  0.19604059  0.00025440  
1531        0.18199392  0.19603141  0.00025440  
1532        0.19839200  0.19603295  0.00025424  
1533        0.19136000  0.19602990  0.00025409  
1534        0.20366200  0.19603488  0.00025397  
1535        0.18934368  0.19603052  0.00025384  
1536        0.18850912  0.19602562  0.00025373  
1537        0.21502968  0.19603799  0.00025386  
1538        0.19243000  0.19603564  0.00025371  
1539        0.18135928  0.19602611  0.00025372  
1540        0.18609632  0.19601966  0.00025364  
1541        0.20082528  0.19602278  0.00025349  
1542        0.19541472  0.19602238  0.00025333  
1543        0.17755832  0.19601042  0.00025345  
1544        0.18131200  0.19600090  0.00025346  
1545        0.18445752  0.19599342  0.00025341  
1546        0.17915000  0.19598253  0.00025348  
1547        0.19591992  0.19598249  0.00025332  
1548        0.18645048  0.19597633  0.00025323  
1549        0.20182200  0.19598011  0.00025309  
1550        0.18646008  0.19597396  0.00025300  
1551        0.19826808  0.19597544  0.00025284  
1552        0.19908352  0.19597744  0.00025269  
1553        0.19468000  0.19597661  0.00025253  
1554        0.18857568  0.19597185  0.00025241  
1555        0.19031352  0.19596821  0.00025227  
1556        0.18978528  0.19596423  0.00025214  
1557        0.19296000  0.19596230  0.00025199  
1558        0.18433272  0.19595484  0.00025194  
1559        0.20576568  0.19596113  0.00025185  
1560        0.20732672  0.19596842  0.00025180  
1561        0.20689632  0.19597542  0.00025173  
1562        0.18850912  0.19597064  0.00025162  
1563        0.19101048  0.19596747  0.00025148  
1564        0.18827768  0.19596255  0.00025136  
1565        0.19616000  0.19596268  0.00025120  
1566        0.18430592  0.19595523  0.00025115  
1567        0.21275872  0.19596596  0.00025122  
1568        0.19885432  0.19596780  0.00025107  
1569        0.21155712  0.19597773  0.00025111  
1570        0.19315192  0.19597593  0.00025095  
1571        0.18012800  0.19596585  0.00025100  
1572        0.19202048  0.19596334  0.00025085  
1573        0.19569632  0.19596317  0.00025069  
1574        0.19508608  0.19596261  0.00025053  
1575        0.15747200  0.19593817  0.00025156  
1576        0.18499808  0.19593123  0.00025150  
1577        0.19932000  0.19593338  0.00025135  
1578        0.20742008  0.19594066  0.00025129  
1579        0.20069472  0.19594367  0.00025115  
1580        0.19429112  0.19594262  0.00025099  
1581        0.20042112  0.19594545  0.00025085  
1582        0.19688448  0.19594605  0.00025069  
1583        0.19966712  0.19594840  0.00025055  
1584        0.18462208  0.19594125  0.00025049  
1585        0.18767928  0.19593604  0.00025039  
1586        0.19877088  0.19593782  0.00025023  
1587        0.21403832  0.19594923  0.00025034  
1588        0.20648800  0.19595587  0.00025027  
1589        0.20657152  0.19596255  0.00025020  
1590        0.18716512  0.19595701  0.00025010  
1591        0.18480352  0.19595000  0.00025004  
1592        0.18968192  0.19594607  0.00024992  
1593        0.18453048  0.19593890  0.00024986  
1594        0.19564672  0.19593872  0.00024971  
1595        0.20606592  0.19594507  0.00024963  
1596        0.18160128  0.19593608  0.00024964  
1597        0.19528312  0.19593567  0.00024948  
1598        0.19961568  0.19593797  0.00024933  
1599        0.19159288  0.19593525  0.00024919  
1600        0.20492800  0.19594087  0.00024910  
1601        0.18111200  0.19593161  0.00024912  
1602        0.18367928  0.19592396  0.00024908  
1603        0.18895928  0.19591962  0.00024896  
1604        0.19159288  0.19591692  0.00024882  
1605        0.20913632  0.19592516  0.00024880  
1606        0.17123200  0.19590978  0.00024912  
1607        0.20985272  0.19591846  0.00024912  
1608        0.19802752  0.19591977  0.00024897  
1609        0.19975032  0.19592215  0.00024882  
1610        0.21271008  0.19593258  0.00024889  
1611        0.18972800  0.19592873  0.00024876  
1612        0.19385272  0.19592744  0.00024861  
1613        0.20153952  0.19593092  0.00024848  
1614        0.17747808  0.19591949  0.00024859  
1615        0.21688832  0.19593247  0.00024878  
1616        0.18950392  0.19592849  0.00024865  
1617        0.18808448  0.19592364  0.00024855  
1618        0.20863800  0.19593150  0.00024852  
1619        0.18929792  0.19592740  0.00024840  
1620        0.19521912  0.19592696  0.00024825  
1621        0.19267808  0.19592496  0.00024810  
1622        0.19089632  0.19592186  0.00024797  
1623        0.19343200  0.19592033  0.00024782  
1624        0.18291968  0.19591232  0.00024780  
1625        0.18888800  0.19590800  0.00024768  
1626        0.21371488  0.19591895  0.00024777  
1627        0.19037112  0.19591554  0.00024764  
1628        0.18534200  0.19590904  0.00024757  
1629        0.18275808  0.19590097  0.00024755  
1630        0.20468088  0.19590636  0.00024746  
1631        0.19563488  0.19590619  0.00024731  
1632        0.19948800  0.19590839  0.00024717  
1633        0.19432192  0.19590741  0.00024702  
1634        0.18948088  0.19590348  0.00024690  
1635        0.19465312  0.19590272  0.00024675  
1636        0.18775648  0.19589774  0.00024665  
1637        0.18560568  0.19589145  0.00024658  
1638        0.20693112  0.19589819  0.00024652  
1639        0.19546848  0.19589793  0.00024637  
1640        0.20071352  0.19590086  0.00024624  
1641        0.19699808  0.19590153  0.00024609  
1642        0.21075712  0.19591058  0.00024610  
1643        0.19498848  0.19591002  0.00024595  
1644        0.18870648  0.19590564  0.00024584  
1645        0.19929088  0.19590770  0.00024570  
1646        0.19045888  0.19590438  0.00024558  
1647        0.18623200  0.19589851  0.00024550  
1648        0.20239200  0.19590245  0.00024538  
1649        0.18671800  0.19589688  0.00024529  
1650        0.21184000  0.19590655  0.00024534  
1651        0.19907200  0.19590846  0.00024519  
1652        0.19847800  0.19591002  0.00024505  
1653        0.18834808  0.19590544  0.00024494  
1654        0.17171328  0.19589082  0.00024523  
1655        0.20650808  0.19589723  0.00024517  
1656        0.19064832  0.19589406  0.00024504  
1657        0.19107448  0.19589115  0.00024491  
1658        0.19853048  0.19589275  0.00024477  
1659        0.19394168  0.19589157  0.00024462  
1660        0.19262328  0.19588960  0.00024448  
1661        0.18704312  0.19588427  0.00024439  
1662        0.18864000  0.19587992  0.00024429  
1663        0.18481408  0.19587326  0.00024423  
1664        0.19338752  0.19587177  0.00024409  
1665        0.20961152  0.19588002  0.00024408  
1666        0.18947712  0.19587618  0.00024396  
1667        0.18733792  0.19587105  0.00024387  
1668        0.20623928  0.19587727  0.00024380  
1669        0.20499712  0.19588274  0.00024372  
1670        0.20405248  0.19588763  0.00024362  
1671        0.19574648  0.19588754  0.00024348  
1672        0.18622592  0.19588176  0.00024340  
1673        0.19841408  0.19588328  0.00024326  
1674        0.19356152  0.19588189  0.00024312  
1675        0.20197728  0.19588553  0.00024300  
1676        0.18169528  0.19587706  0.00024300  
1677        0.19145952  0.19587443  0.00024287  
1678        0.19763000  0.19587548  0.00024273  
1679        0.18791648  0.19587073  0.00024263  
1680        0.18850432  0.19586635  0.00024253  
1681        0.18193408  0.19585806  0.00024252  
1682        0.19705208  0.19585877  0.00024238  
1683        0.19796152  0.19586002  0.00024224  
1684        0.20408288  0.19586490  0.00024215  
1685        0.20103992  0.19586798  0.00024202  
1686        0.18109792  0.19585922  0.00024204  
1687        0.20483808  0.19586454  0.00024195  
1688        0.19145272  0.19586192  0.00024182  
1689        0.19115872  0.19585914  0.00024169  
1690        0.20704568  0.19586576  0.00024164  
1691        0.18855608  0.19586144  0.00024154  
1692        0.19289568  0.19585968  0.00024140  
1693        0.20317792  0.19586401  0.00024130  
1694        0.19224800  0.19586187  0.00024116  
1695        0.20227072  0.19586565  0.00024105  
1696        0.18504888  0.19585927  0.00024099  
1697        0.19757432  0.19586028  0.00024085  
1698        0.19271288  0.19585843  0.00024072  
1699        0.19959800  0.19586063  0.00024059  
1700        0.18136448  0.19585211  0.00024060  
1701        0.18906848  0.19584812  0.00024049  
1702        0.20083200  0.19585105  0.00024037  
1703        0.19151672  0.19584850  0.00024024  
1704        0.18776288  0.19584376  0.00024014  
1705        0.20940792  0.19585171  0.00024013  
1706        0.21059192  0.19586035  0.00024015  
1707        0.18657632  0.19585491  0.00024007  
1708        0.19212472  0.19585273  0.00023994  
1709        0.20781792  0.19585973  0.00023990  
1710        0.17930112  0.19585005  0.00023996  
1711        0.20135392  0.19585326  0.00023984  
1712        0.19849088  0.19585480  0.00023970  
1713        0.19886592  0.19585656  0.00023957  
1714        0.17998200  0.19584730  0.00023961  
1715        0.19826168  0.19584871  0.00023947  
1716        0.19720192  0.19584950  0.00023933  
1717        0.19219200  0.19584737  0.00023920  
1718        0.19541048  0.19584711  0.00023907  
1719        0.18636512  0.19584160  0.00023899  
1720        0.19890488  0.19584338  0.00023886  
1721        0.20764512  0.19585023  0.00023882  
1722        0.19417528  0.19584926  0.00023868  
1723        0.17705592  0.19583835  0.00023879  
1724        0.18865152  0.19583419  0.00023869  
1725        0.20931200  0.19584200  0.00023868  
1726        0.20141432  0.19584523  0.00023856  
1727        0.19313408  0.19584366  0.00023843  
1728        0.19653248  0.19584406  0.00023829  
1729        0.20087800  0.19584697  0.00023817  
1730        0.18821368  0.19584255  0.00023807  
1731        0.20455608  0.19584759  0.00023799  
1732        0.20275808  0.19585158  0.00023789  
1733        0.20784128  0.19585850  0.00023785  
1734        0.19626848  0.19585873  0.00023771  
1735        0.21033088  0.19586707  0.00023772  
1736        0.19822200  0.19586843  0.00023759  
1737        0.19180032  0.19586609  0.00023746  
1738        0.19239352  0.19586409  0.00023733  
1739        0.18299872  0.19585669  0.00023731  
1740        0.19725792  0.19585750  0.00023718  
1741        0.19693152  0.19585812  0.00023704  
1742        0.17409152  0.19584562  0.00023724  
1743        0.20482168  0.19585077  0.00023716  
1744        0.18658232  0.19584546  0.00023708  
1745        0.18871392  0.19584137  0.00023698  
1746        0.21728000  0.19585365  0.00023716  
1747        0.20067200  0.19585641  0.00023704  
1748        0.21137152  0.19586528  0.00023707  
1749        0.19824888  0.19586664  0.00023694  
1750        0.18615800  0.19586110  0.00023687  
1751        0.18980472  0.19585764  0.00023676  
1752        0.19160448  0.19585521  0.00023664  
1753        0.19840568  0.19585666  0.00023651  
1754        0.18881408  0.19585265  0.00023641  
1755        0.18384312  0.19584581  0.00023637  
1756        0.18586848  0.19584012  0.00023630  
1757        0.20490808  0.19584529  0.00023623  
1758        0.20251488  0.19584908  0.00023612  
1759        0.21134200  0.19585789  0.00023615  
1760        0.19647352  0.19585824  0.00023602  
1761        0.19736832  0.19585909  0.00023589  
1762        0.19479392  0.19585849  0.00023575  
1763        0.19437792  0.19585765  0.00023562  
1764        0.19836000  0.19585907  0.00023549  
1765        0.18698848  0.19585404  0.00023541  
1766        0.20539192  0.19585944  0.00023534  
1767        0.19006048  0.19585616  0.00023523  
1768        0.19063800  0.19585321  0.00023511  
1769        0.18505208  0.19584710  0.00023506  
1770        0.20011000  0.19584951  0.00023494  
1771        0.19456128  0.19584879  0.00023481  
1772        0.20367200  0.19585320  0.00023472  
1773        0.20034912  0.19585574  0.00023460  
1774        0.19820800  0.19585706  0.00023447  
1775        0.17941048  0.19584780  0.00023452  
1776        0.19440888  0.19584699  0.00023439  
1777        0.19038200  0.19584391  0.00023428  
1778        0.20583648  0.19584953  0.00023421  
1779        0.21464448  0.19586010  0.00023432  
1780        0.18764472  0.19585548  0.00023424  
1781        0.21448800  0.19586594  0.00023434  
1782        0.18380408  0.19585917  0.00023430  
1783        0.18572032  0.19585349  0.00023424  
1784        0.19145088  0.19585102  0.00023412  
1785        0.20272768  0.19585487  0.00023402  
1786        0.18284000  0.19584759  0.00023401  
1787        0.18657152  0.19584239  0.00023393  
1788        0.19917432  0.19584426  0.00023381  
1789        0.18811768  0.19583994  0.00023372  
1790        0.18828000  0.19583572  0.00023363  
1791        0.19991672  0.19583799  0.00023351  
1792        0.17984952  0.19582907  0.00023355  
1793        0.18955448  0.19582557  0.00023344  
1794        0.19918328  0.19582744  0.00023332  
1795        0.19537632  0.19582719  0.00023319  
1796        0.19736800  0.19582805  0.00023306  
1797        0.20924800  0.19583552  0.00023305  
1798        0.19553152  0.19583535  0.00023292  
1799        0.19051000  0.19583239  0.00023281  
1800        0.19955768  0.19583446  0.00023269  
1801        0.20173312  0.19583773  0.00023258  
1802        0.19504632  0.19583730  0.00023246  
1803        0.19854200  0.19583880  0.00023233  
1804        0.19184128  0.19583658  0.00023221  
1805        0.19989248  0.19583883  0.00023210  
1806        0.18791392  0.19583444  0.00023201  
1807        0.19335008  0.19583306  0.00023188  
1808        0.18973432  0.19582969  0.00023178  
1809        0.21287008  0.19583911  0.00023184  
1810        0.18713568  0.19583430  0.00023177  
1811        0.21168128  0.19584305  0.00023180  
1812        0.20028472  0.19584550  0.00023169  
1813        0.20793272  0.19585217  0.00023166  
1814        0.20179192  0.19585544  0.00023155  
1815        0.17746272  0.19584531  0.00023165  
1816        0.19567672  0.19584522  0.00023152  
1817        0.18678200  0.19584023  0.00023144  
1818        0.19771832  0.19584126  0.00023132  
1819        0.20928568  0.19584865  0.00023131  
1820        0.20779768  0.19585522  0.00023128  
1821        0.16792248  0.19583988  0.00023166  
1822        0.19312000  0.19583839  0.00023154  
1823        0.18079800  0.19583014  0.00023156  
1824        0.20098912  0.19583297  0.00023145  
1825        0.20410752  0.19583750  0.00023136  
1826        0.18995328  0.19583428  0.00023126  
1827        0.20111288  0.19583717  0.00023115  
1828        0.18395232  0.19583066  0.00023112  
1829        0.17638200  0.19582003  0.00023123  
1830        0.19198200  0.19581793  0.00023112  
1831        0.19839032  0.19581934  0.00023099  
1832        0.20551392  0.19582463  0.00023093  
1833        0.20153952  0.19582775  0.00023082  
1834        0.19235200  0.19582585  0.00023071  
1835        0.21009408  0.19583363  0.00023071  
1836        0.20120832  0.19583656  0.00023060  
1837        0.19016312  0.19583347  0.00023050  
1838        0.18874488  0.19582961  0.00023041  
1839        0.20880000  0.19583666  0.00023039  
1840        0.20514808  0.19584172  0.00023032  
1841        0.19866848  0.19584326  0.00023020  
1842        0.19029248  0.19584025  0.00023009  
1843        0.19775200  0.19584128  0.00022997  
1844        0.19408000  0.19584033  0.00022985  
1845        0.20978872  0.19584789  0.00022985  
1846        0.19839928  0.19584927  0.00022973  
1847        0.18633208  0.19584412  0.00022966  
1848        0.20726328  0.19585030  0.00022962  
1849        0.19331128  0.19584892  0.00022950  
1850        0.21371832  0.19585858  0.00022958  
1851        0.19016832  0.19585551  0.00022948  
1852        0.21251072  0.19586450  0.00022953  
1853        0.19733368  0.19586530  0.00022941  
1854        0.19962848  0.19586732  0.00022929  
1855        0.17419488  0.19585564  0.00022946  
1856        0.21125248  0.19586394  0.00022949  
1857        0.19256800  0.19586216  0.00022937  
1858        0.20351200  0.19586628  0.00022929  
1859        0.21329632  0.19587566  0.00022936  
1860        0.19417528  0.19587474  0.00022923  
1861        0.21158072  0.19588318  0.00022927  
1862        0.20510200  0.19588813  0.00022920  
1863        0.19259232  0.19588636  0.00022908  
1864        0.19234272  0.19588446  0.00022897  
1865        0.19929952  0.19588629  0.00022885  
1866        0.19918008  0.19588806  0.00022873  
1867        0.19306848  0.19588655  0.00022862  
1868        0.19712248  0.19588721  0.00022850  
1869        0.19740800  0.19588802  0.00022837  
1870        0.18970848  0.19588472  0.00022828  
1871        0.20535008  0.19588978  0.00022821  
1872        0.19078008  0.19588705  0.00022811  
1873        0.19119032  0.19588454  0.00022800  
1874        0.19440768  0.19588375  0.00022788  
1875        0.20705408  0.19588971  0.00022783  
1876        0.19852032  0.19589111  0.00022772  
1877        0.19159168  0.19588882  0.00022761  
1878        0.18885728  0.19588508  0.00022752  
1879        0.18387808  0.19587869  0.00022748  
1880        0.19998688  0.19588087  0.00022737  
1881        0.19045472  0.19587799  0.00022727  
1882        0.20356992  0.19588207  0.00022719  
1883        0.20287800  0.19588579  0.00022710  
1884        0.20014392  0.19588805  0.00022699  
1885        0.18862392  0.19588420  0.00022690  
1886        0.20734392  0.19589027  0.00022686  
1887        0.19137792  0.19588788  0.00022675  
1888        0.19717752  0.19588856  0.00022663  
1889        0.19598592  0.19588862  0.00022651  
1890        0.19314432  0.19588716  0.00022640  
1891        0.19735392  0.19588794  0.00022628  
1892        0.19959800  0.19588990  0.00022617  
1893        0.21146552  0.19589813  0.00022620  
1894        0.21696248  0.19590925  0.00022635  
1895        0.20587832  0.19591451  0.00022630  
1896        0.19413432  0.19591357  0.00022618  
1897        0.19624800  0.19591375  0.00022606  
1898        0.17316728  0.19590176  0.00022626  
1899        0.20111200  0.19590451  0.00022615  
1900        0.18584288  0.19589921  0.00022610  
1901        0.19922912  0.19590096  0.00022599  
1902        0.20903992  0.19590787  0.00022597  
1903        0.20384128  0.19591204  0.00022589  
1904        0.20402432  0.19591630  0.00022581  
1905        0.19365048  0.19591511  0.00022570  
1906        0.19288928  0.19591352  0.00022558  
1907        0.18721408  0.19590896  0.00022551  
1908        0.19748792  0.19590979  0.00022540  
1909        0.20535008  0.19591474  0.00022533  
1910        0.20694200  0.19592051  0.00022529  
1911        0.16860800  0.19590622  0.00022562  
1912        0.20103392  0.19590890  0.00022552  
1913        0.18616448  0.19590380  0.00022546  
1914        0.19637688  0.19590405  0.00022534  
1915        0.20067712  0.19590654  0.00022524  
1916        0.19560448  0.19590639  0.00022512  
1917        0.19990200  0.19590847  0.00022501  
1918        0.19667200  0.19590887  0.00022490  
1919        0.19670008  0.19590928  0.00022478  
1920        0.19719392  0.19590995  0.00022466  
1921        0.19792312  0.19591100  0.00022455  
1922        0.18621112  0.19590595  0.00022449  
1923        0.19812832  0.19590711  0.00022438  
1924        0.19608800  0.19590720  0.00022426  
1925        0.20155192  0.19591013  0.00022416  
1926        0.20473088  0.19591471  0.00022409  
1927        0.18874552  0.19591099  0.00022401  
1928        0.21051448  0.19591857  0.00022402  
1929        0.20967032  0.19592570  0.00022402  
1930        0.19975648  0.19592768  0.00022391  
1931        0.18816568  0.19592366  0.00022383  
1932        0.19279800  0.19592204  0.00022372  
1933        0.19835768  0.19592330  0.00022361  
1934        0.18171512  0.19591596  0.00022361  
1935        0.18400312  0.19590980  0.00022358  
1936        0.20517248  0.19591459  0.00022352  
1937        0.19047008  0.19591177  0.00022342  
1938        0.21055072  0.19591933  0.00022343  
1939        0.19274752  0.19591769  0.00022332  
1940        0.20355200  0.19592163  0.00022324  
1941        0.19015800  0.19591866  0.00022315  
1942        0.19589472  0.19591865  0.00022303  
1943        0.18361528  0.19591231  0.00022301  
1944        0.21132512  0.19592024  0.00022303  
1945        0.19771872  0.19592117  0.00022292  
1946        0.17895392  0.19591245  0.00022298  
1947        0.19465208  0.19591180  0.00022286  
1948        0.19091808  0.19590924  0.00022276  
1949        0.19642848  0.19590950  0.00022265  
1950        0.20149728  0.19591237  0.00022255  
1951        0.18741752  0.19590801  0.00022248  
1952        0.20835712  0.19591439  0.00022246  
1953        0.20439288  0.19591873  0.00022239  
1954        0.19342328  0.19591746  0.00022228  
1955        0.17663800  0.19590759  0.00022238  
1956        0.21607552  0.19591791  0.00022251  
1957        0.19470712  0.19591729  0.00022239  
1958        0.17809408  0.19590818  0.00022247  
1959        0.20723200  0.19591396  0.00022243  
1960        0.20040632  0.19591626  0.00022233  
1961        0.20792248  0.19592238  0.00022230  
1962        0.17737528  0.19591293  0.00022239  
1963        0.19478712  0.19591235  0.00022227  
1964        0.20496768  0.19591696  0.00022221  
1965        0.19258752  0.19591527  0.00022210  
1966        0.21418808  0.19592456  0.00022218  
1967        0.19468152  0.19592393  0.00022207  
1968        0.19329632  0.19592260  0.00022196  
1969        0.18872800  0.19591894  0.00022188  
1970        0.18140800  0.19591158  0.00022189  
1971        0.19080800  0.19590899  0.00022179  
1972        0.19475968  0.19590840  0.00022168  
1973        0.20638200  0.19591371  0.00022163  
1974        0.19447392  0.19591298  0.00022152  
1975        0.22124928  0.19592581  0.00022178  
1976        0.19301048  0.19592434  0.00022167  
1977        0.19222368  0.19592246  0.00022157  
1978        0.19237048  0.19592067  0.00022146  
1979        0.19146808  0.19591842  0.00022136  
1980        0.20259200  0.19592179  0.00022128  
1981        0.20270200  0.19592521  0.00022119  
1982        0.18678712  0.19592060  0.00022113  
1983        0.18636672  0.19591578  0.00022107  
1984        0.20351672  0.19591961  0.00022099  
1985        0.19059328  0.19591693  0.00022089  
1986        0.18987832  0.19591389  0.00022080  
1987        0.19334200  0.19591260  0.00022070  
1988        0.21188088  0.19592063  0.00022073  
1989        0.20581048  0.19592560  0.00022068  
1990        0.19368800  0.19592448  0.00022057  
1991        0.19465312  0.19592384  0.00022046  
1992        0.18998200  0.19592085  0.00022037  
1993        0.19688800  0.19592134  0.00022026  
1994        0.18277112  0.19591475  0.00022025  
1995        0.20222968  0.19591791  0.00022016  
1996        0.20515832  0.19592254  0.00022010  
1997        0.18842752  0.19591879  0.00022002  
1998        0.19750200  0.19591958  0.00021991  
1999        0.22059648  0.19593192  0.00022015  
2000        0.19467232  0.19593129  0.00022004  
