1           0.73788000  0.73788000  0.00000000  
2           0.89532000  0.81660000  0.07872000  
3           0.99756000  0.87692000  0.07552559  
4           0.68176000  0.82813000  0.07233617  
5           0.99216000  0.86093600  0.06492878  
6           0.86436000  0.86150667  0.05301720  
7           0.96596000  0.87642857  0.04722705  
8           0.99852000  0.89169000  0.04365440  
9           0.71520000  0.87208000  0.04320612  
10          0.87448000  0.87232000  0.03864547  
11          0.95612000  0.87993818  0.03577665  
12          0.99224000  0.88929667  0.03397384  
13          0.94444000  0.89353846  0.03153795  
14          0.82344000  0.88853143  0.02962466  
15          0.99744000  0.89579200  0.02851877  
16          0.68676000  0.88272750  0.02970415  
17          0.99548000  0.88936000  0.02867965  
18          0.63580000  0.87527333  0.03048877  
19          0.93332000  0.87832842  0.02900086  
20          0.90548000  0.87968600  0.02754610  
21          0.99192000  0.88503048  0.02674109  
22          0.90928000  0.88613273  0.02552044  
23          0.82600000  0.88351826  0.02452538  
24          0.99076000  0.88798667  0.02390264  
25          0.93256000  0.88976960  0.02299583  
26          0.98036000  0.89325385  0.02236673  
27          0.95336000  0.89548000  0.02163722  
28          0.98676000  0.89874000  0.02110347  
29          0.77892000  0.89460828  0.02077771  
30          0.96488000  0.89695067  0.02020938  
31          0.97912000  0.89960129  0.01972550  
32          0.99380000  0.90254500  0.01932465  
33          0.87628000  0.90174909  0.01874681  
34          0.93144000  0.90262235  0.01820803  
35          0.99836000  0.90535771  0.01789050  
36          0.80316000  0.90251889  0.01761667  
37          0.88536000  0.90205514  0.01714021  
38          0.79776000  0.89931053  0.01690731  
39          0.98628000  0.90154051  0.01661838  
40          0.99380000  0.90384700  0.01636099  
41          0.99368000  0.90603805  0.01610667  
42          0.99876000  0.90824571  0.01587278  
43          0.99812000  0.91033581  0.01563954  
44          0.89720000  0.91003727  0.01528288  
45          0.97244000  0.91142400  0.01500363  
46          0.88556000  0.91086174  0.01468460  
47          0.96868000  0.91209191  0.01442133  
48          0.97816000  0.91346833  0.01418463  
49          0.76168000  0.91037061  0.01423331  
50          0.99756000  0.91211440  0.01405434  
51          0.97504000  0.91334824  0.01383115  
52          0.99592000  0.91493615  0.01365520  
53          0.94560000  0.91551472  0.01340757  
54          0.91364000  0.91548000  0.01315698  
55          0.99212000  0.91687345  0.01299050  
56          0.99756000  0.91831429  0.01283753  
57          0.98872000  0.91954947  0.01267065  
58          0.88388000  0.91893448  0.01246546  
59          0.87628000  0.91821153  0.01227367  
60          0.96132000  0.91893000  0.01208874  
61          0.96084000  0.91961705  0.01190875  
62          0.97404000  0.92049484  0.01174794  
63          0.97840000  0.92141397  0.01159644  
64          0.95448000  0.92193062  0.01142550  
65          0.95080000  0.92237477  0.01125711  
66          0.93264000  0.92253030  0.01108633  
67          0.97420000  0.92330149  0.01094680  
68          0.81228000  0.92166882  0.01090750  
69          0.52236000  0.91588174  0.01220719  
70          0.99584000  0.91702400  0.01208564  
71          0.97440000  0.91783211  0.01194158  
72          0.99760000  0.91894000  0.01182656  
73          0.95604000  0.91944822  0.01167449  
74          0.97656000  0.92022000  0.01154148  
75          0.94012000  0.92048533  0.01138965  
76          0.98996000  0.92139947  0.01127590  
77          0.99760000  0.92238909  0.01117241  
78          0.99316000  0.92329641  0.01106551  
79          0.93048000  0.92338734  0.01092492  
80          0.98860000  0.92420250  0.01081825  
81          0.96488000  0.92470469  0.01069565  
82          0.97280000  0.92529122  0.01058068  
83          0.95524000  0.92565205  0.01045865  
84          0.96140000  0.92607762  0.01034215  
85          0.95216000  0.92638447  0.01022436  
86          0.93508000  0.92648558  0.01010528  
87          0.96648000  0.92694529  0.00999902  
88          0.80876000  0.92560227  0.00997557  
89          0.38124000  0.91948584  0.01160545  
90          0.99616000  0.92033778  0.01150735  
91          0.96452000  0.92082330  0.01139055  
92          0.96684000  0.92132348  0.01127715  
93          0.81524000  0.92018280  0.01121340  
94          0.80604000  0.91896851  0.01115973  
95          0.93784000  0.91916716  0.01104342  
96          0.91128000  0.91908500  0.01092809  
97          0.98908000  0.91980660  0.01083889  
98          0.77280000  0.91830653  0.01083209  
99          0.97796000  0.91890909  0.01073903  
100         0.84820000  0.91820200  0.01065459  
101         0.98924000  0.91890535  0.01057199  
102         0.84816000  0.91821176  0.01049079  
103         0.92844000  0.91831107  0.01038891  
104         0.90924000  0.91822385  0.01028890  
105         0.99108000  0.91891771  0.01021404  
106         0.99584000  0.91964340  0.01014321  
107         0.79424000  0.91847140  0.01011609  
108         0.93940000  0.91866519  0.01002385  
109         0.99448000  0.91936073  0.00995579  
110         0.97336000  0.91985164  0.00987708  
111         0.98924000  0.92047676  0.00980763  
112         0.73352000  0.91880750  0.00986197  
113         0.99500000  0.91948177  0.00979753  
114         0.89308000  0.91925018  0.00971397  
115         0.93184000  0.91935965  0.00962975  
116         0.99808000  0.92003828  0.00957047  
117         0.48988000  0.91636171  0.01017572  
118         -0.00008000 0.90859525  0.01273217  
119         0.95388000  0.90897580  0.01263046  
120         0.97368000  0.90951500  0.01253636  
121         0.98748000  0.91015934  0.01244901  
122         0.98944000  0.91080918  0.01236364  
123         0.93608000  0.91101463  0.01226443  
124         0.91120000  0.91101613  0.01216512  
125         0.98176000  0.91158208  0.01208067  
126         0.94368000  0.91183683  0.01198712  
127         0.99716000  0.91250866  0.01191132  
128         0.96960000  0.91295469  0.01182631  
129         0.98796000  0.91353612  0.01174867  
130         0.99040000  0.91412738  0.01167293  
131         0.87484000  0.91382748  0.01158736  
132         0.99600000  0.91445000  0.01151608  
133         0.89032000  0.91426857  0.01143060  
134         0.99908000  0.91490149  0.01136262  
135         0.93240000  0.91503111  0.01127888  
136         0.74516000  0.91378206  0.01126511  
137         0.96052000  0.91412321  0.01118778  
138         0.99764000  0.91472841  0.01112289  
139         0.97308000  0.91514820  0.01105055  
140         0.95404000  0.91542600  0.01097485  
141         0.94692000  0.91564936  0.01089903  
142         0.86068000  0.91526225  0.01082892  
143         0.97544000  0.91568308  0.01076116  
144         0.95260000  0.91593944  0.01068925  
145         0.78912000  0.91506483  0.01065124  
146         0.91220000  0.91504521  0.01057805  
147         0.86976000  0.91473714  0.01051036  
148         0.90236000  0.91465351  0.01043944  
149         0.96132000  0.91496671  0.01037387  
150         0.97568000  0.91537147  0.01031242  
151         0.98016000  0.91580053  0.01025288  
152         0.81680000  0.91514921  0.01020601  
153         0.89128000  0.91499320  0.01014029  
154         0.97380000  0.91537506  0.01008146  
155         0.99280000  0.91587458  0.01002866  
156         0.93464000  0.91599487  0.00996489  
157         -0.73660000 0.90546879  0.01445104  
158         -0.99540000 0.89343797  0.01873311  
159         0.67576000  0.89206893  0.01866520  
160         0.99832000  0.89273300  0.01856006  
161         0.97056000  0.89321640  0.01845075  
162         0.43484000  0.89038691  0.01855353  
163         0.98272000  0.89095337  0.01844805  
164         0.98968000  0.89155537  0.01834509  
165         0.94440000  0.89187564  0.01823639  
166         0.99620000  0.89250410  0.01813709  
167         0.97760000  0.89301365  0.01803535  
168         0.99780000  0.89363738  0.01793853  
169         0.99824000  0.89425633  0.01784280  
170         0.98464000  0.89478800  0.01774550  
171         0.96016000  0.89517029  0.01764556  
172         0.92636000  0.89535163  0.01754361  
173         0.79312000  0.89476069  0.01745191  
174         0.81820000  0.89432069  0.01735690  
175         0.96220000  0.89470857  0.01726180  
176         0.90408000  0.89476182  0.01716352  
177         0.98292000  0.89525989  0.01707354  
178         0.99592000  0.89582539  0.01698677  
179         0.94720000  0.89611240  0.01689404  
180         0.95128000  0.89641889  0.01680272  
181         0.99680000  0.89697348  0.01671883  
182         0.99540000  0.89751429  0.01663551  
183         0.99596000  0.89805224  0.01655310  
184         0.99888000  0.89860022  0.01647200  
185         0.96948000  0.89898335  0.01638720  
186         0.91408000  0.89906452  0.01629906  
187         0.85936000  0.89885219  0.01621306  
188         0.77964000  0.89821809  0.01613905  
189         0.79332000  0.89766307  0.01606302  
190         0.99408000  0.89817053  0.01598631  
191         0.96312000  0.89851058  0.01590603  
192         0.97312000  0.89889917  0.01582774  
193         0.95884000  0.89920974  0.01574858  
194         0.86164000  0.89901608  0.01566839  
195         0.86536000  0.89884349  0.01558879  
196         0.99968000  0.89935796  0.01551758  
197         0.95140000  0.89962213  0.01544087  
198         0.99568000  0.90010727  0.01537035  
199         0.82856000  0.89974774  0.01529714  
200         0.84984000  0.89949820  0.01522251  
201         0.99832000  0.89998985  0.01515456  
202         0.94996000  0.90023723  0.01508138  
203         0.12200000  0.89640355  0.01548884  
204         0.96276000  0.89672882  0.01541616  
205         0.90232000  0.89675610  0.01534080  
206         0.89344000  0.89674000  0.01526616  
207         0.87940000  0.89665623  0.01519246  
208         0.99236000  0.89711635  0.01512624  
209         0.99744000  0.89759636  0.01506135  
210         0.94428000  0.89781867  0.01499110  
211         0.99272000  0.89826844  0.01492666  
212         0.96452000  0.89858094  0.01485937  
213         0.98904000  0.89900563  0.01479554  
214         0.96624000  0.89931981  0.01472959  
215         0.87540000  0.89920856  0.01466135  
216         0.99252000  0.89964056  0.01459970  
217         0.74844000  0.89894378  0.01454896  
218         0.86752000  0.89879963  0.01448279  
219         0.99472000  0.89923763  0.01442316  
220         0.94764000  0.89945764  0.01435913  
221         0.97032000  0.89977828  0.01429761  
222         0.98400000  0.90015766  0.01423811  
223         0.97752000  0.90050457  0.01417837  
224         0.84912000  0.90027518  0.01411679  
225         0.94932000  0.90049316  0.01405560  
226         0.97624000  0.90082832  0.01399728  
227         0.95892000  0.90108423  0.01393784  
228         0.91384000  0.90114018  0.01387668  
229         0.97872000  0.90147895  0.01382011  
230         0.85200000  0.90126383  0.01376157  
231         0.98568000  0.90162926  0.01370674  
232         0.98188000  0.90197517  0.01365191  
233         0.79284000  0.90150678  0.01360126  
234         0.93124000  0.90163385  0.01354361  
235         0.97356000  0.90193991  0.01348932  
236         0.99076000  0.90231627  0.01343732  
237         0.98300000  0.90265671  0.01338483  
238         0.98356000  0.90299664  0.01333281  
239         0.98780000  0.90335146  0.01328164  
240         0.97248000  0.90363950  0.01322932  
241         0.97372000  0.90393029  0.01317752  
242         0.94420000  0.90409669  0.01312401  
243         0.73656000  0.90340724  0.01308807  
244         0.95556000  0.90362098  0.01303607  
245         0.99116000  0.90397829  0.01298767  
246         0.98884000  0.90432325  0.01293936  
247         0.99576000  0.90469344  0.01289219  
248         0.97248000  0.90496677  0.01284301  
249         0.97376000  0.90524305  0.01279431  
250         0.99404000  0.90559824  0.01274798  
251         0.98444000  0.90591235  0.01270097  
252         0.92196000  0.90597603  0.01265063  
253         0.93588000  0.90609423  0.01260108  
254         0.88096000  0.90599528  0.01255176  
255         0.96200000  0.90621490  0.01250437  
256         0.87596000  0.90609672  0.01245599  
257         0.98664000  0.90641012  0.01241139  
258         0.99388000  0.90674915  0.01236784  
259         0.84660000  0.90651691  0.01232218  
260         0.95680000  0.90671031  0.01227622  
261         0.88292000  0.90661916  0.01222943  
262         0.93696000  0.90673496  0.01218322  
263         0.99288000  0.90706251  0.01214122  
264         0.99076000  0.90737955  0.01209930  
265         0.93780000  0.90749434  0.01205410  
266         0.97576000  0.90775098  0.01201144  
267         0.99844000  0.90809064  0.01197119  
268         0.97436000  0.90833791  0.01192900  
269         0.93760000  0.90844669  0.01188507  
270         0.55664000  0.90714370  0.01191245  
271         0.98504000  0.90743114  0.01187189  
272         0.99808000  0.90776441  0.01183285  
273         0.96332000  0.90796791  0.01179119  
274         0.99212000  0.90827504  0.01175209  
275         0.99124000  0.90857673  0.01171316  
276         0.98548000  0.90885536  0.01167397  
277         0.88936000  0.90878498  0.01163196  
278         0.87488000  0.90866302  0.01159069  
279         0.93860000  0.90877032  0.01154957  
280         0.99688000  0.90908500  0.01151255  
281         0.58728000  0.90793979  0.01152853  
282         0.99524000  0.90824936  0.01149174  
283         0.99768000  0.90856537  0.01145542  
284         0.99840000  0.90888169  0.01141940  
285         0.99356000  0.90917881  0.01138314  
286         0.81864000  0.90886224  0.01134768  
287         0.99916000  0.90917686  0.01131245  
288         0.99404000  0.90947153  0.01127695  
289         0.98644000  0.90973785  0.01124102  
290         0.97500000  0.90996290  0.01120445  
291         0.52548000  0.90864165  0.01124378  
292         0.64236000  0.90772973  0.01124226  
293         0.42180000  0.90607126  0.01132590  
294         0.87216000  0.90595592  0.01128790  
295         0.95176000  0.90611119  0.01125065  
296         0.81656000  0.90580865  0.01121665  
297         0.92524000  0.90587407  0.01117902  
298         0.85152000  0.90569168  0.01114293  
299         0.96416000  0.90588722  0.01110732  
300         0.99584000  0.90618707  0.01107430  
301         0.96708000  0.90638937  0.01103930  
302         0.89436000  0.90634954  0.01100276  
303         0.90180000  0.90633452  0.01096639  
304         0.99400000  0.90662289  0.01093406  
305         0.89900000  0.90659790  0.01089818  
306         0.95316000  0.90675007  0.01086358  
307         0.99512000  0.90703792  0.01083196  
308         0.98572000  0.90729338  0.01079975  
309         0.99184000  0.90756699  0.01076822  
310         0.93884000  0.90766787  0.01073390  
311         0.99748000  0.90795666  0.01070323  
312         0.92584000  0.90801397  0.01066902  
313         0.98900000  0.90827272  0.01063803  
314         0.89984000  0.90824586  0.01060413  
315         0.97208000  0.90844851  0.01057236  
316         0.95320000  0.90859013  0.01053980  
317         0.99768000  0.90887117  0.01051025  
318         0.90300000  0.90885270  0.01047717  
319         0.92580000  0.90890583  0.01044441  
320         0.85180000  0.90872738  0.01041325  
321         0.96668000  0.90890791  0.01038233  
322         0.85972000  0.90875516  0.01035116  
323         0.96268000  0.90892211  0.01032041  
324         0.99660000  0.90919272  0.01029207  
325         0.99548000  0.90945822  0.01026379  
326         0.96644000  0.90963301  0.01023375  
327         0.99148000  0.90988330  0.01020547  
328         0.86556000  0.90974817  0.01017521  
329         0.87824000  0.90965240  0.01014469  
330         0.96976000  0.90983455  0.01011554  
331         0.90196000  0.90981076  0.01008496  
332         0.99496000  0.91006723  0.01005781  
333         0.99920000  0.91033489  0.01003113  
334         0.76720000  0.90990635  0.01001023  
335         0.91992000  0.90993624  0.00998035  
336         0.81504000  0.90965381  0.00995461  
337         0.30180000  0.90785009  0.01008759  
338         0.95904000  0.90800154  0.01005884  
339         0.98352000  0.90822431  0.01003160  
340         0.92820000  0.90828306  0.01000222  
341         0.73744000  0.90778205  0.00998543  
342         0.87768000  0.90769404  0.00995658  
343         0.98772000  0.90792735  0.00993025  
344         0.98864000  0.90816198  0.00990412  
345         0.99376000  0.90841009  0.00987848  
346         0.99136000  0.90864983  0.00985281  
347         0.99344000  0.90889418  0.00982741  
348         0.99100000  0.90913011  0.00980197  
349         0.91788000  0.90915519  0.00977388  
350         0.88704000  0.90909200  0.00974612  
351         0.99620000  0.90934017  0.00972148  
352         0.94724000  0.90944784  0.00969442  
353         0.79400000  0.90912079  0.00967245  
354         0.82976000  0.90889661  0.00964769  
355         -0.34988000 0.90535076  0.01025313  
356         0.97840000  0.90555596  0.01022634  
357         0.02152000  0.90307966  0.01049401  
358         0.51212000  0.90198760  0.01052149  
359         0.74492000  0.90155008  0.01050125  
360         0.99856000  0.90181956  0.01047551  
361         0.99164000  0.90206837  0.01044941  
362         0.92748000  0.90213856  0.01042075  
363         0.78480000  0.90181532  0.01039702  
364         0.97640000  0.90202022  0.01037045  
365         0.98660000  0.90225195  0.01034459  
366         0.88960000  0.90221738  0.01031635  
367         0.99892000  0.90248087  0.01029157  
368         0.99748000  0.90273902  0.01026681  
369         0.85848000  0.90261908  0.01023965  
370         0.83548000  0.90243762  0.01021355  
371         0.67168000  0.90181563  0.01020496  
372         0.12328000  0.89972280  0.01039044  
373         0.98436000  0.89994971  0.01036503  
374         0.97128000  0.90014043  0.01033904  
375         0.99528000  0.90039413  0.01031455  
376         0.99400000  0.90064309  0.01029010  
377         0.93908000  0.90074504  0.01026327  
378         0.90940000  0.90076794  0.01023611  
379         0.99024000  0.90100401  0.01021179  
380         0.98484000  0.90122463  0.01018728  
381         0.87292000  0.90115034  0.01016077  
382         0.93576000  0.90124094  0.01013454  
383         0.98292000  0.90145420  0.01011030  
384         0.97696000  0.90165083  0.01008585  
385         0.99932000  0.90190452  0.01006282  
386         0.31880000  0.90039389  0.01014976  
387         0.96952000  0.90057251  0.01012508  
388         0.99872000  0.90082546  0.01010212  
389         0.92428000  0.90088576  0.01007629  
390         0.98964000  0.90111333  0.01005300  
391         0.80136000  0.90085821  0.01003050  
392         0.97280000  0.90104173  0.01000656  
393         0.87464000  0.90097455  0.00998129  
394         0.61080000  0.90023807  0.00998313  
395         0.95532000  0.90037752  0.00995880  
396         0.97748000  0.90057222  0.00993553  
397         0.99736000  0.90081602  0.00991347  
398         0.94312000  0.90092231  0.00988910  
399         0.98724000  0.90113865  0.00986666  
400         0.98920000  0.90135880  0.00984442  
401         0.98744000  0.90157347  0.00982219  
402         0.89928000  0.90156776  0.00979773  
403         0.98568000  0.90177648  0.00977561  
404         0.99000000  0.90199485  0.00975383  
405         0.94396000  0.90209847  0.00973027  
406         0.69312000  0.90158374  0.00971991  
407         0.74588000  0.90120118  0.00970354  
408         0.99924000  0.90144147  0.00968271  
409         0.94472000  0.90154729  0.00965959  
410         0.91792000  0.90158722  0.00963608  
411         0.95128000  0.90170813  0.00961337  
412         0.92344000  0.90176087  0.00959015  
413         0.99376000  0.90198363  0.00956950  
414         0.99820000  0.90221604  0.00954918  
415         0.99140000  0.90243094  0.00952857  
416         0.72392000  0.90200183  0.00951532  
417         0.99760000  0.90223108  0.00949524  
418         0.98700000  0.90243388  0.00947467  
419         0.99912000  0.90266463  0.00945484  
420         0.99388000  0.90288181  0.00943481  
421         0.97676000  0.90305729  0.00941400  
422         0.99344000  0.90327147  0.00939411  
423         0.99788000  0.90349513  0.00937455  
424         0.89952000  0.90348575  0.00935241  
425         0.95280000  0.90360179  0.00933110  
426         0.99572000  0.90381803  0.00931169  
427         0.98972000  0.90401920  0.00929203  
428         0.99408000  0.90422963  0.00927268  
429         0.99484000  0.90444084  0.00925345  
430         0.97712000  0.90460986  0.00923346  
431         0.98988000  0.90480770  0.00921413  
432         0.99496000  0.90501639  0.00919515  
433         0.77108000  0.90470707  0.00917910  
434         0.80288000  0.90447244  0.00916093  
435         0.47244000  0.90347926  0.00919365  
436         0.76372000  0.90315872  0.00917814  
437         0.95364000  0.90327423  0.00915784  
438         0.95932000  0.90340219  0.00913780  
439         0.99492000  0.90361066  0.00911935  
440         0.82364000  0.90342891  0.00910041  
441         0.97308000  0.90358685  0.00908113  
442         0.89204000  0.90356072  0.00906060  
443         0.98008000  0.90373345  0.00904177  
444         0.77576000  0.90344523  0.00902599  
445         0.41328000  0.90234373  0.00907279  
446         0.81144000  0.90213991  0.00905472  
447         0.97552000  0.90230407  0.00903593  
448         0.99376000  0.90250821  0.00901805  
449         0.93292000  0.90257595  0.00899820  
450         0.98968000  0.90276951  0.00898027  
451         0.98772000  0.90295787  0.00896231  
452         0.99576000  0.90316319  0.00894482  
453         0.99696000  0.90337024  0.00892745  
454         0.99564000  0.90357348  0.00891009  
455         0.97584000  0.90373231  0.00889190  
456         0.98468000  0.90390982  0.00887416  
457         0.99664000  0.90411274  0.00885704  
458         0.99252000  0.90430576  0.00883979  
459         0.96328000  0.90443425  0.00882145  
460         0.90812000  0.90444226  0.00880225  
461         0.85592000  0.90433701  0.00878377  
462         0.98576000  0.90451325  0.00876651  
463         0.99436000  0.90470730  0.00874970  
464         0.97220000  0.90485276  0.00873204  
465         0.85200000  0.90473910  0.00871398  
466         0.93336000  0.90480052  0.00869548  
467         0.99076000  0.90498458  0.00867879  
468         0.91448000  0.90500487  0.00866025  
469         0.99680000  0.90520060  0.00864398  
470         0.96536000  0.90532860  0.00862652  
471         0.49924000  0.90446641  0.00865125  
472         0.99488000  0.90465797  0.00863503  
473         0.66140000  0.90414368  0.00863209  
474         0.93948000  0.90421823  0.00861418  
475         0.97880000  0.90437524  0.00859746  
476         0.92524000  0.90441908  0.00857949  
477         0.98268000  0.90458314  0.00856306  
478         0.99780000  0.90477816  0.00854735  
479         0.93544000  0.90484217  0.00852973  
480         -0.42148000 0.90207900  0.00894920  
481         0.94868000  0.90217588  0.00893110  
482         0.99828000  0.90237527  0.00891478  
483         0.89504000  0.90236008  0.00889632  
484         0.69492000  0.90193149  0.00888826  
485         0.88880000  0.90190441  0.00886996  
486         0.95480000  0.90201325  0.00885236  
487         0.99724000  0.90220879  0.00883632  
488         0.99944000  0.90240803  0.00882045  
489         0.98264000  0.90257211  0.00880392  
490         0.99920000  0.90276931  0.00878815  
491         0.99228000  0.90295161  0.00877213  
492         0.99884000  0.90314650  0.00875645  
493         0.94028000  0.90322183  0.00873899  
494         0.96224000  0.90334130  0.00872210  
495         0.96944000  0.90347483  0.00870549  
496         0.99928000  0.90366798  0.00869007  
497         0.94332000  0.90374777  0.00867293  
498         0.93524000  0.90381100  0.00865573  
499         0.92520000  0.90385387  0.00863847  
500         0.97020000  0.90398656  0.00862220  
501         0.99744000  0.90417309  0.00860699  
502         0.98444000  0.90433299  0.00859132  
503         0.95732000  0.90443833  0.00857487  
504         0.97736000  0.90458302  0.00855906  
505         0.99852000  0.90476903  0.00854412  
506         0.94984000  0.90485810  0.00852768  
507         0.95844000  0.90496379  0.00851150  
508         0.99668000  0.90514433  0.00849665  
509         0.98052000  0.90529242  0.00848123  
510         0.69864000  0.90488722  0.00847428  
511         0.97284000  0.90502020  0.00845873  
512         0.87164000  0.90495500  0.00844244  
513         0.29392000  0.90376390  0.00850974  
514         0.70496000  0.90337712  0.00850197  
515         0.95776000  0.90348272  0.00848610  
516         0.98688000  0.90364434  0.00847118  
517         0.99504000  0.90382112  0.00845663  
518         0.99176000  0.90399089  0.00844199  
519         0.74588000  0.90368624  0.00843122  
520         0.98828000  0.90384892  0.00841656  
521         0.95844000  0.90395370  0.00840104  
522         0.93072000  0.90400498  0.00838509  
523         0.97808000  0.90414662  0.00837024  
524         0.94812000  0.90423053  0.00835467  
525         0.97412000  0.90436366  0.00833981  
526         0.99476000  0.90453551  0.00832571  
527         0.96656000  0.90465321  0.00831073  
528         0.99708000  0.90482826  0.00829682  
529         0.98812000  0.90498571  0.00828262  
530         0.99812000  0.90516143  0.00826885  
531         -0.20020000 0.90307977  0.00851173  
532         -0.66672000 0.90012902  0.00899356  
533         0.46672000  0.89931587  0.00901343  
534         0.99556000  0.89949610  0.00899834  
535         -0.57884000 0.89673286  0.00939696  
536         0.70460000  0.89637440  0.00938626  
537         0.96496000  0.89650212  0.00936964  
538         0.98864000  0.89667338  0.00935377  
539         0.97444000  0.89681766  0.00933752  
540         0.93452000  0.89688748  0.00932047  
541         0.99868000  0.89707564  0.00930513  
542         0.99140000  0.89724967  0.00928958  
543         0.99752000  0.89743433  0.00927429  
544         0.98444000  0.89759426  0.00925861  
545         0.97932000  0.89774422  0.00924282  
546         0.97764000  0.89789055  0.00922704  
547         0.84828000  0.89779985  0.00921060  
548         0.99572000  0.89797854  0.00919551  
549         0.94192000  0.89805858  0.00917910  
550         0.98028000  0.89820807  0.00916361  
551         0.95288000  0.89830730  0.00914751  
552         0.98576000  0.89846572  0.00913229  
553         0.98512000  0.89862242  0.00911711  
554         0.98232000  0.89877350  0.00910189  
555         0.88832000  0.89875467  0.00908550  
556         0.94232000  0.89883302  0.00906948  
557         0.94244000  0.89891131  0.00905352  
558         0.99604000  0.89908538  0.00903896  
559         0.83772000  0.89897560  0.00902344  
560         0.99884000  0.89915393  0.00900908  
561         0.99912000  0.89933212  0.00899477  
562         0.99864000  0.89950883  0.00898049  
563         0.99724000  0.89968242  0.00896621  
564         0.98868000  0.89984021  0.00895168  
565         0.91764000  0.89987172  0.00893588  
566         0.95960000  0.89997724  0.00892071  
567         0.99336000  0.90014194  0.00890648  
568         0.97300000  0.90027021  0.00889171  
569         0.92160000  0.90030770  0.00887615  
570         0.86360000  0.90024330  0.00886080  
571         0.99872000  0.90041576  0.00884695  
572         0.93940000  0.90048392  0.00883173  
573         0.99348000  0.90064621  0.00881780  
574         0.89600000  0.90063812  0.00880243  
575         0.99784000  0.90080717  0.00878873  
576         0.98664000  0.90095618  0.00877472  
577         0.98736000  0.90110593  0.00876078  
578         0.99460000  0.90126768  0.00874711  
579         0.89460000  0.90125617  0.00873200  
580         0.61208000  0.90075759  0.00873118  
581         0.99844000  0.90092571  0.00871776  
582         0.97872000  0.90105938  0.00870379  
583         0.41568000  0.90022683  0.00872864  
584         0.96836000  0.90034349  0.00871447  
585         0.91540000  0.90036923  0.00869959  
586         0.88512000  0.90034321  0.00868478  
587         0.91088000  0.90036116  0.00866999  
588         0.98748000  0.90050932  0.00865650  
589         0.93732000  0.90057182  0.00864201  
590         0.85312000  0.90049139  0.00862773  
591         0.85512000  0.90041462  0.00861346  
592         0.84728000  0.90032486  0.00859937  
593         0.97092000  0.90044391  0.00858568  
594         0.99324000  0.90060013  0.00857263  
595         0.99752000  0.90076303  0.00855976  
596         0.99196000  0.90091604  0.00854676  
597         0.85048000  0.90083156  0.00853285  
598         0.98704000  0.90097572  0.00851979  
599         0.99576000  0.90113396  0.00850703  
600         0.90156000  0.90113467  0.00849284  
601         0.98080000  0.90126722  0.00847973  
602         0.85760000  0.90119468  0.00846594  
603         0.77224000  0.90098083  0.00845460  
604         0.92952000  0.90102808  0.00844072  
605         0.95596000  0.90111888  0.00842724  
606         0.86748000  0.90106337  0.00841351  
607         0.99792000  0.90122293  0.00840115  
608         0.34268000  0.90030428  0.00843748  
609         0.38724000  0.89946181  0.00846564  
610         0.99708000  0.89962184  0.00845327  
611         0.88392000  0.89959614  0.00843946  
612         0.99696000  0.89975523  0.00842716  
613         0.94416000  0.89982767  0.00841371  
614         0.02020000  0.89839505  0.00852129  
615         0.92740000  0.89844221  0.00850755  
616         0.99428000  0.89859779  0.00849516  
617         0.97992000  0.89872959  0.00848240  
618         0.86376000  0.89867301  0.00846885  
619         0.74080000  0.89841796  0.00845901  
620         0.81040000  0.89827600  0.00844655  
621         0.95228000  0.89836296  0.00843338  
622         0.88340000  0.89833891  0.00841985  
623         0.90472000  0.89834915  0.00840633  
624         0.99856000  0.89850974  0.00839438  
625         0.99564000  0.89866515  0.00838238  
626         0.90328000  0.89867252  0.00836898  
627         0.99768000  0.89883043  0.00835712  
628         0.94896000  0.89891025  0.00834418  
629         0.82192000  0.89878785  0.00833180  
630         0.60632000  0.89832362  0.00833151  
631         0.95468000  0.89841293  0.00831877  
632         0.80336000  0.89826253  0.00830696  
633         0.99780000  0.89841978  0.00829532  
634         0.97628000  0.89854259  0.00828314  
635         0.83452000  0.89844176  0.00827070  
636         0.95256000  0.89852686  0.00825812  
637         0.88464000  0.89850505  0.00824517  
638         0.98064000  0.89863379  0.00823325  
639         0.98156000  0.89876357  0.00822138  
640         0.96536000  0.89886763  0.00820918  
641         0.99056000  0.89901067  0.00819761  
642         0.98732000  0.89914822  0.00818599  
643         0.93612000  0.89920572  0.00817345  
644         0.99712000  0.89935776  0.00816217  
645         0.98976000  0.89949792  0.00815071  
646         0.50152000  0.89888186  0.00816136  
647         0.99752000  0.89903431  0.00815017  
648         0.81780000  0.89890895  0.00813854  
649         0.99628000  0.89905898  0.00812738  
650         0.86352000  0.89900431  0.00811505  
651         0.85204000  0.89893217  0.00810290  
652         0.99936000  0.89908620  0.00809193  
653         0.94336000  0.89915400  0.00807981  
654         0.70824000  0.89886208  0.00807272  
655         0.99056000  0.89900208  0.00806161  
656         0.99144000  0.89914299  0.00805054  
657         0.97396000  0.89925686  0.00803908  
658         0.95604000  0.89934316  0.00802732  
659         0.99736000  0.89949190  0.00801651  
660         0.96176000  0.89958624  0.00800491  
661         0.99776000  0.89973477  0.00799417  
662         0.93912000  0.89979426  0.00798231  
663         0.98648000  0.89992501  0.00797133  
664         0.85052000  0.89985060  0.00795967  
665         -0.83980000 0.89723459  0.00836716  
666         -0.99740000 0.89438979  0.00882564  
667         -0.29572000 0.89260552  0.00899122  
668         0.60420000  0.89217377  0.00898812  
669         0.97236000  0.89229363  0.00897548  
670         0.94780000  0.89237648  0.00896245  
671         0.99672000  0.89253198  0.00895044  
672         0.98656000  0.89267190  0.00893820  
673         0.58640000  0.89221682  0.00893651  
674         0.97064000  0.89233318  0.00892400  
675         0.98444000  0.89246963  0.00891181  
676         0.98728000  0.89260988  0.00889972  
677         0.95900000  0.89270795  0.00888711  
678         0.99448000  0.89285805  0.00887526  
679         0.98604000  0.89299529  0.00886324  
680         0.95720000  0.89308971  0.00885070  
681         0.99452000  0.89323865  0.00883895  
682         0.99620000  0.89338962  0.00882727  
683         0.94244000  0.89346143  0.00881463  
684         0.73988000  0.89323690  0.00880460  
685         0.99884000  0.89339107  0.00879309  
686         0.98924000  0.89353079  0.00878137  
687         0.95960000  0.89362696  0.00876911  
688         0.99244000  0.89377058  0.00875753  
689         0.92844000  0.89382090  0.00874496  
690         0.99492000  0.89396742  0.00873350  
691         0.99608000  0.89411520  0.00872211  
692         0.98776000  0.89425052  0.00871054  
693         0.99344000  0.89439365  0.00869914  
694         0.94720000  0.89446974  0.00868693  
695         0.93336000  0.89452570  0.00867461  
696         0.92716000  0.89457259  0.00866226  
697         0.95576000  0.89466037  0.00865027  
698         0.99192000  0.89479971  0.00863899  
699         0.98952000  0.89493522  0.00862769  
700         0.96548000  0.89503600  0.00861594  
701         0.96900000  0.89514151  0.00860429  
702         0.53932000  0.89463464  0.00860696  
703         0.92908000  0.89468364  0.00859485  
704         0.99204000  0.89482193  0.00858375  
705         0.88780000  0.89481197  0.00857157  
706         -0.63756000 0.89264147  0.00883033  
707         -0.13540000 0.89118738  0.00893692  
708         0.92416000  0.89123395  0.00892441  
709         0.99780000  0.89138426  0.00891308  
710         0.97264000  0.89149870  0.00890125  
711         0.61948000  0.89111612  0.00889695  
712         0.98912000  0.89125376  0.00888552  
713         0.99892000  0.89140477  0.00887433  
714         0.82340000  0.89130952  0.00886240  
715         0.85788000  0.89126277  0.00885012  
716         0.95200000  0.89134760  0.00883816  
717         0.97728000  0.89146745  0.00882664  
718         0.99492000  0.89161153  0.00881552  
719         0.98660000  0.89174364  0.00880424  
720         0.99248000  0.89188356  0.00879311  
721         0.76212000  0.89170358  0.00878275  
722         0.96732000  0.89180831  0.00877121  
723         0.97464000  0.89192288  0.00875982  
724         0.97356000  0.89203564  0.00874843  
725         -0.08908000 0.89068237  0.00884055  
726         -0.98584000 0.88809763  0.00919896  
727         0.28972000  0.88727455  0.00922310  
728         0.99784000  0.88742643  0.00921167  
729         0.96664000  0.88753509  0.00919967  
730         0.98888000  0.88767392  0.00918811  
731         0.14784000  0.88666183  0.00923118  
732         -0.20612000 0.88516896  0.00933866  
733         0.89404000  0.88518106  0.00932592  
734         0.94968000  0.88526894  0.00931362  
735         0.99624000  0.88541992  0.00930216  
736         0.98908000  0.88556076  0.00929058  
737         0.94428000  0.88564043  0.00927831  
738         0.99692000  0.88579122  0.00926695  
739         0.99520000  0.88593927  0.00925559  
740         0.98080000  0.88606746  0.00924396  
741         0.96852000  0.88617873  0.00923215  
742         0.99296000  0.88632264  0.00922082  
743         0.99436000  0.88646805  0.00920955  
744         0.99184000  0.88660968  0.00919826  
745         0.98792000  0.88674566  0.00918691  
746         0.99932000  0.88689657  0.00917582  
747         0.99840000  0.88704584  0.00916475  
748         0.98620000  0.88717840  0.00915345  
749         0.99572000  0.88732331  0.00914237  
750         0.98844000  0.88745813  0.00913117  
751         0.92372000  0.88750642  0.00911913  
752         0.93256000  0.88756633  0.00910719  
753         0.91300000  0.88760011  0.00909515  
754         0.93068000  0.88765724  0.00908326  
755         0.52416000  0.88717579  0.00908399  
756         0.82760000  0.88709698  0.00907231  
757         0.97212000  0.88720930  0.00906101  
758         0.99868000  0.88735636  0.00905024  
759         0.96528000  0.88745903  0.00903889  
760         0.99652000  0.88760253  0.00902813  
761         0.97904000  0.88772268  0.00901706  
762         0.99164000  0.88785906  0.00900625  
763         0.96192000  0.88795612  0.00899497  
764         0.97664000  0.88807220  0.00898393  
765         0.60900000  0.88770740  0.00897960  
766         0.65144000  0.88739896  0.00897317  
767         0.99016000  0.88753293  0.00896246  
768         0.98644000  0.88766172  0.00895171  
769         0.99844000  0.88780577  0.00894122  
770         0.98376000  0.88793039  0.00893047  
771         0.99848000  0.88807377  0.00892004  
772         0.87644000  0.88805870  0.00890849  
773         0.99956000  0.88820295  0.00889812  
774         0.95668000  0.88829142  0.00888706  
775         0.99456000  0.88842854  0.00887665  
776         0.97304000  0.88853758  0.00886587  
777         0.98848000  0.88866620  0.00885539  
778         0.99952000  0.88880869  0.00884514  
779         0.97852000  0.88892385  0.00883453  
780         0.99204000  0.88905605  0.00882419  
781         0.98716000  0.88918166  0.00881378  
782         0.98652000  0.88930614  0.00880338  
783         0.88968000  0.88930662  0.00879213  
784         0.89252000  0.88931071  0.00878091  
785         0.95348000  0.88939246  0.00877010  
786         0.96312000  0.88948626  0.00875944  
787         0.97484000  0.88959471  0.00874897  
788         0.98976000  0.88972183  0.00873879  
789         0.92080000  0.88976122  0.00872779  
790         0.99456000  0.88989387  0.00871775  
791         0.93424000  0.88994994  0.00870690  
792         0.98736000  0.89007293  0.00869677  
793         0.89272000  0.89007627  0.00868579  
794         0.99144000  0.89020393  0.00867579  
795         0.99704000  0.89033831  0.00866591  
796         0.99976000  0.89047578  0.00865611  
797         0.95028000  0.89055082  0.00864557  
798         0.99492000  0.89068160  0.00863572  
799         0.99928000  0.89081752  0.00862597  
800         0.95784000  0.89090130  0.00861559  
801         0.93808000  0.89096020  0.00860503  
802         0.58068000  0.89057332  0.00860300  
803         0.99612000  0.89070476  0.00859328  
804         0.90944000  0.89072806  0.00858262  
805         0.88980000  0.89072691  0.00857195  
806         0.83144000  0.89065335  0.00856162  
807         0.97744000  0.89076089  0.00855168  
808         0.98592000  0.89087866  0.00854191  
809         0.98740000  0.89099797  0.00853217  
810         0.61720000  0.89065995  0.00852834  
811         0.97656000  0.89076587  0.00851847  
812         0.89788000  0.89077463  0.00850798  
813         0.99108000  0.89089801  0.00849840  
814         0.96592000  0.89099017  0.00848846  
815         0.99800000  0.89112147  0.00847905  
816         0.99968000  0.89125451  0.00846970  
817         0.98800000  0.89137293  0.00846016  
818         0.85144000  0.89132411  0.00844995  
819         0.65940000  0.89104093  0.00844437  
820         0.88120000  0.89102893  0.00843408  
821         0.81052000  0.89093086  0.00842437  
822         0.98832000  0.89104934  0.00841495  
823         0.99132000  0.89117118  0.00840560  
824         0.99960000  0.89130277  0.00839642  
825         0.99248000  0.89142541  0.00838714  
826         0.99468000  0.89155041  0.00837791  
827         0.92532000  0.89159125  0.00836787  
828         0.83432000  0.89152208  0.00835805  
829         0.99668000  0.89164893  0.00834892  
830         0.97228000  0.89174607  0.00833942  
831         0.98548000  0.89185887  0.00833015  
832         0.80984000  0.89176029  0.00832071  
833         0.99112000  0.89187957  0.00831157  
834         0.99668000  0.89200523  0.00830255  
835         0.99852000  0.89213279  0.00829358  
836         0.99868000  0.89226024  0.00828464  
837         0.98128000  0.89236659  0.00827542  
838         0.98348000  0.89247532  0.00826625  
839         0.99880000  0.89260205  0.00825737  
840         0.99212000  0.89272052  0.00824838  
841         0.98704000  0.89283268  0.00823933  
842         0.97396000  0.89292903  0.00823010  
843         0.98196000  0.89303464  0.00822101  
844         0.91740000  0.89306351  0.00821132  
845         0.98960000  0.89317775  0.00820239  
846         0.87240000  0.89315319  0.00819272  
847         0.05764000  0.89216675  0.00824229  
848         -0.45940000 0.89057292  0.00838543  
849         0.62276000  0.89025748  0.00838148  
850         0.98220000  0.89036565  0.00837231  
851         0.98112000  0.89047229  0.00836315  
852         0.83372000  0.89040568  0.00835359  
853         0.98400000  0.89051540  0.00834452  
854         0.98340000  0.89062417  0.00833545  
855         0.76740000  0.89048005  0.00832694  
856         0.92968000  0.89052584  0.00831733  
857         0.99928000  0.89065274  0.00830859  
858         0.83904000  0.89059259  0.00829912  
859         0.99188000  0.89071050  0.00829029  
860         0.92564000  0.89075112  0.00828075  
861         0.96436000  0.89083661  0.00827157  
862         0.99928000  0.89096241  0.00826292  
863         0.93588000  0.89101446  0.00825351  
864         0.97944000  0.89111681  0.00824458  
865         0.99140000  0.89123274  0.00823586  
866         0.94736000  0.89129755  0.00822660  
867         0.90804000  0.89131686  0.00821713  
868         0.94112000  0.89137424  0.00820786  
869         0.94868000  0.89144018  0.00819867  
870         0.98356000  0.89154607  0.00818993  
871         0.90244000  0.89155858  0.00818053  
872         0.98196000  0.89166225  0.00817180  
873         0.80380000  0.89156160  0.00816306  
874         0.98336000  0.89166664  0.00815439  
875         0.53916000  0.89126377  0.00815502  
876         0.76312000  0.89111749  0.00814702  
877         0.95004000  0.89118468  0.00813800  
878         0.98728000  0.89129412  0.00812946  
879         0.88548000  0.89128751  0.00812021  
880         0.99824000  0.89140905  0.00811189  
881         0.84312000  0.89135423  0.00810286  
882         0.86076000  0.89131955  0.00809374  
883         0.91536000  0.89134677  0.00808462  
884         0.99752000  0.89146688  0.00807636  
885         0.72784000  0.89128199  0.00806935  
886         0.64504000  0.89100406  0.00806503  
887         0.47472000  0.89053475  0.00806959  
888         0.99580000  0.89065329  0.00806137  
889         0.99500000  0.89077066  0.00805315  
890         0.97548000  0.89086584  0.00804466  
891         0.98148000  0.89096754  0.00803627  
892         0.99688000  0.89108628  0.00802813  
893         0.99392000  0.89120143  0.00801996  
894         0.97984000  0.89130058  0.00801160  
895         0.99508000  0.89141654  0.00800348  
896         0.98132000  0.89151687  0.00799518  
897         0.97236000  0.89160700  0.00798677  
898         0.99340000  0.89172036  0.00797867  
899         0.29756000  0.89105944  0.00799715  
900         0.89848000  0.89106769  0.00798826  
901         0.99664000  0.89118486  0.00798025  
902         0.95940000  0.89126049  0.00797176  
903         0.92564000  0.89129856  0.00796302  
904         0.99976000  0.89141854  0.00795511  
905         0.97568000  0.89151165  0.00794686  
906         0.70308000  0.89130366  0.00794081  
907         0.99728000  0.89142051  0.00793291  
908         0.81048000  0.89133137  0.00792467  
909         0.79548000  0.89122592  0.00791665  
910         0.99444000  0.89133934  0.00790876  
911         0.99320000  0.89145115  0.00790086  
912         0.91420000  0.89147610  0.00789223  
913         0.94496000  0.89153468  0.00788380  
914         0.94816000  0.89159663  0.00787541  
915         0.95900000  0.89167030  0.00786715  
916         0.90052000  0.89167996  0.00785856  
917         0.99216000  0.89178953  0.00785075  
918         0.99148000  0.89189813  0.00784295  
919         0.97408000  0.89198755  0.00783492  
920         0.99452000  0.89209900  0.00782719  
921         0.68952000  0.89187904  0.00782178  
922         0.76228000  0.89173848  0.00781456  
923         0.94056000  0.89179138  0.00780626  
924         0.78880000  0.89167991  0.00779861  
925         0.99048000  0.89178672  0.00779090  
926         0.98392000  0.89188622  0.00778312  
927         0.93600000  0.89193381  0.00777487  
928         0.98080000  0.89202957  0.00776708  
929         0.99716000  0.89214273  0.00775954  
930         0.99804000  0.89225660  0.00775202  
931         0.99272000  0.89236451  0.00774444  
932         0.99404000  0.89247361  0.00773690  
933         0.99908000  0.89258787  0.00772945  
934         0.98732000  0.89268929  0.00772183  
935         0.99444000  0.89279812  0.00771434  
936         0.95476000  0.89286432  0.00770638  
937         0.99740000  0.89297588  0.00769896  
938         0.87116000  0.89295262  0.00769078  
939         0.70252000  0.89274982  0.00768526  
940         0.83400000  0.89268732  0.00767733  
941         0.90344000  0.89269875  0.00766918  
942         0.94580000  0.89275512  0.00766124  
943         0.98976000  0.89285799  0.00765380  
944         0.99228000  0.89296331  0.00764642  
945         0.99856000  0.89307505  0.00763914  
946         0.93088000  0.89311501  0.00763116  
947         0.97816000  0.89320482  0.00762363  
948         0.99040000  0.89330734  0.00761627  
949         0.99752000  0.89341715  0.00760904  
950         0.99656000  0.89352573  0.00760180  
951         0.96928000  0.89360538  0.00759422  
952         0.98148000  0.89369769  0.00758680  
953         0.99880000  0.89380797  0.00757964  
954         0.94976000  0.89386662  0.00757191  
955         0.99396000  0.89397143  0.00756471  
956         0.88752000  0.89396469  0.00755679  
957         0.39768000  0.89344610  0.00756668  
958         0.99588000  0.89355303  0.00755954  
959         0.82736000  0.89348400  0.00755197  
960         0.96880000  0.89356246  0.00754450  
961         0.95584000  0.89362726  0.00753693  
962         0.92244000  0.89365721  0.00752915  
963         0.43444000  0.89318035  0.00753643  
964         0.66328000  0.89294187  0.00753238  
965         0.99860000  0.89305136  0.00752537  
966         0.99200000  0.89315379  0.00751827  
967         0.96980000  0.89323305  0.00751091  
968         0.84636000  0.89318463  0.00750331  
969         0.95552000  0.89324896  0.00749583  
970         0.97532000  0.89333357  0.00748858  
971         0.76316000  0.89319951  0.00748207  
972         0.99540000  0.89330465  0.00747510  
973         0.99216000  0.89340625  0.00746811  
974         0.94256000  0.89345671  0.00746061  
975         0.97928000  0.89354474  0.00745347  
976         0.99288000  0.89364652  0.00744653  
977         -0.72252000 0.89199230  0.00762061  
978         0.05752000  0.89113906  0.00766048  
979         0.99088000  0.89124094  0.00765333  
980         0.97544000  0.89132686  0.00764600  
981         0.94896000  0.89138561  0.00763842  
982         0.99500000  0.89149112  0.00763137  
983         0.99196000  0.89159333  0.00762429  
984         0.98460000  0.89168785  0.00761712  
985         0.99020000  0.89178786  0.00761004  
986         0.99816000  0.89189574  0.00760309  
987         0.99156000  0.89199672  0.00759605  
988         0.95032000  0.89205575  0.00758859  
989         0.99420000  0.89215903  0.00758162  
990         0.98196000  0.89224974  0.00757450  
991         0.99540000  0.89235382  0.00756757  
992         0.54012000  0.89199875  0.00756827  
993         0.99160000  0.89209905  0.00756131  
994         0.89588000  0.89210286  0.00755370  
995         0.97092000  0.89218207  0.00754652  
996         0.97944000  0.89226968  0.00753945  
997         0.96124000  0.89233886  0.00753220  
998         0.92060000  0.89236717  0.00752470  
999         0.95332000  0.89242819  0.00751741  
1000        0.99236000  0.89252812  0.00751055  
1001        0.92816000  0.89256372  0.00750313  
1002        0.99416000  0.89266511  0.00749633  
1003        0.99236000  0.89276451  0.00748951  
1004        0.99324000  0.89286458  0.00748271  
1005        0.97588000  0.89294718  0.00747572  
1006        0.99240000  0.89304604  0.00746894  
1007        0.98152000  0.89313390  0.00746204  
1008        0.99368000  0.89323365  0.00745530  
1009        0.95600000  0.89329586  0.00744817  
1010        0.98364000  0.89338531  0.00744132  
1011        0.96392000  0.89345507  0.00743429  
1012        0.99916000  0.89355953  0.00742767  
1013        0.99332000  0.89365801  0.00742099  
1014        0.99224000  0.89375523  0.00741431  
1015        0.91512000  0.89377628  0.00740703  
1016        0.82236000  0.89370598  0.00740007  
1017        0.81820000  0.89363174  0.00739316  
1018        0.98004000  0.89371662  0.00738638  
1019        0.94892000  0.89377079  0.00737933  
1020        0.61704000  0.89349949  0.00737708  
1021        -0.67876000 0.89195957  0.00752902  
1022        0.54820000  0.89162321  0.00752916  
1023        0.96184000  0.89169185  0.00752211  
1024        0.96504000  0.89176348  0.00751510  
1025        0.83040000  0.89170361  0.00750801  
1026        0.98052000  0.89179018  0.00750119  
1027        0.99460000  0.89189028  0.00749455  
1028        0.99384000  0.89198946  0.00748791  
1029        0.99932000  0.89209376  0.00748136  
1030        0.99664000  0.89219526  0.00747478  
1031        0.87488000  0.89217847  0.00746754  
1032        0.98624000  0.89226961  0.00746086  
1033        0.97404000  0.89234877  0.00745405  
1034        0.89476000  0.89235110  0.00744684  
1035        -0.76292000 0.89075181  0.00760960  
1036        0.75820000  0.89062386  0.00760333  
1037        0.99872000  0.89072810  0.00759671  
1038        0.99460000  0.89082817  0.00759005  
1039        0.99568000  0.89092909  0.00758341  
1040        0.28436000  0.89034585  0.00759853  
1041        0.99916000  0.89045037  0.00759195  
1042        0.69664000  0.89026438  0.00758694  
1043        0.98848000  0.89035854  0.00758025  
1044        0.91940000  0.89038636  0.00757303  
1045        0.92172000  0.89041634  0.00756584  
1046        0.95928000  0.89048218  0.00755889  
1047        0.96676000  0.89055503  0.00755202  
1048        0.94336000  0.89060542  0.00754498  
1049        0.92472000  0.89063794  0.00753785  
1050        0.99960000  0.89074171  0.00753139  
1051        0.99456000  0.89084049  0.00752487  
1052        0.99052000  0.89093525  0.00751831  
1053        0.98908000  0.89102845  0.00751174  
1054        0.97924000  0.89111214  0.00750508  
1055        0.97800000  0.89119450  0.00749841  
1056        0.98980000  0.89128788  0.00749189  
1057        0.65280000  0.89106225  0.00748820  
1058        0.98560000  0.89115161  0.00748165  
1059        0.99600000  0.89125061  0.00747524  
1060        0.96208000  0.89131743  0.00746848  
1061        0.99952000  0.89141942  0.00746214  
1062        0.98776000  0.89151013  0.00745566  
1063        0.99496000  0.89160745  0.00744928  
1064        0.96564000  0.89167703  0.00744260  
1065        0.97448000  0.89175478  0.00743601  
1066        0.99412000  0.89185081  0.00742966  
1067        0.99580000  0.89194823  0.00742333  
1068        0.75828000  0.89182307  0.00741743  
1069        0.79736000  0.89173471  0.00741102  
1070        0.56036000  0.89142501  0.00741056  
1071        0.99400000  0.89152078  0.00740426  
1072        0.99640000  0.89161862  0.00739799  
1073        0.97544000  0.89169674  0.00739151  
1074        0.74264000  0.89155795  0.00738593  
1075        0.96476000  0.89162605  0.00737937  
1076        0.57216000  0.89132914  0.00737848  
1077        0.99728000  0.89142752  0.00737228  
1078        0.97412000  0.89150423  0.00736584  
1079        0.85208000  0.89146769  0.00735910  
1080        0.81132000  0.89139348  0.00735266  
1081        0.99664000  0.89149084  0.00734650  
1082        0.88616000  0.89148591  0.00733971  
1083        0.98824000  0.89157525  0.00733347  
1084        0.26180000  0.89099428  0.00734970  
1085        0.97568000  0.89107233  0.00734334  
1086        0.99228000  0.89116552  0.00733717  
1087        0.98244000  0.89124949  0.00733090  
1088        0.98036000  0.89133140  0.00732461  
1089        0.98408000  0.89141657  0.00731838  
1090        0.97876000  0.89149670  0.00731210  
1091        0.91412000  0.89151743  0.00730543  
1092        0.99000000  0.89160762  0.00729929  
1093        0.93836000  0.89165039  0.00729273  
1094        0.98676000  0.89173733  0.00728658  
1095        0.98336000  0.89182100  0.00728041  
1096        0.88192000  0.89181197  0.00727377  
1097        0.93428000  0.89185068  0.00726724  
1098        0.99900000  0.89194827  0.00726127  
1099        0.32552000  0.89143287  0.00727295  
1100        -0.95160000 0.88975738  0.00745700  
1101        -0.08304000 0.88887382  0.00750243  
1102        0.99116000  0.88896664  0.00749619  
1103        0.88836000  0.88896609  0.00748940  
1104        0.94880000  0.88902029  0.00748280  
1105        0.97672000  0.88909966  0.00747645  
1106        0.53564000  0.88878007  0.00747652  
1107        0.97548000  0.88885839  0.00747018  
1108        0.92132000  0.88888769  0.00746349  
1109        -0.00004000 0.88808613  0.00749971  
1110        0.92404000  0.88811852  0.00749302  
1111        0.97004000  0.88819226  0.00748664  
1112        0.57336000  0.88790914  0.00748526  
1113        0.97928000  0.88799123  0.00747898  
1114        0.99940000  0.88809124  0.00747293  
1115        0.89276000  0.88809543  0.00746623  
1116        0.99980000  0.88819552  0.00746021  
1117        0.91948000  0.88822353  0.00745358  
1118        0.42776000  0.88781166  0.00745829  
1119        0.89676000  0.88781966  0.00745163  
1120        0.97984000  0.88790182  0.00744542  
1121        0.99792000  0.88799996  0.00743943  
1122        0.73692000  0.88786531  0.00743401  
1123        0.99780000  0.88796321  0.00742803  
1124        0.47040000  0.88759171  0.00743072  
1125        0.94840000  0.88764576  0.00742430  
1126        0.74028000  0.88751488  0.00741886  
1127        0.98304000  0.88759965  0.00741276  
1128        0.75176000  0.88747922  0.00740717  
1129        0.95588000  0.88753981  0.00740085  
1130        0.99616000  0.88763593  0.00739492  
1131        0.98064000  0.88771816  0.00738884  
1132        0.99816000  0.88781572  0.00738295  
1133        0.93936000  0.88786122  0.00737657  
1134        0.97816000  0.88794085  0.00737050  
1135        0.99392000  0.88803422  0.00736459  
1136        0.96084000  0.88809831  0.00735838  
1137        0.99664000  0.88819377  0.00735253  
1138        0.99240000  0.88828534  0.00734664  
1139        0.99920000  0.88838272  0.00734083  
1140        0.86736000  0.88836428  0.00733441  
1141        0.99028000  0.88845360  0.00732852  
1142        0.94488000  0.88850301  0.00732227  
1143        0.99680000  0.88859776  0.00731648  
1144        0.93464000  0.88863801  0.00731019  
1145        0.66832000  0.88844559  0.00730633  
1146        0.81136000  0.88837832  0.00730027  
1147        0.90644000  0.88839407  0.00729392  
1148        0.98112000  0.88847484  0.00728801  
1149        0.93580000  0.88851603  0.00728178  
1150        0.94644000  0.88856640  0.00727562  
1151        0.98044000  0.88864622  0.00726973  
1152        0.99608000  0.88873948  0.00726402  
1153        0.97748000  0.88881644  0.00725812  
1154        0.99280000  0.88890655  0.00725239  
1155        0.96732000  0.88897444  0.00724643  
1156        0.80484000  0.88890166  0.00724052  
1157        0.98948000  0.88898859  0.00723478  
1158        0.78212000  0.88889630  0.00722912  
1159        0.96584000  0.88896269  0.00722319  
1160        0.91816000  0.88898786  0.00721700  
1161        0.98144000  0.88906749  0.00721122  
1162        0.38384000  0.88863270  0.00721812  
1163        0.73216000  0.88849816  0.00721317  
1164        0.98920000  0.88858467  0.00720749  
1165        0.98424000  0.88866678  0.00720176  
1166        0.99720000  0.88875986  0.00719619  
1167        0.92868000  0.88879407  0.00719010  
1168        0.96416000  0.88885860  0.00718423  
1169        0.99624000  0.88895045  0.00717867  
1170        0.99816000  0.88904379  0.00717314  
1171        0.97080000  0.88911361  0.00716735  
1172        0.99856000  0.88920700  0.00716184  
1173        0.99868000  0.88930032  0.00715634  
1174        0.99644000  0.88939158  0.00715083  
1175        0.97392000  0.88946352  0.00714510  
1176        0.99200000  0.88955071  0.00713955  
1177        0.93880000  0.88959256  0.00713361  
1178        0.94500000  0.88963959  0.00712771  
1179        0.88788000  0.88963810  0.00712166  
1180        0.96900000  0.88970536  0.00711594  
1181        0.99292000  0.88979275  0.00711045  
1182        0.99440000  0.88988125  0.00710498  
1183        0.99376000  0.88996906  0.00709951  
1184        0.99884000  0.89006101  0.00709411  
1185        0.98836000  0.89014397  0.00708861  
1186        0.97800000  0.89021804  0.00708302  
1187        0.97956000  0.89029331  0.00707745  
1188        0.96780000  0.89035855  0.00707179  
1189        0.98244000  0.89043600  0.00706626  
1190        0.97656000  0.89050837  0.00706069  
1191        0.99044000  0.89059228  0.00705526  
1192        0.96400000  0.89065386  0.00704961  
1193        0.80460000  0.89058173  0.00704407  
1194        0.98812000  0.89066342  0.00703864  
1195        0.99888000  0.89075397  0.00703333  
1196        0.99584000  0.89084184  0.00702799  
1197        0.96972000  0.89090774  0.00702243  
1198        0.73396000  0.89077673  0.00701779  
1199        0.74072000  0.89065158  0.00701305  
1200        0.46912000  0.89030030  0.00701600  
1201        0.98976000  0.89038311  0.00701065  
1202        0.98400000  0.89046100  0.00700524  
1203        0.98716000  0.89054138  0.00699988  
1204        0.98224000  0.89061754  0.00699448  
1205        0.97376000  0.89068654  0.00698901  
1206        0.99880000  0.89077619  0.00698379  
1207        0.66868000  0.89059218  0.00698043  
1208        0.76812000  0.89049079  0.00697538  
1209        0.99452000  0.89057684  0.00697014  
1210        0.97804000  0.89064912  0.00696476  
1211        0.99260000  0.89073331  0.00695951  
1212        0.96336000  0.89079323  0.00695402  
1213        0.98656000  0.89087218  0.00694874  
1214        0.97264000  0.89093954  0.00694334  
1215        0.70932000  0.89079006  0.00693923  
1216        0.33260000  0.89033102  0.00694870  
1217        -0.95112000 0.88881791  0.00710595  
1218        -0.99288000 0.88727300  0.00726625  
1219        -0.73976000 0.88593828  0.00738196  
1220        0.94304000  0.88598508  0.00737605  
1221        0.95412000  0.88604088  0.00737022  
1222        0.96428000  0.88610491  0.00736446  
1223        0.93880000  0.88614800  0.00735857  
1224        0.57824000  0.88589644  0.00735685  
1225        0.85916000  0.88587461  0.00735088  
1226        0.99008000  0.88595961  0.00734537  
1227        0.99772000  0.88605069  0.00733995  
1228        0.98840000  0.88613404  0.00733444  
1229        0.98676000  0.88621592  0.00732893  
1230        0.50820000  0.88590859  0.00732941  
1231        0.90924000  0.88592754  0.00732348  
1232        0.93996000  0.88597140  0.00731767  
1233        0.97628000  0.88604464  0.00731210  
1234        0.96280000  0.88610684  0.00730643  
1235        0.98844000  0.88618970  0.00730099  
1236        0.95596000  0.88624615  0.00729529  
1237        0.85580000  0.88622154  0.00728944  
1238        0.83844000  0.88618294  0.00728365  
1239        0.70492000  0.88603664  0.00727924  
1240        0.98300000  0.88611484  0.00727379  
1241        0.99540000  0.88620290  0.00726845  
1242        0.83276000  0.88615987  0.00726273  
1243        0.99900000  0.88625065  0.00725745  
1244        0.22392000  0.88571823  0.00727113  
1245        0.70208000  0.88557073  0.00726679  
1246        0.91280000  0.88559258  0.00726099  
1247        -0.91548000 0.88414826  0.00739753  
1248        -0.98492000 0.88265061  0.00754180  
1249        0.38164000  0.88224948  0.00754642  
1250        0.98660000  0.88233296  0.00754085  
1251        0.99932000  0.88242647  0.00753540  
1252        0.99948000  0.88251997  0.00752996  
1253        0.99740000  0.88261165  0.00752450  
1254        0.96896000  0.88268051  0.00751882  
1255        0.94648000  0.88273135  0.00751299  
1256        0.88656000  0.88273439  0.00750701  
1257        0.96968000  0.88280356  0.00750135  
1258        0.99276000  0.88289097  0.00749590  
1259        0.96820000  0.88295873  0.00749025  
1260        0.99252000  0.88304568  0.00748481  
1261        0.99168000  0.88313183  0.00747937  
1262        0.98864000  0.88321544  0.00747390  
1263        0.98524000  0.88329622  0.00746842  
1264        0.98040000  0.88337304  0.00746291  
1265        0.95128000  0.88342672  0.00745720  
1266        0.66908000  0.88325741  0.00745323  
1267        0.97536000  0.88333010  0.00744770  
1268        0.98368000  0.88340924  0.00744224  
1269        0.99324000  0.88349579  0.00743688  
1270        0.95100000  0.88354894  0.00743121  
1271        0.98292000  0.88362713  0.00742577  
1272        0.98708000  0.88370846  0.00742038  
1273        0.98104000  0.88378492  0.00741494  
1274        0.98820000  0.88386688  0.00740957  
1275        0.56516000  0.88361691  0.00740798  
1276        0.56868000  0.88337009  0.00740628  
1277        0.52644000  0.88309059  0.00740576  
1278        0.97504000  0.88316254  0.00740031  
1279        0.96200000  0.88322418  0.00739478  
1280        0.98128000  0.88330078  0.00738940  
1281        0.62128000  0.88309624  0.00738646  
1282        0.99768000  0.88318562  0.00738124  
1283        0.68508000  0.88303121  0.00737710  
1284        0.03280000  0.88236903  0.00740103  
1285        0.97648000  0.88244227  0.00739563  
1286        0.98844000  0.88252470  0.00739034  
1287        0.99416000  0.88261144  0.00738510  
1288        0.99504000  0.88269873  0.00737988  
1289        0.98228000  0.88277598  0.00737456  
1290        0.97912000  0.88285067  0.00736922  
1291        0.98208000  0.88292753  0.00736391  
1292        0.99100000  0.88301118  0.00735869  
1293        0.99628000  0.88309878  0.00735351  
1294        0.99316000  0.88318383  0.00734832  
1295        0.85284000  0.88316040  0.00734268  
1296        0.94216000  0.88320593  0.00733715  
1297        0.92432000  0.88323763  0.00733156  
1298        0.98704000  0.88331760  0.00732635  
1299        0.96700000  0.88338202  0.00732099  
1300        0.87692000  0.88337705  0.00731536  
1301        0.99080000  0.88345962  0.00731020  
1302        0.95212000  0.88351235  0.00730477  
1303        0.97692000  0.88358404  0.00729952  
1304        0.99396000  0.88366868  0.00729441  
1305        0.99836000  0.88375657  0.00728935  
1306        0.99700000  0.88384328  0.00728428  
1307        0.93428000  0.88388187  0.00727881  
1308        -0.60380000 0.88274450  0.00736163  
1309        -0.22952000 0.88189479  0.00740492  
1310        0.99504000  0.88198116  0.00739977  
1311        0.93116000  0.88201867  0.00739422  
1312        0.99304000  0.88210329  0.00738906  
1313        0.74868000  0.88200168  0.00738413  
1314        0.88620000  0.88200487  0.00737851  
1315        0.84124000  0.88197387  0.00737296  
1316        0.97168000  0.88204204  0.00736767  
1317        0.98676000  0.88212155  0.00736251  
1318        0.95336000  0.88217560  0.00735712  
1319        0.98424000  0.88225298  0.00735195  
1320        0.99620000  0.88233930  0.00734688  
1321        0.98064000  0.88241372  0.00734169  
1322        0.99216000  0.88249673  0.00733661  
1323        0.97100000  0.88256363  0.00733137  
1324        0.97204000  0.88263121  0.00732614  
1325        0.98276000  0.88270678  0.00732100  
1326        0.97284000  0.88277475  0.00731579  
1327        0.97868000  0.88284702  0.00731063  
1328        0.99632000  0.88293247  0.00730562  
1329        0.98728000  0.88301099  0.00730055  
1330        0.99688000  0.88309660  0.00729556  
1331        0.89548000  0.88310591  0.00729008  
1332        0.97496000  0.88317486  0.00728493  
1333        0.98160000  0.88324870  0.00727984  
1334        0.97732000  0.88331922  0.00727472  
1335        0.99856000  0.88340554  0.00726978  
1336        0.88888000  0.88340964  0.00726434  
1337        0.88080000  0.88340769  0.00725891  
1338        0.98452000  0.88348326  0.00725387  
1339        0.99632000  0.88356753  0.00724894  
1340        0.97976000  0.88363931  0.00724389  
1341        0.94504000  0.88368510  0.00723863  
1342        0.95968000  0.88374173  0.00723345  
1343        0.97816000  0.88381203  0.00722841  
1344        0.98908000  0.88389036  0.00722345  
1345        0.69832000  0.88375239  0.00721940  
1346        0.93640000  0.88379150  0.00721414  
1347        0.98528000  0.88386684  0.00720917  
1348        0.97924000  0.88393760  0.00720417  
1349        0.97908000  0.88400812  0.00719918  
1350        0.83720000  0.88397345  0.00719392  
1351        0.99588000  0.88405628  0.00718907  
1352        0.99440000  0.88413790  0.00718422  
1353        0.98524000  0.88421262  0.00717930  
1354        0.98788000  0.88428919  0.00717440  
1355        0.99244000  0.88436900  0.00716955  
1356        0.99920000  0.88445369  0.00716476  
1357        0.99756000  0.88453704  0.00715996  
1358        0.97892000  0.88460654  0.00715503  
1359        0.91916000  0.88463196  0.00714980  
1360        0.96816000  0.88469338  0.00714481  
1361        0.66016000  0.88452841  0.00714146  
1362        0.86536000  0.88451433  0.00713623  
1363        0.93076000  0.88454826  0.00713107  
1364        0.42136000  0.88420868  0.00713393  
1365        -0.94796000 0.88286643  0.00725397  
1366        0.83884000  0.88283420  0.00724873  
1367        0.99280000  0.88291465  0.00724387  
1368        0.85160000  0.88289175  0.00723861  
1369        0.98496000  0.88296631  0.00723370  
1370        0.86656000  0.88295434  0.00722843  
1371        0.98240000  0.88302687  0.00722352  
1372        0.89068000  0.88303245  0.00721826  
1373        0.99580000  0.88311458  0.00721346  
1374        0.95588000  0.88316754  0.00720841  
1375        0.91328000  0.88318944  0.00720320  
1376        0.30368000  0.88276828  0.00721027  
1377        0.71824000  0.88264880  0.00720602  
1378        0.99160000  0.88272787  0.00720122  
1379        0.87428000  0.88272174  0.00719600  
1380        0.86816000  0.88271119  0.00719079  
1381        0.99580000  0.88279308  0.00718605  
1382        0.99240000  0.88287239  0.00718129  
1383        0.65672000  0.88270886  0.00717796  
1384        0.94108000  0.88275104  0.00717289  
1385        0.95404000  0.88280251  0.00716790  
1386        0.99660000  0.88288462  0.00716319  
1387        0.94444000  0.88292900  0.00715816  
1388        0.96464000  0.88298787  0.00715325  
1389        0.99576000  0.88306906  0.00714856  
1390        0.92424000  0.88309868  0.00714347  
1391        0.98492000  0.88317188  0.00713871  
1392        0.98884000  0.88324779  0.00713399  
1393        0.96636000  0.88330745  0.00712911  
1394        0.99524000  0.88338775  0.00712445  
1395        0.83872000  0.88335573  0.00711941  
1396        0.97452000  0.88342103  0.00711461  
1397        0.99900000  0.88350377  0.00711000  
1398        0.98468000  0.88357614  0.00710528  
1399        0.97016000  0.88363803  0.00710047  
1400        0.99740000  0.88371929  0.00709586  
1401        0.99148000  0.88379620  0.00709121  
1402        0.99556000  0.88387592  0.00708660  
1403        0.98388000  0.88394720  0.00708190  
1404        0.99704000  0.88402775  0.00707732  
1405        0.98836000  0.88410201  0.00707267  
1406        0.95012000  0.88414896  0.00706779  
1407        0.99752000  0.88422954  0.00706322  
1408        0.88668000  0.88423128  0.00705821  
1409        0.97404000  0.88429502  0.00705348  
1410        0.99148000  0.88437104  0.00704889  
1411        0.99844000  0.88445188  0.00704436  
1412        0.99808000  0.88453235  0.00703983  
1413        0.99252000  0.88460878  0.00703526  
1414        0.99208000  0.88468478  0.00703069  
1415        0.95664000  0.88473563  0.00702590  
1416        0.99572000  0.88481401  0.00702138  
1417        0.85348000  0.88479190  0.00701646  
1418        0.97592000  0.88485616  0.00701180  
1419        0.99680000  0.88493505  0.00700730  
1420        0.82860000  0.88489538  0.00700248  
1421        0.96112000  0.88494902  0.00699775  
1422        0.99680000  0.88502768  0.00699327  
1423        0.98844000  0.88510035  0.00698873  
1424        0.59844000  0.88489904  0.00698673  
1425        0.71700000  0.88478122  0.00698281  
1426        0.57760000  0.88456581  0.00698124  
1427        0.98092000  0.88463333  0.00697667  
1428        0.90088000  0.88464471  0.00697180  
1429        0.99412000  0.88472132  0.00696734  
1430        0.99788000  0.88480045  0.00696291  
1431        0.95936000  0.88485255  0.00695824  
1432        0.92860000  0.88488310  0.00695345  
1433        0.98264000  0.88495132  0.00694893  
1434        0.99344000  0.88502697  0.00694449  
1435        0.65352000  0.88486564  0.00694152  
1436        0.99852000  0.88494479  0.00693714  
1437        0.93740000  0.88498129  0.00693241  
1438        0.67736000  0.88483691  0.00692909  
1439        0.41572000  0.88451091  0.00693194  
1440        0.53268000  0.88426658  0.00693143  
1441        0.99544000  0.88434373  0.00692705  
1442        0.98880000  0.88441617  0.00692263  
1443        0.25316000  0.88397871  0.00693165  
1444        0.93696000  0.88401540  0.00692694  
1445        0.98916000  0.88408817  0.00692253  
1446        0.94072000  0.88412733  0.00691785  
1447        0.53932000  0.88388904  0.00691717  
1448        0.90828000  0.88390588  0.00691241  
1449        0.96380000  0.88396102  0.00690786  
1450        0.95328000  0.88400883  0.00690326  
1451        0.99420000  0.88408477  0.00689892  
1452        0.98732000  0.88415587  0.00689453  
1453        0.92260000  0.88418233  0.00688984  
1454        0.95856000  0.88423348  0.00688529  
1455        0.94728000  0.88427681  0.00688069  
1456        0.94484000  0.88431841  0.00687609  
1457        0.42936000  0.88400615  0.00687846  
1458        0.96348000  0.88406066  0.00687396  
1459        0.74468000  0.88396513  0.00686991  
1460        0.96432000  0.88402016  0.00686542  
1461        0.97252000  0.88408074  0.00686099  
1462        0.99616000  0.88415740  0.00685672  
1463        0.99944000  0.88423620  0.00685249  
1464        0.99420000  0.88431131  0.00684822  
1465        -0.67152000 0.88324931  0.00692545  
1466        0.71128000  0.88313201  0.00692172  
1467        0.87544000  0.88312676  0.00691700  
1468        0.99524000  0.88320313  0.00691271  
1469        0.97372000  0.88326475  0.00690828  
1470        0.98968000  0.88333714  0.00690396  
1471        0.97952000  0.88340253  0.00689957  
1472        0.97708000  0.88346617  0.00689518  
1473        0.70932000  0.88334794  0.00689151  
1474        0.75612000  0.88326163  0.00688737  
1475        0.99304000  0.88333605  0.00688310  
1476        0.96296000  0.88339000  0.00687865  
1477        0.93892000  0.88342760  0.00687409  
1478        0.71572000  0.88331413  0.00687038  
1479        0.92956000  0.88334540  0.00686580  
1480        0.95436000  0.88339338  0.00686133  
1481        0.99260000  0.88346712  0.00685709  
1482        0.99564000  0.88354281  0.00685288  
1483        0.91388000  0.88356326  0.00684829  
1484        0.79836000  0.88350585  0.00684391  
1485        0.81132000  0.88345724  0.00683948  
1486        0.64540000  0.88329704  0.00683675  
1487        0.65664000  0.88314461  0.00683385  
1488        0.99348000  0.88321876  0.00682966  
1489        0.99104000  0.88329118  0.00682546  
1490        0.99472000  0.88336596  0.00682128  
1491        0.98620000  0.88343493  0.00681706  
1492        0.99876000  0.88351223  0.00681292  
1493        0.97888000  0.88357610  0.00680866  
1494        0.99500000  0.88365068  0.00680451  
1495        0.88928000  0.88365445  0.00679996  
1496        0.75976000  0.88357163  0.00679591  
1497        0.99836000  0.88364831  0.00679181  
1498        0.96472000  0.88370243  0.00678749  
1499        0.94672000  0.88374447  0.00678309  
1500        0.98884000  0.88381453  0.00677892  
1501        0.95076000  0.88385913  0.00677455  
1502        0.84172000  0.88383108  0.00677010  
1503        -0.21996000 0.88309669  0.00680534  
1504        0.92072000  0.88312170  0.00680086  
1505        0.96564000  0.88317653  0.00679656  
1506        0.97808000  0.88323955  0.00679233  
1507        0.99676000  0.88331488  0.00678824  
1508        0.99700000  0.88339027  0.00678416  
1509        0.80936000  0.88334121  0.00677984  
1510        0.95724000  0.88339015  0.00677552  
1511        0.99748000  0.88346565  0.00677146  
1512        0.96552000  0.88351992  0.00676720  
1513        0.99064000  0.88359072  0.00676309  
1514        0.98472000  0.88365752  0.00675896  
1515        0.97000000  0.88371451  0.00675473  
1516        0.99224000  0.88378609  0.00675066  
1517        0.94752000  0.88382811  0.00674634  
1518        0.97664000  0.88388925  0.00674217  
1519        0.94752000  0.88393114  0.00673786  
1520        0.99420000  0.88400368  0.00673381  
1521        0.93492000  0.88403716  0.00672947  
1522        0.96968000  0.88409343  0.00672528  
1523        0.99456000  0.88416596  0.00672125  
1524        0.99028000  0.88423559  0.00671720  
1525        0.84132000  0.88420745  0.00671286  
1526        0.99724000  0.88428152  0.00670887  
1527        0.93412000  0.88431416  0.00670455  
1528        0.95972000  0.88436351  0.00670034  
1529        0.93428000  0.88439615  0.00669604  
1530        0.94780000  0.88443759  0.00669179  
1531        0.99504000  0.88450984  0.00668781  
1532        0.98484000  0.88457533  0.00668376  
1533        0.99660000  0.88464840  0.00667980  
1534        0.99328000  0.88471922  0.00667582  
1535        0.98192000  0.88478254  0.00667177  
1536        0.99360000  0.88485339  0.00666780  
1537        0.88696000  0.88485476  0.00666346  
1538        0.94844000  0.88489610  0.00665925  
1539        0.91904000  0.88491828  0.00665496  
1540        0.90900000  0.88493392  0.00665066  
1541        0.95884000  0.88498188  0.00664651  
1542        0.99752000  0.88505486  0.00664260  
1543        0.95052000  0.88509729  0.00663843  
1544        0.89436000  0.88510329  0.00663414  
1545        0.88676000  0.88510436  0.00662984  
1546        0.90496000  0.88511721  0.00662556  
1547        0.99976000  0.88519131  0.00662169  
1548        0.99208000  0.88526036  0.00661777  
1549        0.97708000  0.88531964  0.00661377  
1550        0.99576000  0.88539089  0.00660988  
1551        0.95468000  0.88543556  0.00660577  
1552        0.93780000  0.88546930  0.00660160  
1553        0.99612000  0.88554055  0.00659773  
1554        0.99264000  0.88560947  0.00659384  
1555        0.37596000  0.88528172  0.00659775  
1556        -0.37360000 0.88447267  0.00664296  
1557        0.21624000  0.88404349  0.00665255  
1558        0.99724000  0.88411615  0.00664867  
1559        0.98792000  0.88418273  0.00664474  
1560        0.99720000  0.88425518  0.00664088  
1561        0.99716000  0.88432751  0.00663701  
1562        0.99768000  0.88440008  0.00663316  
1563        0.99912000  0.88447347  0.00662932  
1564        0.79652000  0.88441724  0.00662532  
1565        0.83268000  0.88438418  0.00662117  
1566        0.99752000  0.88445642  0.00661733  
1567        0.73488000  0.88436097  0.00661380  
1568        0.77384000  0.88429048  0.00660995  
1569        0.90148000  0.88430144  0.00660575  
1570        0.98252000  0.88436400  0.00660184  
1571        0.99212000  0.88443259  0.00659799  
1572        0.97948000  0.88449305  0.00659407  
1573        0.99528000  0.88456348  0.00659025  
1574        0.98464000  0.88462706  0.00658637  
1575        0.76812000  0.88455309  0.00658260  
1576        0.40628000  0.88424962  0.00658542  
1577        0.96168000  0.88429872  0.00658143  
1578        0.99000000  0.88436570  0.00657760  
1579        0.92116000  0.88438901  0.00657347  
1580        0.34552000  0.88404795  0.00657816  
1581        0.98632000  0.88411264  0.00657431  
1582        0.99436000  0.88418233  0.00657052  
1583        0.97220000  0.88423793  0.00656661  
1584        0.99752000  0.88430944  0.00656285  
1585        0.96840000  0.88436250  0.00655892  
1586        0.97048000  0.88441680  0.00655501  
1587        0.98332000  0.88447912  0.00655118  
1588        0.96056000  0.88452703  0.00654722  
1589        0.85748000  0.88451001  0.00654312  
1590        0.96876000  0.88456299  0.00653922  
1591        0.63840000  0.88440827  0.00653694  
1592        0.94408000  0.88444575  0.00653294  
1593        0.92760000  0.88447284  0.00652890  
1594        0.09072000  0.88397488  0.00654377  
1595        -0.58148000 0.88305610  0.00660390  
1596        0.99940000  0.88312900  0.00660016  
1597        0.99572000  0.88319950  0.00659640  
1598        0.99488000  0.88326939  0.00659264  
1599        0.96328000  0.88331942  0.00658871  
1600        0.99004000  0.88338612  0.00658493  
1601        0.76324000  0.88331108  0.00658124  
1602        0.72140000  0.88321001  0.00657791  
1603        0.63500000  0.88305517  0.00657563  
1604        0.94784000  0.88309556  0.00657165  
1605        0.80392000  0.88304623  0.00656774  
1606        0.82860000  0.88301233  0.00656374  
1607        0.92492000  0.88303841  0.00655970  
1608        0.96004000  0.88308629  0.00655580  
1609        0.98876000  0.88315197  0.00655205  
1610        0.98624000  0.88321600  0.00654829  
1611        0.94292000  0.88325306  0.00654433  
1612        0.28240000  0.88288032  0.00655088  
1613        0.97664000  0.88293845  0.00654708  
1614        0.98988000  0.88300471  0.00654336  
1615        0.74480000  0.88291913  0.00653986  
1616        0.80104000  0.88286847  0.00653601  
1617        0.95176000  0.88291107  0.00653211  
1618        0.99028000  0.88297743  0.00652841  
1619        0.83572000  0.88294824  0.00652444  
1620        0.99876000  0.88301973  0.00652080  
1621        0.57588000  0.88283025  0.00651953  
1622        0.98012000  0.88289023  0.00651579  
1623        0.89416000  0.88289718  0.00651177  
1624        0.99444000  0.88296586  0.00650813  
1625        0.95964000  0.88301305  0.00650429  
1626        0.97016000  0.88306664  0.00650051  
1627        0.98276000  0.88312792  0.00649680  
1628        0.98624000  0.88319125  0.00649312  
1629        0.89600000  0.88319912  0.00648914  
1630        0.98844000  0.88326368  0.00648548  
1631        0.98036000  0.88332321  0.00648177  
1632        0.99192000  0.88338975  0.00647814  
1633        0.72828000  0.88329477  0.00647487  
1634        0.53020000  0.88307868  0.00647451  
1635        0.89752000  0.88308751  0.00647056  
1636        0.89916000  0.88309733  0.00646661  
1637        0.99904000  0.88316816  0.00646305  
1638        0.94140000  0.88320371  0.00645920  
1639        0.78168000  0.88314177  0.00645555  
1640        -0.95172000 0.88202295  0.00654791  
1641        0.01548000  0.88149489  0.00656519  
1642        0.82800000  0.88146231  0.00656127  
1643        0.93892000  0.88149729  0.00655737  
1644        0.97060000  0.88155148  0.00655360  
1645        0.11028000  0.88108263  0.00656638  
1646        0.55404000  0.88088394  0.00656539  
1647        0.97988000  0.88094404  0.00656168  
1648        0.99316000  0.88101214  0.00655805  
1649        0.98380000  0.88107447  0.00655437  
1650        0.98756000  0.88113901  0.00655071  
1651        0.98428000  0.88120148  0.00654704  
1652        0.98116000  0.88126199  0.00654336  
1653        0.70228000  0.88115371  0.00654029  
1654        0.98164000  0.88121446  0.00653662  
1655        0.98824000  0.88127913  0.00653299  
1656        0.97848000  0.88133783  0.00652931  
1657        0.98568000  0.88140080  0.00652567  
1658        0.99172000  0.88146733  0.00652207  
1659        0.97656000  0.88152465  0.00651839  
1660        0.99344000  0.88159207  0.00651481  
1661        0.89748000  0.88160164  0.00651090  
1662        0.97580000  0.88165832  0.00650722  
1663        0.99400000  0.88172587  0.00650366  
1664        0.99556000  0.88179428  0.00650011  
1665        0.99748000  0.88186376  0.00649658  
1666        0.99900000  0.88193407  0.00649306  
1667        0.96928000  0.88198647  0.00648937  
1668        0.80428000  0.88193988  0.00648565  
1669        0.99800000  0.88200942  0.00648214  
1670        0.99560000  0.88207744  0.00647861  
1671        0.94784000  0.88211679  0.00647485  
1672        0.99296000  0.88218309  0.00647132  
1673        0.93760000  0.88221621  0.00646753  
1674        0.93892000  0.88225008  0.00646376  
1675        0.89312000  0.88225657  0.00645990  
1676        0.99736000  0.88232525  0.00645641  
1677        0.95620000  0.88236930  0.00645271  
1678        0.60296000  0.88220279  0.00645101  
1679        0.86612000  0.88219321  0.00644718  
1680        0.98052000  0.88225174  0.00644360  
1681        0.95364000  0.88229421  0.00643991  
1682        0.97380000  0.88234861  0.00643631  
1683        0.98304000  0.88240844  0.00643276  
1684        0.94000000  0.88244264  0.00642903  
1685        0.46852000  0.88219699  0.00642991  
1686        0.99148000  0.88226180  0.00642642  
1687        0.98816000  0.88232458  0.00642292  
1688        0.97760000  0.88238102  0.00641936  
1689        0.97628000  0.88243661  0.00641580  
1690        0.99076000  0.88250071  0.00641232  
1691        0.97392000  0.88255477  0.00640876  
1692        -0.34936000 0.88182669  0.00644622  
1693        0.86620000  0.88181746  0.00644241  
1694        0.94276000  0.88185344  0.00643871  
1695        0.99280000  0.88191889  0.00643524  
1696        0.97472000  0.88197361  0.00643168  
1697        0.98240000  0.88203279  0.00642816  
1698        0.94628000  0.88207062  0.00642449  
1699        0.92120000  0.88209366  0.00642075  
1700        0.99008000  0.88215718  0.00641728  
1701        0.92056000  0.88217975  0.00641355  
1702        0.96212000  0.88222672  0.00640995  
1703        0.99732000  0.88229430  0.00640654  
1704        0.91412000  0.88231298  0.00640281  
1705        0.96844000  0.88236350  0.00639925  
1706        0.48332000  0.88212959  0.00639978  
1707        0.73408000  0.88204286  0.00639661  
1708        0.99464000  0.88210878  0.00639321  
1709        0.99556000  0.88217517  0.00638981  
1710        0.99512000  0.88224122  0.00638641  
1711        0.98780000  0.88230291  0.00638298  
1712        0.99852000  0.88237079  0.00637961  
1713        0.98236000  0.88242917  0.00637615  
1714        0.99748000  0.88249629  0.00637278  
1715        0.99768000  0.88256345  0.00636942  
1716        0.99080000  0.88262653  0.00636602  
1717        0.99980000  0.88269477  0.00636268  
1718        0.55048000  0.88250140  0.00636191  
1719        0.82216000  0.88246629  0.00635831  
1720        0.97776000  0.88252170  0.00635485  
1721        0.99476000  0.88258691  0.00635149  
1722        0.82036000  0.88255078  0.00634791  
1723        0.96244000  0.88259714  0.00634439  
1724        0.98188000  0.88265473  0.00634097  
1725        0.99532000  0.88272005  0.00633763  
1726        0.80328000  0.88267402  0.00633412  
1727        0.99100000  0.88273675  0.00633077  
1728        0.98068000  0.88279343  0.00632736  
1729        0.92552000  0.88281814  0.00632374  
1730        0.95072000  0.88285739  0.00632021  
1731        0.92184000  0.88287991  0.00631660  
1732        0.97980000  0.88293587  0.00631320  
1733        0.81164000  0.88289473  0.00630969  
1734        0.92704000  0.88292018  0.00630610  
1735        0.92816000  0.88294626  0.00630252  
1736        0.99520000  0.88301092  0.00629922  
1737        0.96584000  0.88305861  0.00629577  
1738        0.99788000  0.88312467  0.00629249  
1739        0.99784000  0.88319064  0.00628922  
1740        0.87664000  0.88318687  0.00628561  
1741        0.99780000  0.88325271  0.00628234  
1742        0.99100000  0.88331456  0.00627904  
1743        0.98740000  0.88337427  0.00627572  
1744        0.99660000  0.88343920  0.00627245  
1745        0.99292000  0.88350194  0.00626917  
1746        0.63680000  0.88336064  0.00626717  
1747        0.99184000  0.88342274  0.00626389  
1748        0.03200000  0.88293565  0.00627923  
1749        -0.39864000 0.88220290  0.00631827  
1750        0.97064000  0.88225344  0.00631486  
1751        0.97076000  0.88230399  0.00631146  
1752        0.95932000  0.88234795  0.00630801  
1753        0.87664000  0.88234469  0.00630441  
1754        0.81456000  0.88230604  0.00630093  
1755        0.99696000  0.88237137  0.00629768  
1756        0.74628000  0.88229387  0.00629457  
1757        0.99400000  0.88235745  0.00629130  
1758        0.91448000  0.88237572  0.00628775  
1759        0.98160000  0.88243213  0.00628443  
1760        0.88628000  0.88243432  0.00628086  
1761        0.94272000  0.88246855  0.00627738  
1762        0.97596000  0.88252161  0.00627404  
1763        0.97992000  0.88257686  0.00627073  
1764        0.99840000  0.88264252  0.00626752  
1765        0.98384000  0.88269985  0.00626423  
1766        0.96272000  0.88274516  0.00626084  
1767        0.95116000  0.88278388  0.00625742  
1768        0.98416000  0.88284122  0.00625414  
1769        0.98712000  0.88290017  0.00625088  
1770        0.99624000  0.88296420  0.00624768  
1771        0.99396000  0.88302688  0.00624446  
1772        0.99492000  0.88309002  0.00624126  
1773        0.86024000  0.88307713  0.00623775  
1774        0.85008000  0.88305853  0.00623426  
1775        0.96888000  0.88310688  0.00623093  
1776        0.96316000  0.88315196  0.00622759  
1777        0.99300000  0.88321378  0.00622439  
1778        0.99500000  0.88327665  0.00622121  
1779        0.89884000  0.88328540  0.00621771  
1780        0.74784000  0.88320930  0.00621469  
1781        0.99804000  0.88327378  0.00621153  
1782        0.97948000  0.88332777  0.00620828  
1783        0.96272000  0.88337229  0.00620496  
1784        0.82276000  0.88333832  0.00620157  
1785        0.29996000  0.88301150  0.00620670  
1786        0.92760000  0.88303646  0.00620328  
1787        0.97712000  0.88308911  0.00620003  
1788        0.98316000  0.88314508  0.00619681  
1789        0.99600000  0.88320816  0.00619367  
1790        0.98700000  0.88326615  0.00619048  
1791        0.95252000  0.88330481  0.00618714  
1792        0.98828000  0.88336339  0.00618397  
1793        0.98272000  0.88341881  0.00618077  
1794        0.99892000  0.88348319  0.00617766  
1795        0.98036000  0.88353716  0.00617445  
1796        0.93224000  0.88356428  0.00617107  
1797        0.99856000  0.88362827  0.00616797  
1798        0.99608000  0.88369081  0.00616485  
1799        0.93872000  0.88372140  0.00616150  
1800        0.99352000  0.88378240  0.00615838  
1801        0.99696000  0.88384524  0.00615528  
1802        0.98244000  0.88389996  0.00615211  
1803        0.90688000  0.88391270  0.00614871  
1804        0.73956000  0.88383268  0.00614582  
1805        0.95276000  0.88387087  0.00614253  
1806        0.94960000  0.88390726  0.00613924  
1807        0.97080000  0.88395535  0.00613603  
1808        0.99452000  0.88401650  0.00613294  
1809        0.98016000  0.88406965  0.00612978  
1810        0.75040000  0.88399580  0.00612683  
1811        -0.60884000 0.88317149  0.00617868  
1812        0.44696000  0.88293075  0.00617996  
1813        0.99736000  0.88299387  0.00617688  
1814        0.98640000  0.88305087  0.00617373  
1815        0.98364000  0.88310629  0.00617058  
1816        0.99400000  0.88316736  0.00616748  
1817        0.99696000  0.88322998  0.00616441  
1818        0.97948000  0.88328293  0.00616124  
1819        0.99900000  0.88334654  0.00615818  
1820        0.97696000  0.88339798  0.00615501  
1821        0.99420000  0.88345882  0.00615193  
1822        0.98696000  0.88351563  0.00614882  
1823        0.98404000  0.88357077  0.00614569  
1824        0.97496000  0.88362088  0.00614252  
1825        0.81424000  0.88358286  0.00613928  
1826        0.96560000  0.88362778  0.00613608  
1827        0.96016000  0.88366967  0.00613286  
1828        0.96308000  0.88371311  0.00612966  
1829        0.99440000  0.88377362  0.00612661  
1830        0.98708000  0.88383008  0.00612352  
1831        0.98116000  0.88388323  0.00612040  
1832        0.83160000  0.88385469  0.00611713  
1833        0.74904000  0.88378115  0.00611423  
1834        0.96340000  0.88382456  0.00611105  
1835        0.98276000  0.88387847  0.00610796  
1836        0.97864000  0.88393009  0.00610485  
1837        0.99648000  0.88399136  0.00610183  
1838        0.97412000  0.88404039  0.00609871  
1839        0.99796000  0.88410234  0.00609571  
1840        0.97916000  0.88415400  0.00609261  
1841        0.98312000  0.88420776  0.00608954  
1842        0.84244000  0.88418508  0.00608627  
1843        0.98248000  0.88423842  0.00608320  
1844        0.81516000  0.88420095  0.00608002  
1845        0.98520000  0.88425570  0.00607697  
1846        0.98284000  0.88430910  0.00607391  
1847        0.91768000  0.88432717  0.00607065  
1848        0.98332000  0.88438074  0.00606760  
1849        0.74968000  0.88430789  0.00606475  
1850        0.92668000  0.88433079  0.00606152  
1851        0.96848000  0.88437625  0.00605841  
1852        0.94628000  0.88440968  0.00605523  
1853        0.95848000  0.88444965  0.00605210  
1854        0.98316000  0.88450289  0.00604907  
1855        0.99280000  0.88456127  0.00604609  
1856        0.97536000  0.88461019  0.00604303  
1857        0.98236000  0.88466283  0.00604000  
1858        0.91500000  0.88467916  0.00603677  
1859        0.99376000  0.88473784  0.00603381  
1860        0.99396000  0.88479656  0.00603085  
1861        0.99480000  0.88485567  0.00602790  
1862        0.99400000  0.88491429  0.00602494  
1863        0.88740000  0.88491562  0.00602171  
1864        0.80156000  0.88487090  0.00601864  
1865        0.96196000  0.88491224  0.00601556  
1866        0.96728000  0.88495638  0.00601250  
1867        0.99024000  0.88501277  0.00600954  
1868        0.99500000  0.88507165  0.00600661  
1869        0.98992000  0.88512775  0.00600366  
1870        0.99336000  0.88518563  0.00600072  
1871        0.99296000  0.88524323  0.00599779  
1872        0.99480000  0.88530175  0.00599487  
1873        0.96844000  0.88534614  0.00599184  
1874        0.99664000  0.88540553  0.00598893  
1875        0.99684000  0.88546496  0.00598603  
1876        0.68168000  0.88535633  0.00598383  
1877        0.92088000  0.88537526  0.00598067  
1878        0.98736000  0.88542956  0.00597773  
1879        0.96840000  0.88547372  0.00597471  
1880        0.98144000  0.88552477  0.00597175  
1881        0.88992000  0.88552710  0.00596858  
1882        0.99924000  0.88558752  0.00596571  
1883        0.95444000  0.88562409  0.00596265  
1884        0.98708000  0.88567794  0.00595973  
1885        0.69016000  0.88557422  0.00595747  
1886        0.94620000  0.88560636  0.00595440  
1887        0.88452000  0.88560579  0.00595124  
1888        0.99524000  0.88566386  0.00594837  
1889        0.96064000  0.88570355  0.00594535  
1890        0.99412000  0.88576091  0.00594248  
1891        0.96708000  0.88580391  0.00593950  
1892        0.98656000  0.88585717  0.00593660  
1893        0.99464000  0.88591463  0.00593374  
1894        0.98008000  0.88596435  0.00593081  
1895        0.99808000  0.88602351  0.00592798  
1896        0.98724000  0.88607690  0.00592509  
1897        0.99908000  0.88613647  0.00592226  
1898        0.99388000  0.88619323  0.00591942  
1899        0.98944000  0.88624760  0.00591655  
1900        0.99560000  0.88630516  0.00591371  
1901        0.95680000  0.88634224  0.00591072  
1902        0.78500000  0.88628896  0.00590785  
1903        0.99236000  0.88634470  0.00590501  
1904        0.95864000  0.88638267  0.00590203  
1905        0.99628000  0.88644036  0.00589921  
1906        0.97420000  0.88648640  0.00589629  
1907        0.71740000  0.88639773  0.00589387  
1908        0.99008000  0.88645208  0.00589103  
1909        0.92488000  0.88647221  0.00588798  
1910        0.82772000  0.88644145  0.00588497  
1911        0.99556000  0.88649855  0.00588217  
1912        0.97588000  0.88654529  0.00587928  
1913        0.97036000  0.88658911  0.00587637  
1914        0.93740000  0.88661565  0.00587336  
1915        0.99880000  0.88667423  0.00587058  
1916        0.99764000  0.88673215  0.00586780  
1917        0.99256000  0.88678736  0.00586500  
1918        0.97820000  0.88683502  0.00586214  
1919        0.90440000  0.88684417  0.00585909  
1920        0.90296000  0.88685256  0.00585604  
1921        0.96236000  0.88689187  0.00585312  
1922        0.95928000  0.88692953  0.00585020  
1923        0.98200000  0.88697897  0.00584737  
1924        0.91872000  0.88699547  0.00584435  
1925        0.81728000  0.88695925  0.00584142  
1926        0.16208000  0.88658289  0.00585051  
1927        0.97984000  0.88663128  0.00584767  
1928        0.96812000  0.88667355  0.00584479  
1929        0.99584000  0.88673014  0.00584203  
1930        0.96272000  0.88676951  0.00583914  
1931        0.93492000  0.88679445  0.00583617  
1932        0.77300000  0.88673555  0.00583344  
1933        0.98468000  0.88678622  0.00583065  
1934        0.99144000  0.88684033  0.00582788  
1935        0.92040000  0.88685767  0.00582489  
1936        0.96440000  0.88689773  0.00582202  
1937        0.99424000  0.88695314  0.00581928  
1938        0.79016000  0.88690320  0.00581649  
1939        0.97052000  0.88694632  0.00581365  
1940        -0.67200000 0.88614274  0.00586595  
1941        -0.28212000 0.88554086  0.00589375  
1942        0.99620000  0.88559784  0.00589099  
1943        0.99480000  0.88565404  0.00588822  
1944        0.99528000  0.88571043  0.00588546  
1945        0.99752000  0.88576792  0.00588272  
1946        0.99316000  0.88582310  0.00587995  
1947        0.98676000  0.88587495  0.00587716  
1948        0.99816000  0.88593259  0.00587442  
1949        0.73072000  0.88585295  0.00587195  
1950        0.87068000  0.88584517  0.00586894  
1951        0.93504000  0.88587038  0.00586599  
1952        0.95384000  0.88590520  0.00586309  
1953        0.99388000  0.88596049  0.00586034  
1954        0.96892000  0.88600295  0.00585750  
1955        0.21440000  0.88565942  0.00586457  
1956        0.84372000  0.88563798  0.00586161  
1957        0.99196000  0.88569230  0.00585887  
1958        0.97452000  0.88573767  0.00585605  
1959        0.99372000  0.88579279  0.00585332  
1960        0.99812000  0.88585010  0.00585061  
1961        0.99860000  0.88590760  0.00584791  
1962        0.99900000  0.88596524  0.00584521  
1963        0.99412000  0.88602034  0.00584249  
1964        0.80984000  0.88598155  0.00583965  
1965        0.99344000  0.88603623  0.00583693  
1966        0.99748000  0.88609292  0.00583424  
1967        0.96612000  0.88613360  0.00583141  
1968        0.93640000  0.88615915  0.00582850  
1969        0.79408000  0.88611238  0.00582573  
1970        0.99636000  0.88616835  0.00582304  
1971        0.99292000  0.88622251  0.00582034  
1972        0.99952000  0.88627996  0.00581767  
1973        0.98688000  0.88633095  0.00581494  
1974        0.91304000  0.88634448  0.00581201  
1975        0.98784000  0.88639587  0.00580930  
1976        0.97136000  0.88643887  0.00580652  
1977        0.95616000  0.88647413  0.00580369  
1978        -0.25396000 0.88589757  0.00582933  
1979        0.99668000  0.88595355  0.00582666  
1980        0.99540000  0.88600883  0.00582398  
1981        0.98212000  0.88605734  0.00582124  
1982        0.98244000  0.88610597  0.00581850  
1983        0.99180000  0.88615927  0.00581581  
1984        0.99724000  0.88621526  0.00581315  
1985        0.99648000  0.88627081  0.00581049  
1986        0.96280000  0.88630935  0.00580769  
1987        0.98940000  0.88636123  0.00580499  
1988        0.96768000  0.88640213  0.00580222  
1989        0.97264000  0.88644549  0.00579946  
1990        0.11536000  0.88605801  0.00580948  
1991        -0.22116000 0.88550190  0.00583313  
1992        0.99288000  0.88555580  0.00583045  
1993        0.90908000  0.88556761  0.00582754  
1994        0.97736000  0.88561364  0.00582480  
1995        0.99444000  0.88566819  0.00582213  
1996        0.61404000  0.88553210  0.00582081  
1997        0.98528000  0.88558205  0.00581811  
1998        0.97528000  0.88562695  0.00581537  
1999        0.98632000  0.88567732  0.00581268  
2000        0.94640000  0.88570768  0.00580985  
