1           1.26292000  1.26292000  0.00000000  
2           1.45636000  1.35964000  0.09672000  
3           1.37496000  1.36474667  0.05607433  
4           1.17656000  1.31770000  0.06152686  
5           1.47888000  1.34993600  0.05753688  
6           1.26212000  1.33530000  0.04920577  
7           1.40416000  1.34513714  0.04273410  
8           1.32144000  1.34217500  0.03712717  
9           1.23808000  1.33060889  0.03472585  
10          1.26136000  1.32368400  0.03182235  
11          1.54476000  1.34378182  0.03510646  
12          1.46400000  1.35380000  0.03357703  
13          1.09000000  1.33350769  0.03695600  
14          1.27660000  1.32944286  0.03445522  
15          1.48604000  1.33988267  0.03373223  
16          1.28732000  1.33659750  0.03172417  
17          1.36716000  1.33839529  0.02985385  
18          1.35912000  1.33954667  0.02817002  
19          1.45192000  1.34546105  0.02729466  
20          1.43292000  1.34983400  0.02626064  
21          1.60316000  1.36189714  0.02773919  
22          1.20692000  1.35485273  0.02737033  
23          1.22416000  1.34917043  0.02676343  
24          1.31396000  1.34770333  0.02566600  
25          1.28928000  1.34536640  0.02472863  
26          1.36488000  1.34611692  0.02377036  
27          1.24164000  1.34224741  0.02319804  
28          1.57288000  1.35048429  0.02382343  
29          1.34036000  1.35013517  0.02298991  
30          1.44500000  1.35329733  0.02243434  
31          1.42900000  1.35573935  0.02183557  
32          1.23828000  1.35206875  0.02145847  
33          1.44728000  1.35495394  0.02099722  
34          1.22768000  1.35121059  0.02071139  
35          1.24876000  1.34828343  0.02032284  
36          1.39084000  1.34946556  0.01978559  
37          1.26740000  1.34724757  0.01937082  
38          1.26952000  1.34520211  0.01896480  
39          1.32076000  1.34457538  0.01848275  
40          1.45112000  1.34723900  0.01821061  
41          1.40104000  1.34855122  0.01780931  
42          1.40632000  1.34992667  0.01743445  
43          1.43792000  1.35197302  0.01714671  
44          1.39516000  1.35295455  0.01678121  
45          1.26960000  1.35110222  0.01650831  
46          1.21428000  1.34812783  0.01641714  
47          1.21348000  1.34526298  0.01631750  
48          1.35180000  1.34539917  0.01597451  
49          1.43280000  1.34718286  0.01574646  
50          1.34404000  1.34712000  0.01542844  
51          1.49900000  1.35009804  0.01541333  
52          1.46268000  1.35226308  0.01526829  
53          1.18640000  1.34913358  0.01530090  
54          1.44584000  1.35092444  0.01512130  
55          1.42960000  1.35235491  0.01491259  
56          1.34268000  1.35218214  0.01464489  
57          1.21628000  1.34979789  0.01458191  
58          1.35616000  1.34990759  0.01432871  
59          1.28796000  1.34885763  0.01412284  
60          1.24808000  1.34717800  0.01398668  
61          1.28936000  1.34623016  0.01378810  
62          1.46416000  1.34813226  0.01369660  
63          1.14512000  1.34490984  0.01385733  
64          1.29248000  1.34409063  0.01366367  
65          1.30008000  1.34341354  0.01346884  
66          1.38880000  1.34410121  0.01328102  
67          1.40564000  1.34501970  0.01311350  
68          1.41996000  1.34612176  0.01296613  
69          1.42140000  1.34721275  0.01282333  
70          1.45204000  1.34871029  0.01272722  
71          1.25060000  1.34732845  0.01262255  
72          1.24760000  1.34594333  0.01252284  
73          1.39444000  1.34660767  0.01236796  
74          1.22016000  1.34489892  0.01231876  
75          1.33188000  1.34472533  0.01215464  
76          1.43628000  1.34593000  0.01205400  
77          1.15868000  1.34349818  0.01214243  
78          1.33084000  1.34333590  0.01198684  
79          1.33724000  1.34325873  0.01183439  
80          1.39444000  1.34389850  0.01170302  
81          1.29372000  1.34327901  0.01157423  
82          1.39044000  1.34385415  0.01144667  
83          1.34124000  1.34382265  0.01130796  
84          1.24220000  1.34261286  0.01123784  
85          1.33212000  1.34248941  0.01110553  
86          1.33916000  1.34245070  0.01097570  
87          1.20064000  1.34082069  0.01097058  
88          1.06424000  1.33767773  0.01129144  
89          1.29716000  1.33722247  0.01117312  
90          1.39196000  1.33783067  0.01106501  
91          1.34592000  1.33791956  0.01094310  
92          1.34680000  1.33801609  0.01082393  
93          1.61144000  1.34095613  0.01110323  
94          1.50132000  1.34266213  0.01111617  
95          1.29644000  1.34217558  0.01100929  
96          1.32552000  1.34200208  0.01089539  
97          1.46820000  1.34330309  0.01086069  
98          1.22936000  1.34214041  0.01081199  
99          1.28056000  1.34151838  0.01072028  
100         1.25148000  1.34061800  0.01065066  
101         1.44240000  1.34162574  0.01059273  
102         1.31192000  1.34133451  0.01049241  
103         1.36528000  1.34156699  0.01039264  
104         1.40132000  1.34214154  0.01030825  
105         1.13736000  1.34019124  0.01039421  
106         1.31572000  1.33996038  0.01029828  
107         1.46108000  1.34109234  0.01026419  
108         1.18864000  1.33968074  0.01026621  
109         1.27260000  1.33906532  0.01019019  
110         1.36880000  1.33933564  0.01010075  
111         1.51764000  1.34094198  0.01013741  
112         1.39120000  1.34139071  0.01005651  
113         1.38848000  1.34180743  0.00997582  
114         1.39412000  1.34226632  0.00989857  
115         1.39684000  1.34274087  0.00982359  
116         1.30640000  1.34242759  0.00974357  
117         1.36668000  1.34263487  0.00966216  
118         1.28388000  1.34213695  0.00959286  
119         1.21396000  1.34105983  0.00957269  
120         1.32228000  1.34090333  0.00949388  
121         1.25256000  1.34017322  0.00944335  
122         1.34360000  1.34020131  0.00936567  
123         1.55816000  1.34197333  0.00945672  
124         1.34044000  1.34196097  0.00938016  
125         1.20792000  1.34088864  0.00936640  
126         1.33032000  1.34080476  0.00929214  
127         1.17016000  1.33946110  0.00931609  
128         1.63692000  1.34178500  0.00953069  
129         1.53320000  1.34326884  0.00957223  
130         1.23764000  1.34245631  0.00953300  
131         1.28792000  1.34204000  0.00946910  
132         1.30868000  1.34178727  0.00940049  
133         1.34040000  1.34177684  0.00932955  
134         1.32240000  1.34163224  0.00926079  
135         1.37188000  1.34185630  0.00919467  
136         1.23524000  1.34107235  0.00916042  
137         1.31884000  1.34091007  0.00909475  
138         1.30092000  1.34062029  0.00903326  
139         1.33980000  1.34061439  0.00896804  
140         1.40584000  1.34108029  0.00891593  
141         1.37308000  1.34130723  0.00885538  
142         1.38936000  1.34164563  0.00879931  
143         1.15928000  1.34037035  0.00883013  
144         1.30508000  1.34012528  0.00877202  
145         1.40596000  1.34057931  0.00872314  
146         1.46704000  1.34144548  0.00870638  
147         1.45860000  1.34224245  0.00868360  
148         1.21240000  1.34136514  0.00866923  
149         1.41368000  1.34185047  0.00862452  
150         1.41340000  1.34232747  0.00858010  
151         1.44224000  1.34298914  0.00854873  
152         1.35420000  1.34306289  0.00849263  
153         1.32876000  1.34296941  0.00843745  
154         1.24972000  1.34236390  0.00840433  
155         1.27652000  1.34193910  0.00836073  
156         1.01516000  1.33984436  0.00856700  
157         1.38028000  1.34010191  0.00851616  
158         1.26340000  1.33961646  0.00847600  
159         1.32552000  1.33952780  0.00842299  
160         1.57736000  1.34101425  0.00850114  
161         1.53536000  1.34222137  0.00853398  
162         1.42520000  1.34273358  0.00849659  
163         1.16264000  1.34162871  0.00851628  
164         1.27728000  1.34123634  0.00847328  
165         1.50280000  1.34221552  0.00847850  
166         1.45712000  1.34290771  0.00845565  
167         1.34956000  1.34294754  0.00840496  
168         1.34612000  1.34296643  0.00835480  
169         1.42004000  1.34342249  0.00831773  
170         1.47184000  1.34417788  0.00830309  
171         1.41204000  1.34457474  0.00826393  
172         1.32188000  1.34444279  0.00821680  
173         1.46008000  1.34511121  0.00819647  
174         1.40456000  1.34545287  0.00815638  
175         1.45132000  1.34605783  0.00813217  
176         1.40200000  1.34637568  0.00809208  
177         1.30752000  1.34615616  0.00804923  
178         1.18340000  1.34524180  0.00805594  
179         1.41544000  1.34563397  0.00802040  
180         1.17820000  1.34470378  0.00802978  
181         1.37044000  1.34484597  0.00798656  
182         1.40584000  1.34518110  0.00794962  
183         1.26044000  1.34471803  0.00791961  
184         1.44820000  1.34528043  0.00789650  
185         1.49612000  1.34609578  0.00789591  
186         1.43780000  1.34658882  0.00786881  
187         1.16112000  1.34559701  0.00788921  
188         1.23108000  1.34498787  0.00787074  
189         1.29896000  1.34474434  0.00783277  
190         1.50844000  1.34560589  0.00783893  
191         1.35712000  1.34566618  0.00779801  
192         1.38116000  1.34585104  0.00775949  
193         1.33524000  1.34579606  0.00771938  
194         1.39740000  1.34606206  0.00768409  
195         1.43880000  1.34653764  0.00765936  
196         1.37504000  1.34668306  0.00762157  
197         1.23992000  1.34614112  0.00760213  
198         1.38832000  1.34635414  0.00756663  
199         1.15880000  1.34541166  0.00758728  
200         1.22020000  1.34478560  0.00757516  
201         1.30564000  1.34459085  0.00753990  
202         1.42852000  1.34500634  0.00751397  
203         1.18816000  1.34423369  0.00751668  
204         1.25368000  1.34378980  0.00749291  
205         1.27280000  1.34344351  0.00746430  
206         1.28992000  1.34318369  0.00743252  
207         1.28772000  1.34291575  0.00740138  
208         1.35804000  1.34298846  0.00736607  
209         1.39348000  1.34323005  0.00733472  
210         1.53880000  1.34416133  0.00735888  
211         1.45688000  1.34469555  0.00734337  
212         1.41236000  1.34501472  0.00731562  
213         1.47608000  1.34563005  0.00730715  
214         1.34880000  1.34564486  0.00727294  
215         1.29532000  1.34541079  0.00724281  
216         1.40356000  1.34568000  0.00721423  
217         1.18288000  1.34492977  0.00721999  
218         1.56548000  1.34594147  0.00725765  
219         1.54816000  1.34686484  0.00728321  
220         1.43636000  1.34727164  0.00726143  
221         1.47800000  1.34786317  0.00725266  
222         1.47084000  1.34841712  0.00724114  
223         1.57024000  1.34941184  0.00727690  
224         1.36092000  1.34946321  0.00724452  
225         1.21172000  1.34885102  0.00723819  
226         1.32080000  1.34872690  0.00720716  
227         1.47172000  1.34926872  0.00719577  
228         1.23112000  1.34875053  0.00718286  
229         1.48240000  1.34933415  0.00717520  
230         1.30892000  1.34915843  0.00714609  
231         1.35092000  1.34916606  0.00711509  
232         1.28716000  1.34889879  0.00708940  
233         1.50864000  1.34958438  0.00709212  
234         1.29732000  1.34936103  0.00706528  
235         1.44992000  1.34978894  0.00704815  
236         1.19268000  1.34912322  0.00704972  
237         1.48444000  1.34969418  0.00704310  
238         1.36188000  1.34974538  0.00701363  
239         1.26136000  1.34937556  0.00699400  
240         1.44244000  1.34976333  0.00697559  
241         1.29036000  1.34951685  0.00695096  
242         1.32828000  1.34942909  0.00692273  
243         1.19420000  1.34879029  0.00692371  
244         1.31780000  1.34866328  0.00689645  
245         1.56588000  1.34954988  0.00692523  
246         1.13420000  1.34867447  0.00695236  
247         1.14348000  1.34784372  0.00697381  
248         1.45076000  1.34825871  0.00695802  
249         1.34472000  1.34824450  0.00693003  
250         1.35768000  1.34828224  0.00690236  
251         1.50276000  1.34889769  0.00690230  
252         1.39460000  1.34907905  0.00687725  
253         1.28840000  1.34883921  0.00685421  
254         1.31068000  1.34868898  0.00682882  
255         1.33552000  1.34863733  0.00680218  
256         1.01476000  1.34733313  0.00689994  
257         1.31696000  1.34721494  0.00687406  
258         1.38244000  1.34735147  0.00684872  
259         1.48724000  1.34789158  0.00684357  
260         1.19880000  1.34731815  0.00684128  
261         1.48064000  1.34782897  0.00683413  
262         1.18224000  1.34719695  0.00683727  
263         1.31444000  1.34707240  0.00681236  
264         1.32372000  1.34698394  0.00678709  
265         1.43696000  1.34732347  0.00676994  
266         1.29168000  1.34711429  0.00674769  
267         1.46952000  1.34757273  0.00673798  
268         1.42304000  1.34785433  0.00671870  
269         1.28176000  1.34760862  0.00669818  
270         1.46004000  1.34802504  0.00668631  
271         1.41624000  1.34827675  0.00666634  
272         1.42648000  1.34856426  0.00664801  
273         1.24440000  1.34818271  0.00663459  
274         1.47544000  1.34864715  0.00662663  
275         1.21372000  1.34815651  0.00662070  
276         1.36864000  1.34823072  0.00659708  
277         1.14416000  1.34749401  0.00661438  
278         1.32600000  1.34741669  0.00659100  
279         1.34472000  1.34740703  0.00656734  
280         1.32516000  1.34732757  0.00654432  
281         1.15268000  1.34663488  0.00655768  
282         1.17420000  1.34602340  0.00656293  
283         1.56816000  1.34680834  0.00658664  
284         1.32344000  1.34672606  0.00656392  
285         1.17232000  1.34611411  0.00656941  
286         1.36948000  1.34619580  0.00654691  
287         1.29904000  1.34603150  0.00652613  
288         1.39696000  1.34620833  0.00650583  
289         1.43000000  1.34649827  0.00648976  
290         1.35504000  1.34652772  0.00646741  
291         1.42716000  1.34680481  0.00645110  
292         1.37644000  1.34690630  0.00642977  
293         1.13768000  1.34619222  0.00644746  
294         1.54552000  1.34687020  0.00646116  
295         1.39320000  1.34702725  0.00644114  
296         1.53264000  1.34765432  0.00644989  
297         1.27424000  1.34740714  0.00643289  
298         1.27520000  1.34716483  0.00641584  
299         1.41796000  1.34740161  0.00639873  
300         1.16968000  1.34680920  0.00640482  
301         1.20012000  1.34632186  0.00640209  
302         1.20024000  1.34583815  0.00639916  
303         1.39240000  1.34599182  0.00637986  
304         1.37264000  1.34607947  0.00635944  
305         1.36324000  1.34613574  0.00633880  
306         1.41740000  1.34636863  0.00632235  
307         1.27488000  1.34613577  0.00630602  
308         1.33848000  1.34611091  0.00628556  
309         1.27680000  1.34588660  0.00626920  
310         1.26568000  1.34562787  0.00625430  
311         1.15572000  1.34501723  0.00626399  
312         1.56440000  1.34572038  0.00628335  
313         1.26648000  1.34546722  0.00626836  
314         1.33004000  1.34541809  0.00624855  
315         1.25956000  1.34514552  0.00623465  
316         1.47900000  1.34556911  0.00622930  
317         1.48876000  1.34602082  0.00622603  
318         1.41596000  1.34624075  0.00621032  
319         1.57020000  1.34694282  0.00623050  
320         1.64904000  1.34788687  0.00628234  
321         1.49572000  1.34834741  0.00627964  
322         1.47504000  1.34874087  0.00627246  
323         1.15692000  1.34814700  0.00628115  
324         1.35688000  1.34817395  0.00626179  
325         1.44140000  1.34846080  0.00624908  
326         1.36452000  1.34851006  0.00623008  
327         1.52264000  1.34904257  0.00623378  
328         1.48108000  1.34944512  0.00622777  
329         1.30068000  1.34929690  0.00621058  
330         1.23100000  1.34893842  0.00620210  
331         1.21584000  1.34853631  0.00619640  
332         1.35856000  1.34856651  0.00617778  
333         1.21268000  1.34815844  0.00617270  
334         1.32352000  1.34808467  0.00615464  
335         1.30944000  1.34796931  0.00613732  
336         1.36924000  1.34803262  0.00611936  
337         1.39784000  1.34818042  0.00610296  
338         1.32304000  1.34810604  0.00608533  
339         1.48444000  1.34850820  0.00608067  
340         1.35852000  1.34853765  0.00606283  
341         1.42100000  1.34875015  0.00604876  
342         1.44648000  1.34903591  0.00603781  
343         1.34532000  1.34902507  0.00602019  
344         1.46928000  1.34937465  0.00601284  
345         1.52204000  1.34987513  0.00601624  
346         1.46916000  1.35021988  0.00600872  
347         1.19832000  1.34978213  0.00600735  
348         1.50980000  1.35024195  0.00600769  
349         1.30372000  1.35010865  0.00599193  
350         1.67208000  1.35102857  0.00604519  
351         1.68912000  1.35199179  0.00610442  
352         1.27876000  1.35178375  0.00609060  
353         1.31852000  1.35168952  0.00607406  
354         1.35404000  1.35169616  0.00605688  
355         1.33540000  1.35165025  0.00603997  
356         1.34724000  1.35163787  0.00602299  
357         1.43132000  1.35186106  0.00601024  
358         1.14168000  1.35127397  0.00602211  
359         1.29544000  1.35111844  0.00600733  
360         1.18360000  1.35065311  0.00600867  
361         1.22612000  1.35030814  0.00600192  
362         1.34200000  1.35028519  0.00598536  
363         1.26388000  1.35004716  0.00597359  
364         1.23564000  1.34973286  0.00596545  
365         1.26752000  1.34950762  0.00595334  
366         1.18132000  1.34904809  0.00595481  
367         1.22036000  1.34869744  0.00594891  
368         1.14808000  1.34815228  0.00595771  
369         1.53388000  1.34865561  0.00596283  
370         1.36652000  1.34870389  0.00594689  
371         1.40768000  1.34886286  0.00593296  
372         1.27108000  1.34865376  0.00592069  
373         1.45524000  1.34893952  0.00591170  
374         1.34548000  1.34893027  0.00589588  
375         1.19392000  1.34851691  0.00589465  
376         1.23328000  1.34821043  0.00588694  
377         1.43728000  1.34844668  0.00587605  
378         1.55564000  1.34899481  0.00588606  
379         1.58700000  1.34962280  0.00590400  
380         1.32248000  1.34955137  0.00588888  
381         1.50884000  1.34996945  0.00588826  
382         1.09228000  1.34929487  0.00591145  
383         1.28144000  1.34911770  0.00589865  
384         1.27092000  1.34891406  0.00588679  
385         1.64948000  1.34969475  0.00592316  
386         1.25416000  1.34944725  0.00591298  
387         1.26704000  1.34923432  0.00590152  
388         1.43068000  1.34944423  0.00589003  
389         1.29676000  1.34930879  0.00587643  
390         1.60304000  1.34995938  0.00589734  
391         1.23776000  1.34967243  0.00588923  
392         1.42692000  1.34986949  0.00587750  
393         1.40464000  1.35000885  0.00586418  
394         1.24600000  1.34974487  0.00585523  
395         1.12132000  1.34916658  0.00586895  
396         1.40492000  1.34930737  0.00585580  
397         1.39012000  1.34941018  0.00584194  
398         1.40212000  1.34954261  0.00582874  
399         1.47356000  1.34985343  0.00582242  
400         1.19176000  1.34945820  0.00582128  
401         1.35136000  1.34946294  0.00580674  
402         1.46968000  1.34976199  0.00580000  
403         1.28928000  1.34961191  0.00578753  
404         1.45108000  1.34986307  0.00577865  
405         1.30164000  1.34974400  0.00576559  
406         1.25404000  1.34950828  0.00575620  
407         1.21740000  1.34918369  0.00575121  
408         1.46228000  1.34946088  0.00574379  
409         1.35692000  1.34947912  0.00572976  
410         1.35140000  1.34948380  0.00571577  
411         1.62536000  1.35015504  0.00574122  
412         1.18916000  1.34976427  0.00574058  
413         1.24992000  1.34952252  0.00573176  
414         1.36864000  1.34956870  0.00571809  
415         1.25868000  1.34934969  0.00570850  
416         1.27900000  1.34918058  0.00569727  
417         1.35188000  1.34918705  0.00568359  
418         1.08920000  1.34856507  0.00570399  
419         1.47668000  1.34887084  0.00569857  
420         1.28260000  1.34871305  0.00568718  
421         1.10540000  1.34813511  0.00570301  
422         1.26176000  1.34793043  0.00569316  
423         1.30936000  1.34783924  0.00568042  
424         1.42384000  1.34801849  0.00566984  
425         1.21800000  1.34771256  0.00566475  
426         1.45292000  1.34795953  0.00565683  
427         1.25860000  1.34775026  0.00564745  
428         1.46396000  1.34802178  0.00564077  
429         1.25288000  1.34780000  0.00563198  
430         1.27392000  1.34762819  0.00562149  
431         1.21036000  1.34730970  0.00561747  
432         1.44652000  1.34753935  0.00560915  
433         1.35600000  1.34755889  0.00559622  
434         1.28556000  1.34741604  0.00558514  
435         1.48836000  1.34774005  0.00558169  
436         1.38416000  1.34782358  0.00556950  
437         1.49680000  1.34816449  0.00556719  
438         1.31880000  1.34809744  0.00555487  
439         1.36156000  1.34812811  0.00554229  
440         1.52912000  1.34853945  0.00554496  
441         1.58800000  1.34908245  0.00555895  
442         1.44124000  1.34929095  0.00555028  
443         1.41716000  1.34944415  0.00553985  
444         1.56116000  1.34992099  0.00554789  
445         1.32688000  1.34986921  0.00553565  
446         1.46248000  1.35012170  0.00552900  
447         1.25028000  1.34989834  0.00552113  
448         1.40540000  1.35002223  0.00551019  
449         1.35128000  1.35002503  0.00549790  
450         1.50524000  1.35036996  0.00549651  
451         1.33760000  1.35034164  0.00548438  
452         1.30000000  1.35023027  0.00547336  
453         1.50356000  1.35056874  0.00547175  
454         1.23276000  1.35030925  0.00546584  
455         1.43996000  1.35050629  0.00545738  
456         1.37200000  1.35055342  0.00544560  
457         1.36776000  1.35059107  0.00543380  
458         1.41520000  1.35073214  0.00542376  
459         1.42460000  1.35089307  0.00541432  
460         1.40604000  1.35101296  0.00540387  
461         1.23736000  1.35076642  0.00539777  
462         1.36980000  1.35080762  0.00538623  
463         1.17488000  1.35042765  0.00538800  
464         1.18644000  1.35007422  0.00538798  
465         1.25476000  1.34986925  0.00538028  
466         1.15552000  1.34945219  0.00538490  
467         1.30676000  1.34936077  0.00537413  
468         1.18408000  1.34900761  0.00537425  
469         1.50884000  1.34934840  0.00537360  
470         1.40504000  1.34946689  0.00536346  
471         1.22828000  1.34920960  0.00535825  
472         1.52340000  1.34957864  0.00535960  
473         1.33244000  1.34954241  0.00534838  
474         1.51048000  1.34988194  0.00534788  
475         1.42896000  1.35004842  0.00533920  
476         1.43336000  1.35022345  0.00533085  
477         1.45392000  1.35044084  0.00532410  
478         1.28768000  1.35030954  0.00531457  
479         1.51744000  1.35065846  0.00531493  
480         1.52856000  1.35102908  0.00531678  
481         1.47232000  1.35128125  0.00531170  
482         1.38020000  1.35134124  0.00530101  
483         1.32516000  1.35128704  0.00529030  
484         1.30132000  1.35118380  0.00528037  
485         1.57892000  1.35165336  0.00529035  
486         1.29216000  1.35153095  0.00528087  
487         1.29524000  1.35141536  0.00527129  
488         1.52984000  1.35178098  0.00527316  
489         1.41660000  1.35191354  0.00526404  
490         1.37952000  1.35196988  0.00525359  
491         1.59816000  1.35247128  0.00526680  
492         1.27244000  1.35230862  0.00525860  
493         1.30032000  1.35220316  0.00524898  
494         1.25480000  1.35200599  0.00524205  
495         1.36284000  1.35202788  0.00523150  
496         1.48032000  1.35228653  0.00522734  
497         1.27096000  1.35212290  0.00521938  
498         1.31896000  1.35205631  0.00520932  
499         1.22480000  1.35180128  0.00520512  
500         1.45204000  1.35200176  0.00519856  
501         1.35972000  1.35201717  0.00518820  
502         1.24776000  1.35180948  0.00518202  
503         1.35468000  1.35181519  0.00517171  
504         1.42300000  1.35195643  0.00516337  
505         1.45960000  1.35216958  0.00515754  
506         1.22536000  1.35191897  0.00515344  
507         1.32236000  1.35186067  0.00514359  
508         1.34240000  1.35184205  0.00513349  
509         1.37056000  1.35187882  0.00512353  
510         1.42816000  1.35202839  0.00511566  
511         1.47320000  1.35226552  0.00511114  
512         1.37260000  1.35230523  0.00510130  
513         1.17772000  1.35196491  0.00510271  
514         1.51656000  1.35228514  0.00510283  
515         1.48860000  1.35254983  0.00509979  
516         1.24404000  1.35233953  0.00509424  
517         1.30432000  1.35224665  0.00508522  
518         1.57780000  1.35268208  0.00509404  
519         1.68884000  1.35332979  0.00512530  
520         1.31296000  1.35325215  0.00511603  
521         1.71460000  1.35394572  0.00515309  
522         1.45856000  1.35414613  0.00514711  
523         1.41108000  1.35425499  0.00513841  
524         1.36108000  1.35426802  0.00512861  
525         1.36060000  1.35428008  0.00511885  
526         1.42788000  1.35442000  0.00511102  
527         1.30200000  1.35432053  0.00510228  
528         1.49800000  1.35459265  0.00509988  
529         1.35072000  1.35458533  0.00509023  
530         1.60688000  1.35506136  0.00510287  
531         1.23016000  1.35482614  0.00509868  
532         1.25300000  1.35463474  0.00509269  
533         1.33428000  1.35459655  0.00508327  
534         1.47852000  1.35482861  0.00507904  
535         1.21320000  1.35456389  0.00507645  
536         1.42112000  1.35468806  0.00506849  
537         1.36484000  1.35470696  0.00505908  
538         1.39848000  1.35478833  0.00505032  
539         1.28188000  1.35465306  0.00504276  
540         1.35016000  1.35464474  0.00503342  
541         1.49296000  1.35490041  0.00503060  
542         1.30580000  1.35480982  0.00502213  
543         1.40400000  1.35490041  0.00501369  
544         1.57468000  1.35530441  0.00502075  
545         1.48600000  1.35554422  0.00501726  
546         1.31700000  1.35547363  0.00500856  
547         1.34608000  1.35545645  0.00499943  
548         1.21012000  1.35519124  0.00499734  
549         1.30712000  1.35510368  0.00498899  
550         1.36120000  1.35511476  0.00497993  
551         1.37196000  1.35514534  0.00497098  
552         1.50472000  1.35541630  0.00496936  
553         1.38152000  1.35546351  0.00496059  
554         1.38000000  1.35550780  0.00495182  
555         1.40216000  1.35559186  0.00494361  
556         1.19232000  1.35529820  0.00494344  
557         1.38168000  1.35534557  0.00493478  
558         1.33644000  1.35531168  0.00492605  
559         1.20476000  1.35504236  0.00492460  
560         1.21372000  1.35479000  0.00492227  
561         1.41852000  1.35490360  0.00491480  
562         1.34192000  1.35488050  0.00490610  
563         1.37888000  1.35492313  0.00489756  
564         1.30788000  1.35483972  0.00488958  
565         1.22572000  1.35461119  0.00488627  
566         1.35980000  1.35462035  0.00487764  
567         1.28856000  1.35450384  0.00487042  
568         1.52648000  1.35480662  0.00487126  
569         1.41800000  1.35491768  0.00486396  
570         1.40080000  1.35499818  0.00485608  
571         1.33840000  1.35496911  0.00484766  
572         1.20868000  1.35471336  0.00484593  
573         1.27572000  1.35457550  0.00483943  
574         1.37080000  1.35460376  0.00483107  
575         1.44228000  1.35475624  0.00482507  
576         1.54084000  1.35507931  0.00482751  
577         1.59940000  1.35550274  0.00483770  
578         1.31204000  1.35542754  0.00482991  
579         1.43740000  1.35556912  0.00482364  
580         1.27176000  1.35542462  0.00481748  
581         1.11860000  1.35501701  0.00482643  
582         1.34976000  1.35500797  0.00481814  
583         1.41024000  1.35510271  0.00481080  
584         1.35724000  1.35510637  0.00480256  
585         1.44572000  1.35526126  0.00479684  
586         1.40760000  1.35535058  0.00478948  
587         1.26244000  1.35519230  0.00478393  
588         1.32504000  1.35514102  0.00477607  
589         1.57588000  1.35551579  0.00478266  
590         1.31624000  1.35544922  0.00477501  
591         1.73688000  1.35609462  0.00481041  
592         1.47040000  1.35628770  0.00480616  
593         1.27140000  1.35614455  0.00480018  
594         1.31276000  1.35607152  0.00479265  
595         1.48396000  1.35628645  0.00478942  
596         1.59972000  1.35669490  0.00479879  
597         1.40176000  1.35677039  0.00479134  
598         1.32848000  1.35672308  0.00478355  
599         1.36800000  1.35674190  0.00477560  
600         1.27464000  1.35660507  0.00476959  
601         1.27188000  1.35646409  0.00476374  
602         1.38544000  1.35651223  0.00475606  
603         1.43896000  1.35664896  0.00475014  
604         1.31960000  1.35658762  0.00474266  
605         1.63748000  1.35705190  0.00475753  
606         1.26632000  1.35690218  0.00475203  
607         1.27972000  1.35677502  0.00474590  
608         1.33248000  1.35673507  0.00473825  
609         1.34548000  1.35671658  0.00473050  
610         1.26468000  1.35656570  0.00472515  
611         1.38308000  1.35660910  0.00471761  
612         1.33624000  1.35657582  0.00471001  
613         1.32896000  1.35653077  0.00470254  
614         1.35244000  1.35652410  0.00469488  
615         1.28180000  1.35640260  0.00468881  
616         1.68508000  1.35693617  0.00471150  
617         1.19188000  1.35666865  0.00471146  
618         1.40120000  1.35674071  0.00470438  
619         1.14108000  1.35639231  0.00470968  
620         1.25832000  1.35623413  0.00470474  
621         1.66788000  1.35673597  0.00472389  
622         1.40384000  1.35681170  0.00471690  
623         1.28900000  1.35670286  0.00471058  
624         1.37752000  1.35673622  0.00470314  
625         1.33816000  1.35670650  0.00469570  
626         1.36496000  1.35671968  0.00468822  
627         1.15988000  1.35640574  0.00469125  
628         1.37676000  1.35643815  0.00468389  
629         1.33068000  1.35639720  0.00467661  
630         1.40752000  1.35647835  0.00466989  
631         1.43584000  1.35660412  0.00466418  
632         1.52336000  1.35686797  0.00466426  
633         1.20020000  1.35662047  0.00466346  
634         1.57556000  1.35696580  0.00466889  
635         1.36520000  1.35697877  0.00466155  
636         1.23728000  1.35679057  0.00465801  
637         1.32084000  1.35673413  0.00465104  
638         1.21740000  1.35651574  0.00464887  
639         1.47376000  1.35669922  0.00464522  
640         1.14696000  1.35637150  0.00464952  
641         1.45028000  1.35651800  0.00464457  
642         1.38992000  1.35657003  0.00463762  
643         1.54696000  1.35686613  0.00463986  
644         1.30676000  1.35678832  0.00463330  
645         1.40048000  1.35685606  0.00462661  
646         1.25012000  1.35669084  0.00462240  
647         1.34568000  1.35667382  0.00461528  
648         1.19592000  1.35642574  0.00461482  
649         1.39816000  1.35649005  0.00460816  
650         1.48348000  1.35668542  0.00460521  
651         1.28924000  1.35658181  0.00459930  
652         1.48924000  1.35678528  0.00459674  
653         1.56528000  1.35710456  0.00460079  
654         1.29288000  1.35700636  0.00459480  
655         1.31580000  1.35694345  0.00458821  
656         1.26008000  1.35679579  0.00458359  
657         1.44556000  1.35693090  0.00457860  
658         1.22816000  1.35673520  0.00457582  
659         1.30516000  1.35665693  0.00456955  
660         1.28780000  1.35655261  0.00456381  
661         1.36412000  1.35656405  0.00455691  
662         1.22136000  1.35635982  0.00455461  
663         1.04620000  1.35589201  0.00457173  
664         1.30024000  1.35580819  0.00456561  
665         1.35388000  1.35580529  0.00455874  
666         1.37472000  1.35583369  0.00455198  
667         1.25912000  1.35568870  0.00454746  
668         1.17992000  1.35542557  0.00454826  
669         1.36532000  1.35544036  0.00454149  
670         1.40816000  1.35551904  0.00453538  
671         1.42940000  1.35562915  0.00452996  
672         1.38336000  1.35567042  0.00452340  
673         1.41684000  1.35576131  0.00451759  
674         1.34376000  1.35574350  0.00451092  
675         1.46216000  1.35590116  0.00450699  
676         1.48740000  1.35609568  0.00450452  
677         1.50512000  1.35631581  0.00450324  
678         1.43132000  1.35642643  0.00449796  
679         1.36792000  1.35644336  0.00449136  
680         1.22848000  1.35625518  0.00448869  
681         1.29764000  1.35616910  0.00448292  
682         1.28436000  1.35606381  0.00447758  
683         1.47696000  1.35624082  0.00447453  
684         1.48404000  1.35642766  0.00447189  
685         1.50540000  1.35664514  0.00447064  
686         1.28252000  1.35653708  0.00446543  
687         1.46620000  1.35669671  0.00446178  
688         1.54656000  1.35697267  0.00446383  
689         1.59852000  1.35732325  0.00447111  
690         1.31708000  1.35726493  0.00446501  
691         1.40328000  1.35733152  0.00445904  
692         1.65360000  1.35775965  0.00447313  
693         1.39552000  1.35781414  0.00446700  
694         1.34732000  1.35779902  0.00446059  
695         1.34880000  1.35778607  0.00445418  
696         1.29376000  1.35769408  0.00444873  
697         1.35592000  1.35769154  0.00444234  
698         1.22296000  1.35749851  0.00444017  
699         1.38696000  1.35754066  0.00443401  
700         1.26640000  1.35741046  0.00442959  
701         1.31060000  1.35734368  0.00442377  
702         1.38104000  1.35737744  0.00441759  
703         1.30592000  1.35730424  0.00441191  
704         1.45596000  1.35744437  0.00440787  
705         1.36288000  1.35745209  0.00440162  
706         1.29652000  1.35736578  0.00439623  
707         1.36408000  1.35737528  0.00439001  
708         1.24484000  1.35721633  0.00438669  
709         1.60076000  1.35755983  0.00439395  
710         1.63032000  1.35794400  0.00440454  
711         1.33940000  1.35791792  0.00439842  
712         1.37744000  1.35794534  0.00439232  
713         1.44284000  1.35806440  0.00438777  
714         1.19544000  1.35783664  0.00438754  
715         1.52476000  1.35807010  0.00438761  
716         1.52164000  1.35829855  0.00438743  
717         1.39392000  1.35834823  0.00438159  
718         1.42700000  1.35844384  0.00437653  
719         1.52588000  1.35867672  0.00437664  
720         1.51904000  1.35889944  0.00437623  
721         1.10604000  1.35854874  0.00438420  
722         1.38204000  1.35858127  0.00437825  
723         1.26416000  1.35845068  0.00437414  
724         1.22644000  1.35826834  0.00437189  
725         1.37760000  1.35829501  0.00436594  
726         1.29696000  1.35821052  0.00436074  
727         1.30876000  1.35814250  0.00435527  
728         1.49968000  1.35833692  0.00435363  
729         1.22232000  1.35815034  0.00435165  
730         1.39444000  1.35820005  0.00434597  
731         1.30304000  1.35812460  0.00434068  
732         1.28836000  1.35802929  0.00433579  
733         1.58424000  1.35833790  0.00434086  
734         1.44492000  1.35845586  0.00433654  
735         1.52096000  1.35867695  0.00433628  
736         1.33684000  1.35864728  0.00433048  
737         1.39508000  1.35869672  0.00432489  
738         1.36556000  1.35870602  0.00431903  
739         1.42912000  1.35880130  0.00431424  
740         1.33156000  1.35876449  0.00430856  
741         1.30572000  1.35869290  0.00430334  
742         1.23132000  1.35852124  0.00430096  
743         1.52008000  1.35873868  0.00430067  
744         1.19224000  1.35851489  0.00430071  
745         1.43744000  1.35862083  0.00429624  
746         1.21372000  1.35842660  0.00429487  
747         1.06324000  1.35803143  0.00430728  
748         1.08704000  1.35766914  0.00431675  
749         1.18404000  1.35743733  0.00431721  
750         1.50252000  1.35763077  0.00431579  
751         1.35500000  1.35762727  0.00431004  
752         1.48948000  1.35780261  0.00430787  
753         1.34524000  1.35778592  0.00430218  
754         1.14296000  1.35750101  0.00430591  
755         1.39628000  1.35755237  0.00430051  
756         1.26896000  1.35743519  0.00429642  
757         1.43036000  1.35753152  0.00429182  
758         1.28132000  1.35743098  0.00428733  
759         1.34952000  1.35742055  0.00428169  
760         1.27280000  1.35730921  0.00427750  
761         1.42896000  1.35740336  0.00427292  
762         1.14516000  1.35712483  0.00427638  
763         1.37464000  1.35714779  0.00427084  
764         1.53360000  1.35737874  0.00427149  
765         1.25820000  1.35724910  0.00426788  
766         1.33784000  1.35722376  0.00426238  
767         1.55928000  1.35748720  0.00426496  
768         1.23660000  1.35732979  0.00426231  
769         1.36312000  1.35733732  0.00425677  
770         1.45976000  1.35747034  0.00425332  
771         1.57568000  1.35775336  0.00425722  
772         1.41660000  1.35782959  0.00425238  
773         1.58200000  1.35811959  0.00425677  
774         1.55132000  1.35836920  0.00425858  
775         1.43240000  1.35846472  0.00425416  
776         1.06452000  1.35808593  0.00426553  
777         1.45140000  1.35820602  0.00426172  
778         1.51840000  1.35841193  0.00426122  
779         1.34920000  1.35840010  0.00425576  
780         1.16556000  1.35815287  0.00425749  
781         1.50224000  1.35833736  0.00425603  
782         1.59268000  1.35863703  0.00426114  
783         1.26608000  1.35851883  0.00425733  
784         1.49628000  1.35869454  0.00425553  
785         1.32512000  1.35865177  0.00425032  
786         1.37652000  1.35867450  0.00424497  
787         1.32560000  1.35863248  0.00423978  
788         1.44096000  1.35873695  0.00423569  
789         1.27524000  1.35863113  0.00423164  
790         1.56948000  1.35889803  0.00423470  
791         1.26856000  1.35878382  0.00423088  
792         1.30500000  1.35871591  0.00422608  
793         1.72544000  1.35917836  0.00424601  
794         1.32484000  1.35913511  0.00424088  
795         1.36612000  1.35914390  0.00423555  
796         1.32972000  1.35910693  0.00423039  
797         1.63156000  1.35944878  0.00423888  
798         1.53412000  1.35966767  0.00423922  
799         1.53332000  1.35988501  0.00423949  
800         1.61804000  1.36020770  0.00424646  
801         1.34100000  1.36018372  0.00424123  
802         1.34564000  1.36016559  0.00423597  
803         1.44136000  1.36026670  0.00423190  
804         1.44160000  1.36036786  0.00422785  
805         1.39224000  1.36040745  0.00422278  
806         1.29204000  1.36032263  0.00421839  
807         1.26336000  1.36020248  0.00421487  
808         1.29144000  1.36011738  0.00421051  
809         1.29812000  1.36004074  0.00420600  
810         1.34908000  1.36002721  0.00420083  
811         1.28932000  1.35994002  0.00419655  
812         1.50644000  1.36012044  0.00419526  
813         1.53124000  1.36033092  0.00419538  
814         1.51352000  1.36051912  0.00419445  
815         1.52696000  1.36072334  0.00419427  
816         1.38420000  1.36075211  0.00418923  
817         1.23340000  1.36059623  0.00418700  
818         1.25548000  1.36046773  0.00418385  
819         1.29368000  1.36038618  0.00417953  
820         1.21124000  1.36020429  0.00417840  
821         1.35856000  1.36020229  0.00417330  
822         1.35780000  1.36019937  0.00416822  
823         1.35764000  1.36019626  0.00416316  
824         1.47744000  1.36033854  0.00416054  
825         1.37980000  1.36036213  0.00415556  
826         1.21332000  1.36018412  0.00415434  
827         1.40228000  1.36023502  0.00414962  
828         1.36604000  1.36024203  0.00414462  
829         1.14156000  1.35997824  0.00414801  
830         1.19824000  1.35978337  0.00414759  
831         1.12128000  1.35949637  0.00415253  
832         1.32136000  1.35945053  0.00414778  
833         1.19920000  1.35925815  0.00414727  
834         1.40276000  1.35931031  0.00414262  
835         1.22052000  1.35914410  0.00414099  
836         1.55524000  1.35937866  0.00414268  
837         1.43204000  1.35946547  0.00413864  
838         1.38628000  1.35949747  0.00413382  
839         1.49576000  1.35965988  0.00413209  
840         1.28952000  1.35957638  0.00412801  
841         1.26828000  1.35946782  0.00412453  
842         1.38632000  1.35949971  0.00411975  
843         1.45988000  1.35961879  0.00411658  
844         1.46096000  1.35973886  0.00411345  
845         1.39884000  1.35978514  0.00410884  
846         1.18992000  1.35958435  0.00410889  
847         1.37280000  1.35959995  0.00410407  
848         1.42300000  1.35967472  0.00409991  
849         1.45652000  1.35978879  0.00409666  
850         1.53076000  1.35998993  0.00409678  
851         1.30176000  1.35992150  0.00409254  
852         1.32240000  1.35987746  0.00408797  
853         1.35884000  1.35987625  0.00408317  
854         1.20380000  1.35969349  0.00408248  
855         1.31352000  1.35963949  0.00407806  
856         1.45968000  1.35975636  0.00407497  
857         1.24252000  1.35961956  0.00407251  
858         1.39704000  1.35966317  0.00406799  
859         1.23620000  1.35951944  0.00406580  
860         1.21876000  1.35935577  0.00406436  
861         1.42216000  1.35942871  0.00406030  
862         1.51860000  1.35961336  0.00405978  
863         1.82848000  1.36015666  0.00409131  
864         1.32176000  1.36011222  0.00408681  
865         1.24984000  1.35998474  0.00408408  
866         1.19588000  1.35979524  0.00408376  
867         1.39848000  1.35983986  0.00407929  
868         1.34448000  1.35982217  0.00407463  
869         1.25064000  1.35969652  0.00407187  
870         1.43468000  1.35978271  0.00406810  
871         1.37644000  1.35980184  0.00406347  
872         1.41936000  1.35987014  0.00405939  
873         1.20940000  1.35969778  0.00405840  
874         1.41800000  1.35976449  0.00405430  
875         1.35528000  1.35975936  0.00404967  
876         1.40220000  1.35980781  0.00404533  
877         1.33272000  1.35977692  0.00404083  
878         1.14644000  1.35953394  0.00404353  
879         1.48376000  1.35967527  0.00404140  
880         1.46104000  1.35979045  0.00403845  
881         1.49604000  1.35994511  0.00403683  
882         1.23236000  1.35980045  0.00403484  
883         1.24256000  1.35966768  0.00403246  
884         1.57688000  1.35991339  0.00403538  
885         1.31364000  1.35986111  0.00403116  
886         1.49868000  1.36001779  0.00402965  
887         1.48144000  1.36015468  0.00402743  
888         1.65056000  1.36048171  0.00403617  
889         1.53216000  1.36067483  0.00403625  
890         1.40476000  1.36072436  0.00403201  
891         1.39888000  1.36076718  0.00402771  
892         1.48256000  1.36090372  0.00402551  
893         1.17828000  1.36069922  0.00402620  
894         1.49980000  1.36085481  0.00402470  
895         1.55368000  1.36107026  0.00402597  
896         1.27472000  1.36097388  0.00402263  
897         1.34180000  1.36095251  0.00401820  
898         1.43360000  1.36103341  0.00401454  
899         1.42788000  1.36110776  0.00401076  
900         1.33112000  1.36107444  0.00400644  
901         1.48092000  1.36120746  0.00400420  
902         1.21196000  1.36104200  0.00400318  
903         1.49540000  1.36119079  0.00400151  
904         1.42340000  1.36125960  0.00399767  
905         1.51752000  1.36143227  0.00399698  
906         1.30388000  1.36136874  0.00399308  
907         1.66528000  1.36170381  0.00400272  
908         1.29880000  1.36163454  0.00399891  
909         1.33964000  1.36161034  0.00399458  
910         1.31020000  1.36155385  0.00399059  
911         1.42116000  1.36161928  0.00398674  
912         1.24704000  1.36149364  0.00398435  
913         1.40464000  1.36154090  0.00398026  
914         1.37312000  1.36155357  0.00397593  
915         1.59008000  1.36180332  0.00397943  
916         1.61580000  1.36208061  0.00398474  
917         1.21444000  1.36191961  0.00398365  
918         1.55304000  1.36212780  0.00398475  
919         1.41216000  1.36218224  0.00398078  
920         1.39616000  1.36221917  0.00397662  
921         1.48976000  1.36235765  0.00397472  
922         1.30116000  1.36229128  0.00397096  
923         1.53620000  1.36247970  0.00397112  
924         1.16564000  1.36226667  0.00397254  
925         1.26544000  1.36216199  0.00396962  
926         1.11428000  1.36189430  0.00397436  
927         1.41372000  1.36195020  0.00397046  
928         1.19544000  1.36177078  0.00397024  
929         1.34444000  1.36175212  0.00396601  
930         1.50920000  1.36191067  0.00396491  
931         1.60132000  1.36216782  0.00396899  
932         1.34668000  1.36215120  0.00396476  
933         1.53192000  1.36233316  0.00396469  
934         1.61928000  1.36260827  0.00396999  
935         1.53812000  1.36279598  0.00397018  
936         1.18332000  1.36260423  0.00397057  
937         1.66212000  1.36292388  0.00397919  
938         1.26536000  1.36281987  0.00397630  
939         1.32760000  1.36278236  0.00397224  
940         1.16512000  1.36257209  0.00397358  
941         1.41440000  1.36262716  0.00396974  
942         1.19856000  1.36245299  0.00396935  
943         1.28616000  1.36237209  0.00396596  
944         1.40636000  1.36241869  0.00396203  
945         1.36084000  1.36241702  0.00395784  
946         1.34180000  1.36239522  0.00395371  
947         1.46664000  1.36250530  0.00395107  
948         1.31224000  1.36245228  0.00394725  
949         1.40472000  1.36249682  0.00394334  
950         1.32820000  1.36246072  0.00393936  
951         1.08236000  1.36216618  0.00394622  
952         1.50900000  1.36232042  0.00394509  
953         1.35532000  1.36231307  0.00394095  
954         1.37384000  1.36232516  0.00393684  
955         1.40256000  1.36236729  0.00393294  
956         1.25360000  1.36225351  0.00393047  
957         1.31204000  1.36220104  0.00392671  
958         1.52732000  1.36237340  0.00392639  
959         1.35084000  1.36236138  0.00392232  
960         1.29248000  1.36228858  0.00391891  
961         1.37564000  1.36230248  0.00391485  
962         1.28860000  1.36222586  0.00391153  
963         1.28904000  1.36214987  0.00390820  
964         1.28316000  1.36206793  0.00390501  
965         1.29608000  1.36199954  0.00390156  
966         1.37468000  1.36201267  0.00389754  
967         1.43420000  1.36208732  0.00389422  
968         1.22436000  1.36194504  0.00389280  
969         1.44768000  1.36203352  0.00388978  
970         1.47640000  1.36215142  0.00388756  
971         1.31448000  1.36210233  0.00388387  
972         1.20880000  1.36194461  0.00388307  
973         1.32992000  1.36191170  0.00387922  
974         1.53164000  1.36208595  0.00387915  
975         1.44204000  1.36216796  0.00387604  
976         1.37536000  1.36218148  0.00387209  
977         1.49140000  1.36231374  0.00387038  
978         1.30760000  1.36225779  0.00386683  
979         1.32880000  1.36222362  0.00386303  
980         1.27540000  1.36213502  0.00386010  
981         1.40712000  1.36218088  0.00385644  
982         1.33704000  1.36215527  0.00385259  
983         1.56112000  1.36235768  0.00385399  
984         1.36460000  1.36235996  0.00385007  
985         1.32192000  1.36231890  0.00384638  
986         1.32960000  1.36228572  0.00384262  
987         1.33064000  1.36225366  0.00383886  
988         1.44036000  1.36233271  0.00383579  
989         1.25044000  1.36221958  0.00383358  
990         1.43996000  1.36229810  0.00383051  
991         1.43732000  1.36237380  0.00382739  
992         1.26440000  1.36227504  0.00382480  
993         1.35384000  1.36226655  0.00382096  
994         1.54304000  1.36244841  0.00382144  
995         1.48320000  1.36256977  0.00381953  
996         1.38856000  1.36259586  0.00381578  
997         1.36808000  1.36260136  0.00381196  
998         1.37400000  1.36261279  0.00380815  
999         1.61208000  1.36286250  0.00381252  
1000        1.19632000  1.36269596  0.00381235  
1001        1.16152000  1.36249499  0.00381384  
1002        1.32328000  1.36245585  0.00381023  
1003        1.23280000  1.36232658  0.00380862  
1004        1.65336000  1.36261645  0.00381585  
1005        1.39640000  1.36265007  0.00381220  
1006        1.21560000  1.36250390  0.00381122  
1007        1.55256000  1.36269263  0.00381211  
1008        1.33332000  1.36266349  0.00380843  
1009        1.50220000  1.36280178  0.00380717  
1010        1.46780000  1.36290574  0.00380482  
1011        1.35432000  1.36289725  0.00380106  
1012        1.29968000  1.36283478  0.00379782  
1013        1.47228000  1.36294282  0.00379561  
1014        1.43732000  1.36301617  0.00379257  
1015        1.22952000  1.36288465  0.00379111  
1016        1.58520000  1.36310346  0.00379370  
1017        1.39480000  1.36313463  0.00379009  
1018        1.29168000  1.36306444  0.00378702  
1019        1.46008000  1.36315965  0.00378450  
1020        1.43760000  1.36323263  0.00378149  
1021        1.23648000  1.36310848  0.00377982  
1022        1.25620000  1.36300387  0.00377757  
1023        1.29952000  1.36294182  0.00377439  
1024        1.17772000  1.36276094  0.00377504  
1025        1.32452000  1.36272363  0.00377154  
1026        1.28116000  1.36264413  0.00376870  
1027        1.25492000  1.36253924  0.00376649  
1028        1.34456000  1.36252175  0.00376286  
1029        1.50856000  1.36266367  0.00376188  
1030        1.24544000  1.36254986  0.00375995  
1031        1.53324000  1.36271542  0.00375995  
1032        1.43884000  1.36278919  0.00375703  
1033        1.36124000  1.36278769  0.00375339  
1034        1.19628000  1.36262665  0.00375321  
1035        1.44344000  1.36270473  0.00375040  
1036        1.36648000  1.36270838  0.00374678  
1037        1.44052000  1.36278341  0.00374391  
1038        1.32508000  1.36274709  0.00374048  
1039        1.46424000  1.36284477  0.00373816  
1040        1.33796000  1.36282085  0.00373464  
1041        1.25452000  1.36271681  0.00373250  
1042        1.48396000  1.36283317  0.00373073  
1043        1.32992000  1.36280161  0.00372728  
1044        1.40676000  1.36284372  0.00372395  
1045        1.26044000  1.36274572  0.00372168  
1046        1.35760000  1.36274080  0.00371812  
1047        1.36332000  1.36274136  0.00371457  
1048        1.31840000  1.36269905  0.00371126  
1049        1.35340000  1.36269018  0.00370773  
1050        1.52236000  1.36284225  0.00370732  
1051        1.28984000  1.36277279  0.00370444  
1052        1.48620000  1.36289011  0.00370278  
1053        1.39512000  1.36292072  0.00369939  
1054        1.41612000  1.36297120  0.00369622  
1055        1.07612000  1.36269930  0.00370271  
1056        1.54744000  1.36287424  0.00370334  
1057        1.53768000  1.36303962  0.00370353  
1058        1.26232000  1.36294442  0.00370125  
1059        1.44268000  1.36301972  0.00369852  
1060        1.29792000  1.36295830  0.00369554  
1061        1.36140000  1.36295683  0.00369205  
1062        1.31064000  1.36290757  0.00368890  
1063        1.44444000  1.36298427  0.00368623  
1064        1.27936000  1.36290568  0.00368360  
1065        1.42832000  1.36296710  0.00368065  
1066        1.47496000  1.36307216  0.00367870  
1067        1.49848000  1.36319906  0.00367744  
1068        1.35948000  1.36319558  0.00367400  
1069        1.39700000  1.36322720  0.00367070  
1070        1.50488000  1.36335959  0.00366965  
1071        1.39992000  1.36339373  0.00366638  
1072        1.38396000  1.36341291  0.00366301  
1073        1.44764000  1.36349141  0.00366044  
1074        1.30968000  1.36344130  0.00365737  
1075        1.25636000  1.36334169  0.00365533  
1076        1.34416000  1.36332387  0.00365197  
1077        1.24756000  1.36321638  0.00365016  
1078        1.62544000  1.36345963  0.00365488  
1079        1.34192000  1.36343967  0.00365154  
1080        1.33056000  1.36340922  0.00364829  
1081        1.54736000  1.36357939  0.00364888  
1082        1.28156000  1.36350359  0.00364629  
1083        1.38120000  1.36351993  0.00364296  
1084        1.20232000  1.36337122  0.00364264  
1085        1.38992000  1.36339569  0.00363936  
1086        1.25816000  1.36329878  0.00363730  
1087        1.46392000  1.36339135  0.00363513  
1088        1.39632000  1.36342162  0.00363191  
1089        1.19196000  1.36326417  0.00363199  
1090        1.34100000  1.36324374  0.00362872  
1091        1.35748000  1.36323846  0.00362539  
1092        1.34828000  1.36322476  0.00362210  
1093        1.28968000  1.36315747  0.00361941  
1094        1.42260000  1.36321181  0.00361650  
1095        1.29896000  1.36315313  0.00361368  
1096        1.40292000  1.36318942  0.00361056  
1097        1.35284000  1.36317998  0.00360728  
1098        1.37940000  1.36319475  0.00360402  
1099        1.37376000  1.36320437  0.00360076  
1100        1.36692000  1.36320775  0.00359748  
1101        1.44648000  1.36328338  0.00359501  
1102        1.45528000  1.36336686  0.00359271  
1103        1.45788000  1.36345255  0.00359048  
1104        1.37988000  1.36346743  0.00358726  
1105        1.32076000  1.36342878  0.00358422  
1106        1.20044000  1.36328141  0.00358401  
1107        1.30400000  1.36322786  0.00358117  
1108        1.41492000  1.36327451  0.00357824  
1109        1.35420000  1.36326633  0.00357502  
1110        1.39776000  1.36329741  0.00357193  
1111        1.30592000  1.36324576  0.00356909  
1112        1.65396000  1.36350719  0.00357545  
1113        1.21452000  1.36337333  0.00357474  
1114        1.34620000  1.36335792  0.00357156  
1115        1.36472000  1.36335914  0.00356836  
1116        1.41744000  1.36340760  0.00356549  
1117        1.34772000  1.36339355  0.00356233  
1118        1.28740000  1.36332558  0.00355979  
1119        1.30868000  1.36327675  0.00355694  
1120        1.30032000  1.36322054  0.00355421  
1121        1.30088000  1.36316492  0.00355147  
1122        1.27180000  1.36308349  0.00354924  
1123        1.15640000  1.36289945  0.00355085  
1124        1.39312000  1.36292633  0.00354779  
1125        1.45312000  1.36300651  0.00354554  
1126        1.44180000  1.36307648  0.00354308  
1127        1.20488000  1.36293611  0.00354272  
1128        1.39836000  1.36296752  0.00353972  
1129        1.20964000  1.36283171  0.00353919  
1130        1.37344000  1.36284110  0.00353606  
1131        1.45220000  1.36292011  0.00353382  
1132        1.28152000  1.36284820  0.00353143  
1133        1.32248000  1.36281257  0.00352849  
1134        1.27036000  1.36273104  0.00352632  
1135        1.47228000  1.36282756  0.00352453  
1136        1.18824000  1.36267387  0.00352478  
1137        1.26908000  1.36259156  0.00352264  
1138        1.54768000  1.36275420  0.00352330  
1139        1.55500000  1.36292299  0.00352425  
1140        1.46576000  1.36301319  0.00352231  
1141        1.59452000  1.36321609  0.00352507  
1142        1.42752000  1.36327240  0.00352243  
1143        1.29804000  1.36321533  0.00351981  
1144        1.32980000  1.36318612  0.00351685  
1145        1.23948000  1.36307808  0.00351544  
1146        1.44168000  1.36314667  0.00351304  
1147        1.55564000  1.36331449  0.00351399  
1148        1.36792000  1.36331850  0.00351093  
1149        1.53768000  1.36347025  0.00351115  
1150        1.30128000  1.36341617  0.00350851  
1151        1.17120000  1.36324917  0.00350944  
1152        1.41232000  1.36329177  0.00350665  
1153        1.31824000  1.36325270  0.00350383  
1154        1.28800000  1.36318749  0.00350140  
1155        1.32024000  1.36315030  0.00349856  
1156        1.26284000  1.36306353  0.00349661  
1157        1.36156000  1.36306223  0.00349359  
1158        1.30908000  1.36301561  0.00349088  
1159        1.19088000  1.36286709  0.00349103  
1160        1.30544000  1.36281759  0.00348837  
1161        1.16692000  1.36264885  0.00348944  
1162        1.28792000  1.36258454  0.00348703  
1163        1.23524000  1.36247505  0.00348575  
1164        1.26712000  1.36239313  0.00348372  
1165        1.38580000  1.36241322  0.00348079  
1166        1.29808000  1.36235804  0.00347824  
1167        1.33596000  1.36233542  0.00347533  
1168        1.31452000  1.36229449  0.00347260  
1169        1.37076000  1.36230173  0.00346963  
1170        1.33208000  1.36227590  0.00346676  
1171        1.27636000  1.36220253  0.00346458  
1172        1.15844000  1.36202867  0.00346598  
1173        1.28552000  1.36196344  0.00346364  
1174        1.32304000  1.36193029  0.00346085  
1175        1.29948000  1.36187714  0.00345831  
1176        1.35428000  1.36187068  0.00345537  
1177        1.13124000  1.36167473  0.00345799  
1178        1.33616000  1.36165307  0.00345512  
1179        1.35776000  1.36164977  0.00345219  
1180        1.47416000  1.36174512  0.00345058  
1181        1.31064000  1.36170185  0.00344793  
1182        1.30060000  1.36165015  0.00344540  
1183        1.31208000  1.36160825  0.00344274  
1184        1.36632000  1.36161223  0.00343984  
1185        1.29680000  1.36155754  0.00343737  
1186        1.06484000  1.36130735  0.00344357  
1187        1.46460000  1.36139437  0.00344177  
1188        1.20724000  1.36126461  0.00344132  
1189        1.43340000  1.36132528  0.00343895  
1190        1.47924000  1.36142437  0.00343749  
1191        1.38252000  1.36144208  0.00343465  
1192        1.26476000  1.36136097  0.00343273  
1193        1.30552000  1.36131417  0.00343017  
1194        1.41008000  1.36135501  0.00342754  
1195        1.34168000  1.36133854  0.00342471  
1196        1.31752000  1.36130191  0.00342204  
1197        1.46368000  1.36138744  0.00342025  
1198        1.38372000  1.36140608  0.00341744  
1199        1.24248000  1.36130689  0.00341603  
1200        1.41128000  1.36134853  0.00341344  
1201        1.56928000  1.36152167  0.00341499  
1202        1.38660000  1.36154253  0.00341221  
1203        1.24768000  1.36144788  0.00341068  
1204        1.32740000  1.36141960  0.00340797  
1205        1.28516000  1.36135632  0.00340572  
1206        1.32916000  1.36132962  0.00340300  
1207        1.61264000  1.36153783  0.00340655  
1208        1.40480000  1.36157364  0.00340392  
1209        1.31408000  1.36153436  0.00340133  
1210        1.37516000  1.36154562  0.00339854  
1211        1.54916000  1.36170055  0.00339926  
1212        1.37556000  1.36171198  0.00339647  
1213        1.34696000  1.36169982  0.00339370  
1214        1.50640000  1.36181901  0.00339299  
1215        1.38560000  1.36183858  0.00339026  
1216        1.35636000  1.36183408  0.00338747  
1217        1.31440000  1.36179510  0.00338491  
1218        1.23536000  1.36169130  0.00338372  
1219        1.38604000  1.36171127  0.00338100  
1220        1.46376000  1.36179492  0.00337927  
1221        1.25356000  1.36170627  0.00337766  
1222        1.31804000  1.36167054  0.00337509  
1223        1.30868000  1.36162721  0.00337260  
1224        1.30432000  1.36158039  0.00337017  
1225        1.62712000  1.36179716  0.00337439  
1226        1.35964000  1.36179540  0.00337164  
1227        1.37328000  1.36180476  0.00336890  
1228        1.35524000  1.36179941  0.00336616  
1229        1.34284000  1.36178399  0.00336346  
1230        1.38200000  1.36180042  0.00336076  
1231        1.27992000  1.36173391  0.00335869  
1232        1.43224000  1.36179114  0.00335645  
1233        1.28552000  1.36172928  0.00335429  
1234        1.42244000  1.36177848  0.00335194  
1235        1.18596000  1.36163611  0.00335225  
1236        1.31272000  1.36159654  0.00334977  
1237        1.35200000  1.36158878  0.00334707  
1238        1.26728000  1.36151260  0.00334523  
1239        1.20204000  1.36138389  0.00334501  
1240        1.47556000  1.36147597  0.00334357  
1241        1.38472000  1.36149470  0.00334093  
1242        1.43032000  1.36155011  0.00333870  
1243        1.13876000  1.36137088  0.00334082  
1244        1.48220000  1.36146801  0.00333955  
1245        1.22904000  1.36136164  0.00333856  
1246        1.30720000  1.36131817  0.00333617  
1247        1.36452000  1.36132074  0.00333349  
1248        1.42400000  1.36137096  0.00333120  
1249        1.30088000  1.36132253  0.00332888  
1250        1.45112000  1.36139437  0.00332699  
1251        1.24288000  1.36129963  0.00332568  
1252        1.37252000  1.36130859  0.00332304  
1253        1.52148000  1.36143642  0.00332284  
1254        1.31556000  1.36139984  0.00332039  
1255        1.32760000  1.36137291  0.00331786  
1256        1.45840000  1.36145016  0.00331611  
1257        1.51112000  1.36156923  0.00331561  
1258        1.42880000  1.36162267  0.00331341  
1259        1.24292000  1.36152839  0.00331212  
1260        1.54020000  1.36167019  0.00331252  
1261        1.34320000  1.36165554  0.00330993  
1262        1.28764000  1.36159689  0.00330782  
1263        1.36852000  1.36160238  0.00330521  
1264        1.41232000  1.36164250  0.00330284  
1265        1.46648000  1.36172538  0.00330126  
1266        1.24344000  1.36163194  0.00329998  
1267        1.25368000  1.36154674  0.00329847  
1268        1.50172000  1.36165729  0.00329772  
1269        1.44440000  1.36172249  0.00329577  
1270        1.26968000  1.36165002  0.00329397  
1271        1.43964000  1.36171138  0.00329195  
1272        1.52760000  1.36184179  0.00329195  
1273        1.48244000  1.36193653  0.00329072  
1274        1.63988000  1.36215469  0.00329537  
1275        1.30056000  1.36210638  0.00329314  
1276        1.29464000  1.36205351  0.00329098  
1277        1.64580000  1.36227571  0.00329590  
1278        1.24532000  1.36218419  0.00329459  
1279        1.25784000  1.36210261  0.00329303  
1280        1.10276000  1.36190000  0.00329668  
1281        1.32680000  1.36187260  0.00329422  
1282        1.38304000  1.36188911  0.00329169  
1283        1.62876000  1.36209712  0.00329570  
1284        1.39292000  1.36212112  0.00329322  
1285        1.47208000  1.36220669  0.00329177  
1286        1.54028000  1.36234516  0.00329212  
1287        1.60288000  1.36253206  0.00329487  
1288        1.61920000  1.36273134  0.00329833  
1289        1.38576000  1.36274920  0.00329582  
1290        1.31520000  1.36271234  0.00329347  
1291        1.31100000  1.36267229  0.00329116  
1292        1.57016000  1.36283288  0.00329253  
1293        1.51372000  1.36294957  0.00329205  
1294        1.41980000  1.36299351  0.00328980  
1295        1.47496000  1.36307997  0.00328840  
1296        1.39784000  1.36310679  0.00328597  
1297        1.32716000  1.36307907  0.00328355  
1298        1.16388000  1.36292561  0.00328461  
1299        1.21236000  1.36280970  0.00328412  
1300        1.49260000  1.36290954  0.00328312  
1301        1.27692000  1.36284344  0.00328126  
1302        1.36172000  1.36284258  0.00327874  
1303        1.34184000  1.36282646  0.00327626  
1304        1.39240000  1.36284914  0.00327382  
1305        1.52612000  1.36297425  0.00327371  
1306        1.32524000  1.36294536  0.00327133  
1307        1.45168000  1.36301325  0.00326953  
1308        1.28280000  1.36295193  0.00326760  
1309        1.44864000  1.36301739  0.00326576  
1310        1.50012000  1.36312205  0.00326494  
1311        1.25160000  1.36303698  0.00326356  
1312        1.58316000  1.36320476  0.00326539  
1313        1.35880000  1.36320140  0.00326290  
1314        1.34864000  1.36319032  0.00326043  
1315        1.39924000  1.36321773  0.00325807  
1316        1.39036000  1.36323836  0.00325566  
1317        1.36160000  1.36323711  0.00325319  
1318        1.32352000  1.36320698  0.00325086  
1319        1.29900000  1.36315830  0.00324876  
1320        1.34964000  1.36314806  0.00324631  
1321        1.50896000  1.36325844  0.00324573  
1322        1.17284000  1.36311440  0.00324647  
1323        1.20232000  1.36299286  0.00324629  
1324        1.43640000  1.36304831  0.00324431  
1325        1.33280000  1.36302548  0.00324194  
1326        1.67716000  1.36326238  0.00324815  
1327        1.22668000  1.36315946  0.00324733  
1328        1.43832000  1.36321605  0.00324538  
1329        1.42944000  1.36326588  0.00324332  
1330        1.32568000  1.36323762  0.00324100  
1331        1.40888000  1.36327192  0.00323875  
1332        1.19520000  1.36314574  0.00323877  
1333        1.35032000  1.36313611  0.00323636  
1334        1.33500000  1.36311502  0.00323400  
1335        1.21384000  1.36300321  0.00323351  
1336        1.27140000  1.36293464  0.00323182  
1337        1.36496000  1.36293616  0.00322940  
1338        1.49112000  1.36303196  0.00322840  
1339        1.27936000  1.36296947  0.00322660  
1340        1.18736000  1.36283842  0.00322685  
1341        1.30832000  1.36279776  0.00322470  
1342        1.28816000  1.36274215  0.00322278  
1343        1.22556000  1.36264000  0.00322200  
1344        1.26940000  1.36257062  0.00322034  
1345        1.26400000  1.36249734  0.00321878  
1346        1.37748000  1.36250847  0.00321641  
1347        1.64796000  1.36272039  0.00322100  
1348        1.45268000  1.36278712  0.00321930  
1349        1.31060000  1.36274844  0.00321715  
1350        1.31464000  1.36271280  0.00321496  
1351        1.43568000  1.36276681  0.00321303  
1352        1.31072000  1.36272831  0.00321089  
1353        1.40500000  1.36275956  0.00320867  
1354        1.63716000  1.36296222  0.00321269  
1355        1.13428000  1.36279345  0.00321476  
1356        1.35140000  1.36278504  0.00321239  
1357        1.36624000  1.36278759  0.00321003  
1358        1.35152000  1.36277929  0.00320767  
1359        1.38380000  1.36279476  0.00320535  
1360        1.42364000  1.36283950  0.00320330  
1361        1.31324000  1.36280306  0.00320116  
1362        1.31152000  1.36276540  0.00319903  
1363        1.12764000  1.36259290  0.00320133  
1364        1.57884000  1.36275144  0.00320291  
1365        1.34384000  1.36273758  0.00320059  
1366        1.32408000  1.36270928  0.00319837  
1367        1.35376000  1.36270274  0.00319604  
1368        1.28580000  1.36264652  0.00319420  
1369        1.25568000  1.36256839  0.00319282  
1370        1.44060000  1.36262534  0.00319100  
1371        1.61480000  1.36280928  0.00319397  
1372        1.11688000  1.36263003  0.00319667  
1373        1.44248000  1.36268819  0.00319487  
1374        1.45960000  1.36275872  0.00319332  
1375        1.26600000  1.36268835  0.00319177  
1376        1.45108000  1.36275259  0.00319010  
1377        1.24960000  1.36267041  0.00318884  
1378        1.36404000  1.36267141  0.00318653  
1379        1.27320000  1.36260653  0.00318488  
1380        1.30964000  1.36256814  0.00318280  
1381        1.46028000  1.36263890  0.00318128  
1382        1.64080000  1.36284017  0.00318534  
1383        1.26656000  1.36277056  0.00318380  
1384        1.22452000  1.36267066  0.00318307  
1385        1.26280000  1.36259856  0.00318159  
1386        1.29080000  1.36254675  0.00317971  
1387        1.32736000  1.36252138  0.00317752  
1388        1.47384000  1.36260159  0.00317624  
1389        1.51960000  1.36271461  0.00317597  
1390        1.39716000  1.36273940  0.00317378  
1391        1.65032000  1.36294614  0.00317823  
1392        1.47872000  1.36302931  0.00317703  
1393        1.18132000  1.36289887  0.00317743  
1394        1.18212000  1.36276918  0.00317780  
1395        1.37336000  1.36277677  0.00317553  
1396        1.21388000  1.36267011  0.00317504  
1397        1.45832000  1.36273858  0.00317351  
1398        1.27768000  1.36267774  0.00317182  
1399        1.43468000  1.36272921  0.00316997  
1400        1.68116000  1.36295666  0.00317586  
1401        1.41048000  1.36299058  0.00317377  
1402        1.32084000  1.36296051  0.00317165  
1403        1.11868000  1.36278640  0.00317417  
1404        1.64792000  1.36298949  0.00317840  
1405        1.50188000  1.36308834  0.00317768  
1406        1.26808000  1.36302077  0.00317614  
1407        1.17120000  1.36288443  0.00317680  
1408        1.21744000  1.36278114  0.00317623  
1409        1.45536000  1.36284684  0.00317465  
1410        1.45376000  1.36291132  0.00317305  
1411        1.48948000  1.36300102  0.00317207  
1412        1.39344000  1.36302258  0.00316990  
1413        1.40168000  1.36304994  0.00316777  
1414        1.23996000  1.36296289  0.00316673  
1415        1.36316000  1.36296302  0.00316449  
1416        1.68784000  1.36319246  0.00317057  
1417        1.38412000  1.36320723  0.00316836  
1418        1.35996000  1.36320494  0.00316613  
1419        1.63200000  1.36339436  0.00316956  
1420        1.45276000  1.36345730  0.00316795  
1421        1.48380000  1.36354198  0.00316686  
1422        1.31564000  1.36350830  0.00316481  
1423        1.39524000  1.36353060  0.00316266  
1424        1.60216000  1.36369817  0.00316488  
1425        1.40256000  1.36372545  0.00316278  
1426        1.38780000  1.36374233  0.00316060  
1427        1.23480000  1.36365197  0.00315968  
1428        1.26308000  1.36358154  0.00315825  
1429        1.30224000  1.36353861  0.00315633  
1430        1.51148000  1.36364207  0.00315582  
1431        1.59432000  1.36380327  0.00315773  
1432        1.29368000  1.36375430  0.00315591  
1433        1.38184000  1.36376692  0.00315373  
1434        1.20752000  1.36365796  0.00315341  
1435        1.35216000  1.36364995  0.00315122  
1436        1.34704000  1.36363838  0.00314905  
1437        1.40780000  1.36366912  0.00314701  
1438        1.48568000  1.36375396  0.00314596  
1439        1.32168000  1.36372473  0.00314391  
1440        1.29288000  1.36367553  0.00314211  
1441        1.36564000  1.36367689  0.00313993  
1442        1.53644000  1.36379670  0.00314004  
1443        1.48672000  1.36388188  0.00313902  
1444        1.56128000  1.36401859  0.00313982  
1445        1.40460000  1.36404667  0.00313777  
1446        1.33496000  1.36402656  0.00313567  
1447        1.50556000  1.36412437  0.00313503  
1448        1.26536000  1.36405616  0.00313360  
1449        1.35904000  1.36405270  0.00313144  
1450        1.23212000  1.36396171  0.00313060  
1451        1.38172000  1.36397395  0.00312847  
1452        1.19488000  1.36385749  0.00312848  
1453        1.21608000  1.36375579  0.00312798  
1454        1.42432000  1.36379744  0.00312611  
1455        1.30592000  1.36375766  0.00312421  
1456        1.25440000  1.36368255  0.00312297  
1457        1.39548000  1.36370438  0.00312090  
1458        1.44920000  1.36376302  0.00311931  
1459        1.35784000  1.36375896  0.00311717  
1460        1.31924000  1.36372847  0.00311519  
1461        1.50516000  1.36382527  0.00311456  
1462        1.36812000  1.36382821  0.00311243  
1463        1.43180000  1.36387467  0.00311065  
1464        1.27916000  1.36381680  0.00310906  
1465        1.44796000  1.36387424  0.00310747  
1466        1.26960000  1.36380993  0.00310601  
1467        1.39176000  1.36382898  0.00310395  
1468        1.31052000  1.36379267  0.00310205  
1469        1.54792000  1.36391801  0.00310247  
1470        1.48476000  1.36400022  0.00310145  
1471        1.32600000  1.36397438  0.00309945  
1472        1.50364000  1.36406927  0.00309880  
1473        1.32528000  1.36404293  0.00309680  
1474        1.20096000  1.36393229  0.00309668  
1475        1.32404000  1.36390525  0.00309470  
1476        1.39612000  1.36392707  0.00309268  
1477        1.29040000  1.36387729  0.00309098  
1478        1.28168000  1.36382168  0.00308939  
1479        1.22196000  1.36372576  0.00308879  
1480        1.32120000  1.36369703  0.00308684  
1481        1.25540000  1.36362390  0.00308562  
1482        1.51472000  1.36372586  0.00308522  
1483        1.32052000  1.36369672  0.00308328  
1484        1.46064000  1.36376205  0.00308189  
1485        1.51064000  1.36386096  0.00308140  
1486        1.23424000  1.36377373  0.00308057  
1487        1.42684000  1.36381614  0.00307878  
1488        1.21360000  1.36371519  0.00307837  
1489        1.43768000  1.36376486  0.00307670  
1490        1.24744000  1.36368679  0.00307563  
1491        1.12896000  1.36352936  0.00307759  
1492        1.29096000  1.36348072  0.00307592  
1493        1.36992000  1.36348504  0.00307386  
1494        1.34928000  1.36347553  0.00307181  
1495        1.33200000  1.36345447  0.00306983  
1496        1.37024000  1.36345901  0.00306778  
1497        1.20476000  1.36335300  0.00306756  
1498        1.32324000  1.36332622  0.00306563  
1499        1.40872000  1.36335650  0.00306374  
1500        1.34552000  1.36334461  0.00306172  
1501        1.26500000  1.36327909  0.00306038  
1502        1.20148000  1.36317137  0.00306024  
1503        1.45056000  1.36322951  0.00305875  
1504        1.26588000  1.36316479  0.00305740  
1505        1.26940000  1.36310249  0.00305601  
1506        1.37716000  1.36311182  0.00305399  
1507        1.20872000  1.36300937  0.00305368  
1508        1.50700000  1.36310485  0.00305315  
1509        1.43556000  1.36315287  0.00305150  
1510        1.16556000  1.36302201  0.00305229  
1511        1.25192000  1.36294848  0.00305115  
1512        1.31648000  1.36291775  0.00304929  
1513        1.46224000  1.36298340  0.00304798  
1514        1.49520000  1.36307073  0.00304722  
1515        1.35056000  1.36306247  0.00304522  
1516        1.59632000  1.36321633  0.00304710  
1517        1.57624000  1.36335676  0.00304832  
1518        1.47404000  1.36342967  0.00304719  
1519        1.09916000  1.36325569  0.00305015  
1520        1.27432000  1.36319718  0.00304870  
1521        1.45124000  1.36325507  0.00304724  
1522        1.30304000  1.36321551  0.00304550  
1523        1.50864000  1.36331099  0.00304500  
1524        1.40248000  1.36333669  0.00304311  
1525        1.31368000  1.36330413  0.00304128  
1526        1.28676000  1.36325397  0.00303970  
1527        1.48740000  1.36333527  0.00303880  
1528        1.25196000  1.36326238  0.00303769  
1529        1.28784000  1.36321305  0.00303610  
1530        1.33548000  1.36319493  0.00303417  
1531        1.43836000  1.36324402  0.00303258  
1532        1.24296000  1.36316551  0.00303162  
1533        1.51240000  1.36326286  0.00303121  
1534        1.33160000  1.36324222  0.00302930  
1535        1.29956000  1.36320073  0.00302761  
1536        1.22112000  1.36310823  0.00302705  
1537        1.23252000  1.36302327  0.00302627  
1538        1.35952000  1.36302099  0.00302431  
1539        1.39048000  1.36303883  0.00302239  
1540        1.35780000  1.36303543  0.00302043  
1541        1.42532000  1.36307585  0.00301874  
1542        1.56588000  1.36320737  0.00301965  
1543        1.31192000  1.36317413  0.00301787  
1544        1.43748000  1.36322225  0.00301630  
1545        1.59180000  1.36337020  0.00301798  
1546        1.30004000  1.36332924  0.00301630  
1547        1.26796000  1.36326759  0.00301498  
1548        1.57204000  1.36340245  0.00301605  
1549        1.23592000  1.36332015  0.00301523  
1550        1.34460000  1.36330808  0.00301331  
1551        1.43304000  1.36335304  0.00301170  
1552        1.44120000  1.36340320  0.00301018  
1553        1.31472000  1.36337185  0.00300840  
1554        1.45172000  1.36342870  0.00300700  
1555        1.19576000  1.36332087  0.00300700  
1556        1.33604000  1.36330334  0.00300512  
1557        1.39520000  1.36332383  0.00300326  
1558        1.46984000  1.36339220  0.00300211  
1559        1.56236000  1.36351982  0.00300289  
1560        1.30848000  1.36348454  0.00300118  
1561        1.37160000  1.36348974  0.00299926  
1562        1.27692000  1.36343431  0.00299785  
1563        1.57776000  1.36357144  0.00299907  
1564        1.47908000  1.36364529  0.00299806  
1565        1.46692000  1.36371128  0.00299687  
1566        1.36100000  1.36370955  0.00299496  
1567        1.28860000  1.36366162  0.00299343  
1568        1.19476000  1.36355390  0.00299346  
1569        1.34268000  1.36354060  0.00299158  
1570        1.22948000  1.36345521  0.00299089  
1571        1.22824000  1.36336914  0.00299023  
1572        1.74692000  1.36361313  0.00299827  
1573        1.46956000  1.36368048  0.00299712  
1574        1.31908000  1.36365215  0.00299535  
1575        1.12308000  1.36349940  0.00299734  
1576        1.27848000  1.36344546  0.00299592  
1577        1.29316000  1.36340089  0.00299435  
1578        1.36888000  1.36340436  0.00299246  
1579        1.53516000  1.36351313  0.00299254  
1580        1.44948000  1.36356754  0.00299114  
1581        1.42860000  1.36360868  0.00298953  
1582        1.36484000  1.36360946  0.00298764  
1583        1.38160000  1.36362082  0.00298577  
1584        1.35428000  1.36361492  0.00298389  
1585        1.29616000  1.36357237  0.00298231  
1586        1.59668000  1.36371934  0.00298405  
1587        1.20996000  1.36362246  0.00298375  
1588        1.38424000  1.36363544  0.00298190  
1589        1.33048000  1.36361458  0.00298009  
1590        1.55808000  1.36373688  0.00298073  
1591        1.34244000  1.36372349  0.00297888  
1592        1.21360000  1.36362920  0.00297850  
1593        1.28708000  1.36358114  0.00297702  
1594        1.39212000  1.36359905  0.00297521  
1595        1.32812000  1.36357680  0.00297342  
1596        1.27572000  1.36352175  0.00297207  
1597        1.14892000  1.36338738  0.00297325  
1598        1.33500000  1.36336961  0.00297144  
1599        1.46444000  1.36343282  0.00297025  
1600        1.57680000  1.36356618  0.00297139  
1601        1.35044000  1.36355798  0.00296954  
1602        1.20880000  1.36346137  0.00296926  
1603        1.12596000  1.36331321  0.00297111  
1604        1.38232000  1.36332506  0.00296928  
1605        1.26244000  1.36326221  0.00296809  
1606        1.52352000  1.36336199  0.00296792  
1607        1.41852000  1.36339632  0.00296627  
1608        1.24040000  1.36331983  0.00296541  
1609        1.48720000  1.36339682  0.00296457  
1610        1.35460000  1.36339135  0.00296273  
1611        1.22708000  1.36330674  0.00296210  
1612        1.38268000  1.36331876  0.00296029  
1613        1.32852000  1.36329719  0.00295853  
1614        1.31052000  1.36326449  0.00295688  
1615        1.40384000  1.36328961  0.00295515  
1616        1.32536000  1.36326614  0.00295342  
1617        1.36844000  1.36326934  0.00295159  
1618        1.39948000  1.36329172  0.00294985  
1619        1.59180000  1.36343286  0.00295141  
1620        1.17772000  1.36331822  0.00295181  
1621        1.34592000  1.36330749  0.00295001  
1622        1.39320000  1.36332592  0.00294825  
1623        1.33392000  1.36330780  0.00294649  
1624        1.16232000  1.36318404  0.00294727  
1625        1.55128000  1.36329979  0.00294773  
1626        1.35876000  1.36329700  0.00294592  
1627        1.39520000  1.36331661  0.00294417  
1628        1.50924000  1.36340624  0.00294373  
1629        1.21172000  1.36331312  0.00294339  
1630        1.67832000  1.36350638  0.00294793  
1631        1.33896000  1.36349133  0.00294616  
1632        1.32048000  1.36346498  0.00294447  
1633        1.35952000  1.36346256  0.00294267  
1634        1.41184000  1.36349217  0.00294102  
1635        1.46764000  1.36355587  0.00293991  
1636        1.57296000  1.36368386  0.00294090  
1637        1.27176000  1.36362771  0.00293964  
1638        1.29728000  1.36358720  0.00293812  
1639        1.38596000  1.36360085  0.00293636  
1640        1.42572000  1.36363873  0.00293481  
1641        1.54308000  1.36374808  0.00293506  
1642        1.39416000  1.36376660  0.00293333  
1643        1.63808000  1.36393356  0.00293630  
1644        1.17848000  1.36382075  0.00293668  
1645        1.27852000  1.36376890  0.00293535  
1646        1.27360000  1.36371412  0.00293408  
1647        1.41916000  1.36374778  0.00293249  
1648        1.62952000  1.36390905  0.00293514  
1649        1.32652000  1.36388638  0.00293345  
1650        1.29252000  1.36384313  0.00293199  
1651        1.34684000  1.36383283  0.00293023  
1652        1.46480000  1.36389395  0.00292909  
1653        1.44324000  1.36394195  0.00292771  
1654        1.46112000  1.36400070  0.00292653  
1655        1.28592000  1.36395352  0.00292515  
1656        1.37288000  1.36395891  0.00292338  
1657        1.74096000  1.36418643  0.00293046  
1658        1.25156000  1.36411850  0.00292948  
1659        1.27792000  1.36406655  0.00292818  
1660        1.19852000  1.36396682  0.00292811  
1661        1.22588000  1.36388368  0.00292753  
1662        1.31876000  1.36385653  0.00292589  
1663        1.42608000  1.36389395  0.00292437  
1664        1.38812000  1.36390851  0.00292265  
1665        1.34456000  1.36389689  0.00292092  
1666        1.33768000  1.36388115  0.00291921  
1667        1.25288000  1.36381457  0.00291822  
1668        1.34668000  1.36380429  0.00291648  
1669        1.55644000  1.36391971  0.00291702  
1670        1.42504000  1.36395631  0.00291550  
1671        1.24624000  1.36388586  0.00291461  
1672        1.13940000  1.36375160  0.00291596  
1673        1.36292000  1.36375111  0.00291421  
1674        1.33408000  1.36373338  0.00291253  
1675        1.36704000  1.36373536  0.00291079  
1676        1.52080000  1.36382907  0.00291056  
1677        1.15712000  1.36370581  0.00291143  
1678        1.42812000  1.36374420  0.00290995  
1679        1.23072000  1.36366497  0.00290930  
1680        1.43204000  1.36370567  0.00290785  
1681        1.33812000  1.36369045  0.00290616  
1682        1.09920000  1.36353320  0.00290869  
1683        1.36800000  1.36353585  0.00290696  
1684        1.40460000  1.36356024  0.00290533  
1685        1.37800000  1.36356881  0.00290362  
1686        1.37300000  1.36357440  0.00290190  
1687        1.49500000  1.36365231  0.00290123  
1688        1.51664000  1.36374294  0.00290093  
1689        1.32020000  1.36371716  0.00289932  
1690        1.47588000  1.36378353  0.00289837  
1691        1.40792000  1.36380963  0.00289677  
1692        1.34744000  1.36379995  0.00289507  
1693        1.30920000  1.36376770  0.00289354  
1694        1.32664000  1.36374579  0.00289192  
1695        1.29908000  1.36370763  0.00289046  
1696        1.35244000  1.36370099  0.00288876  
1697        1.57788000  1.36382720  0.00288982  
1698        1.17220000  1.36371435  0.00289032  
1699        1.38044000  1.36372419  0.00288864  
1700        1.45472000  1.36377772  0.00288743  
1701        1.32444000  1.36375459  0.00288583  
1702        1.48216000  1.36382416  0.00288497  
1703        1.34224000  1.36381149  0.00288330  
1704        1.08988000  1.36365073  0.00288609  
1705        1.33772000  1.36363552  0.00288444  
1706        1.40140000  1.36365766  0.00288283  
1707        1.36732000  1.36365980  0.00288114  
1708        1.19276000  1.36355974  0.00288119  
1709        1.12908000  1.36342254  0.00288277  
1710        1.18436000  1.36331782  0.00288299  
1711        1.19404000  1.36321889  0.00288300  
1712        1.53776000  1.36332084  0.00288312  
1713        1.20800000  1.36323017  0.00288286  
1714        1.27088000  1.36317629  0.00288169  
1715        1.47612000  1.36324215  0.00288076  
1716        1.08040000  1.36307732  0.00288379  
1717        1.42860000  1.36311548  0.00288237  
1718        1.38100000  1.36312589  0.00288071  
1719        1.35900000  1.36312349  0.00287903  
1720        1.64748000  1.36328881  0.00288210  
1721        1.26680000  1.36323275  0.00288097  
1722        1.30592000  1.36319947  0.00287949  
1723        1.54204000  1.36330326  0.00287969  
1724        1.43700000  1.36334601  0.00287834  
1725        1.35636000  1.36334196  0.00287667  
1726        1.38484000  1.36335441  0.00287503  
1727        1.26496000  1.36329744  0.00287393  
1728        1.40640000  1.36332238  0.00287238  
1729        1.48020000  1.36338998  0.00287151  
1730        1.48860000  1.36346236  0.00287076  
1731        1.31348000  1.36343348  0.00286925  
1732        1.16264000  1.36331755  0.00286993  
1733        1.20388000  1.36322555  0.00286975  
1734        1.30740000  1.36319336  0.00286828  
1735        1.38616000  1.36320659  0.00286665  
1736        1.41096000  1.36323410  0.00286513  
1737        1.46600000  1.36329326  0.00286410  
1738        1.41492000  1.36332297  0.00286260  
1739        1.34268000  1.36331110  0.00286098  
1740        1.38620000  1.36332425  0.00285936  
1741        1.40276000  1.36334690  0.00285781  
1742        1.16460000  1.36323281  0.00285845  
1743        1.43952000  1.36327658  0.00285714  
1744        1.30156000  1.36324119  0.00285572  
1745        1.36684000  1.36324326  0.00285409  
1746        1.29072000  1.36320172  0.00285276  
1747        1.25348000  1.36313891  0.00285181  
1748        1.33168000  1.36312092  0.00285024  
1749        1.26680000  1.36306584  0.00284914  
1750        1.36332000  1.36306599  0.00284751  
1751        1.43000000  1.36310421  0.00284614  
1752        1.30740000  1.36307242  0.00284469  
1753        1.35012000  1.36306503  0.00284308  
1754        1.18456000  1.36296326  0.00284328  
1755        1.57756000  1.36308554  0.00284429  
1756        1.24328000  1.36301731  0.00284349  
1757        1.29888000  1.36298081  0.00284210  
1758        1.41080000  1.36300801  0.00284062  
1759        1.31492000  1.36298067  0.00283913  
1760        1.31800000  1.36295511  0.00283764  
1761        1.41884000  1.36298685  0.00283620  
1762        1.54648000  1.36309099  0.00283650  
1763        1.31248000  1.36306228  0.00283504  
1764        1.25080000  1.36299864  0.00283415  
1765        1.35792000  1.36299576  0.00283254  
1766        1.52996000  1.36309031  0.00283252  
1767        1.40368000  1.36311328  0.00283101  
1768        1.37764000  1.36312149  0.00282942  
1769        1.33472000  1.36310544  0.00282786  
1770        1.30076000  1.36307021  0.00282648  
1771        1.41200000  1.36309784  0.00282502  
1772        1.27296000  1.36304698  0.00282388  
1773        1.18284000  1.36294534  0.00282412  
1774        1.45212000  1.36299560  0.00282298  
1775        1.28372000  1.36295094  0.00282174  
1776        1.22764000  1.36287475  0.00282118  
1777        1.36004000  1.36287316  0.00281959  
1778        1.44076000  1.36291696  0.00281835  
1779        1.50768000  1.36299834  0.00281794  
1780        1.34084000  1.36298589  0.00281638  
1781        1.20140000  1.36289516  0.00281626  
1782        1.46360000  1.36295167  0.00281525  
1783        1.31744000  1.36292615  0.00281378  
1784        1.33792000  1.36291213  0.00281224  
1785        1.44744000  1.36295948  0.00281106  
1786        1.47096000  1.36301996  0.00281014  
1787        1.61316000  1.36315993  0.00281205  
1788        1.69412000  1.36334503  0.00281657  
1789        1.18412000  1.36324485  0.00281678  
1790        1.38560000  1.36325734  0.00281523  
1791        1.31624000  1.36323109  0.00281378  
1792        1.38384000  1.36324259  0.00281223  
1793        1.33648000  1.36322766  0.00281070  
1794        1.27344000  1.36317761  0.00280958  
1795        1.18716000  1.36307955  0.00280973  
1796        1.21448000  1.36299682  0.00280938  
1797        1.30716000  1.36296574  0.00280799  
1798        1.35044000  1.36295878  0.00280644  
1799        1.45140000  1.36300794  0.00280531  
1800        1.30520000  1.36297582  0.00280393  
1801        1.22232000  1.36289772  0.00280346  
1802        1.30716000  1.36286679  0.00280208  
1803        1.36364000  1.36286722  0.00280052  
1804        1.38896000  1.36288169  0.00279901  
1805        1.44276000  1.36292594  0.00279781  
1806        1.28932000  1.36288518  0.00279655  
1807        1.35180000  1.36287905  0.00279501  
1808        1.40096000  1.36290011  0.00279354  
1809        1.31680000  1.36287463  0.00279212  
1810        1.19360000  1.36278110  0.00279214  
1811        1.25076000  1.36271925  0.00279128  
1812        1.27308000  1.36266978  0.00279018  
1813        1.40308000  1.36269207  0.00278873  
1814        1.43316000  1.36273092  0.00278746  
1815        1.39624000  1.36274938  0.00278599  
1816        1.52476000  1.36283859  0.00278588  
1817        1.27432000  1.36278987  0.00278477  
1818        1.43424000  1.36282917  0.00278352  
1819        1.30884000  1.36279949  0.00278215  
1820        1.34736000  1.36279101  0.00278063  
1821        1.19876000  1.36270093  0.00278056  
1822        1.28396000  1.36265772  0.00277937  
1823        1.20988000  1.36257391  0.00277911  
1824        1.25808000  1.36251662  0.00277818  
1825        1.29828000  1.36248142  0.00277688  
1826        1.40252000  1.36250335  0.00277544  
1827        1.21116000  1.36242051  0.00277516  
1828        1.26060000  1.36236481  0.00277420  
1829        1.30964000  1.36233599  0.00277283  
1830        1.44816000  1.36238289  0.00277172  
1831        1.24272000  1.36231753  0.00277097  
1832        1.27452000  1.36226961  0.00276987  
1833        1.45432000  1.36231983  0.00276882  
1834        1.35512000  1.36231590  0.00276731  
1835        1.45344000  1.36236556  0.00276625  
1836        1.40444000  1.36238847  0.00276484  
1837        1.32352000  1.36236732  0.00276341  
1838        1.34744000  1.36235919  0.00276192  
1839        1.36236000  1.36235920  0.00276042  
1840        1.24400000  1.36229487  0.00275967  
1841        1.35288000  1.36228976  0.00275817  
1842        1.36364000  1.36229049  0.00275667  
1843        1.41832000  1.36232089  0.00275535  
1844        1.33888000  1.36230818  0.00275388  
1845        1.29736000  1.36227298  0.00275261  
1846        1.30124000  1.36223991  0.00275132  
1847        1.50472000  1.36231705  0.00275091  
1848        1.24248000  1.36225221  0.00275019  
1849        1.27904000  1.36220720  0.00274907  
1850        1.35140000  1.36220136  0.00274759  
1851        1.39404000  1.36221856  0.00274616  
1852        1.25712000  1.36216181  0.00274526  
1853        1.35428000  1.36215756  0.00274378  
1854        1.19800000  1.36206902  0.00274373  
1855        1.31212000  1.36204209  0.00274238  
1856        1.37896000  1.36205121  0.00274092  
1857        1.34760000  1.36204342  0.00273945  
1858        1.40532000  1.36206672  0.00273808  
1859        1.35860000  1.36206485  0.00273661  
1860        1.56108000  1.36217185  0.00273723  
1861        1.30364000  1.36214040  0.00273594  
1862        1.27628000  1.36209429  0.00273486  
1863        1.38712000  1.36210772  0.00273342  
1864        1.47144000  1.36216637  0.00273258  
1865        1.44372000  1.36221010  0.00273147  
1866        1.45552000  1.36226011  0.00273046  
1867        1.42428000  1.36229333  0.00272920  
1868        1.33440000  1.36227839  0.00272778  
1869        1.21076000  1.36219732  0.00272752  
1870        1.43648000  1.36223705  0.00272636  
1871        1.45256000  1.36228532  0.00272533  
1872        1.32460000  1.36226519  0.00272394  
1873        1.44392000  1.36230879  0.00272284  
1874        1.23612000  1.36224145  0.00272222  
1875        1.49016000  1.36230967  0.00272162  
1876        1.30640000  1.36227987  0.00272033  
1877        1.35720000  1.36227717  0.00271888  
1878        1.46884000  1.36233391  0.00271803  
1879        1.34504000  1.36232470  0.00271660  
1880        1.60300000  1.36245272  0.00271817  
1881        1.31556000  1.36242779  0.00271684  
1882        1.49204000  1.36249666  0.00271627  
1883        1.37332000  1.36250241  0.00271483  
1884        1.42380000  1.36253495  0.00271358  
1885        1.35880000  1.36253297  0.00271214  
1886        1.44728000  1.36257790  0.00271108  
1887        1.24920000  1.36251782  0.00271031  
1888        1.45784000  1.36256831  0.00270934  
1889        1.28132000  1.36252529  0.00270825  
1890        1.34064000  1.36251371  0.00270684  
1891        1.41644000  1.36254223  0.00270556  
1892        1.31000000  1.36251446  0.00270427  
1893        1.27304000  1.36246719  0.00270325  
1894        1.20928000  1.36238631  0.00270304  
1895        1.31996000  1.36236393  0.00270170  
1896        1.48640000  1.36242935  0.00270107  
1897        1.43860000  1.36246950  0.00269994  
1898        1.53524000  1.36256053  0.00270006  
1899        1.38672000  1.36257325  0.00269866  
1900        1.26332000  1.36252101  0.00269775  
1901        1.55720000  1.36262342  0.00269827  
1902        1.52340000  1.36270795  0.00269818  
1903        1.38048000  1.36271729  0.00269678  
1904        1.29600000  1.36268225  0.00269559  
1905        1.09232000  1.36254033  0.00269791  
1906        1.37080000  1.36254466  0.00269650  
1907        1.32192000  1.36252336  0.00269517  
1908        1.24624000  1.36246241  0.00269444  
1909        1.34108000  1.36245121  0.00269305  
1910        1.21468000  1.36237384  0.00269276  
1911        1.42120000  1.36240463  0.00269152  
1912        1.50556000  1.36247950  0.00269116  
1913        1.34696000  1.36247139  0.00268976  
1914        1.25020000  1.36241273  0.00268899  
1915        1.30096000  1.36238064  0.00268778  
1916        1.30544000  1.36235092  0.00268654  
1917        1.11832000  1.36222362  0.00268816  
1918        1.52844000  1.36231028  0.00268815  
1919        1.42156000  1.36234116  0.00268693  
1920        1.46384000  1.36239402  0.00268605  
1921        1.41756000  1.36242274  0.00268480  
1922        1.18360000  1.36232970  0.00268502  
1923        1.29628000  1.36229535  0.00268384  
1924        1.17884000  1.36220000  0.00268414  
1925        1.22008000  1.36212617  0.00268376  
1926        1.38036000  1.36213564  0.00268239  
1927        1.20356000  1.36205335  0.00268226  
1928        1.30148000  1.36202193  0.00268105  
1929        1.42224000  1.36205315  0.00267984  
1930        1.46084000  1.36210433  0.00267894  
1931        1.62784000  1.36224195  0.00268109  
1932        1.43868000  1.36228151  0.00267999  
1933        1.35080000  1.36227557  0.00267861  
1934        1.31752000  1.36225243  0.00267732  
1935        1.07416000  1.36210355  0.00268008  
1936        1.33512000  1.36208961  0.00267873  
1937        1.36888000  1.36209311  0.00267735  
1938        1.38164000  1.36210320  0.00267599  
1939        1.30112000  1.36207175  0.00267479  
1940        1.43960000  1.36211171  0.00267371  
1941        1.37196000  1.36211679  0.00267234  
1942        1.19608000  1.36203129  0.00267233  
1943        1.41016000  1.36205606  0.00267107  
1944        1.25200000  1.36199944  0.00267029  
1945        1.29632000  1.36196568  0.00266913  
1946        1.51204000  1.36204280  0.00266888  
1947        1.23772000  1.36197894  0.00266827  
1948        1.50156000  1.36205060  0.00266786  
1949        1.40864000  1.36207450  0.00266660  
1950        1.32860000  1.36205733  0.00266529  
1951        1.37140000  1.36206212  0.00266393  
1952        1.50196000  1.36213379  0.00266353  
1953        1.56460000  1.36223746  0.00266418  
1954        1.36692000  1.36223986  0.00266282  
1955        1.32400000  1.36222030  0.00266153  
1956        1.47720000  1.36227908  0.00266081  
1957        1.38208000  1.36228920  0.00265947  
1958        1.25172000  1.36223273  0.00265871  
1959        1.35296000  1.36222799  0.00265736  
1960        1.26364000  1.36217769  0.00265648  
1961        1.10788000  1.36204802  0.00265829  
1962        1.30992000  1.36202145  0.00265707  
1963        1.32552000  1.36200285  0.00265578  
1964        1.24912000  1.36194538  0.00265505  
1965        1.07724000  1.36180049  0.00265765  
1966        1.61604000  1.36192981  0.00265944  
1967        1.20552000  1.36185029  0.00265928  
1968        1.32224000  1.36183016  0.00265801  
1969        1.48528000  1.36189286  0.00265739  
1970        1.26012000  1.36184120  0.00265655  
1971        1.40252000  1.36186184  0.00265528  
1972        1.48640000  1.36192499  0.00265468  
1973        1.33732000  1.36191252  0.00265337  
1974        1.29700000  1.36187964  0.00265223  
1975        1.70636000  1.36205406  0.00265662  
1976        1.46000000  1.36210362  0.00265573  
1977        1.33180000  1.36208830  0.00265443  
1978        1.59588000  1.36220649  0.00265572  
1979        1.31748000  1.36218389  0.00265448  
1980        1.55208000  1.36227980  0.00265487  
1981        1.54964000  1.36237438  0.00265521  
1982        1.21188000  1.36229845  0.00265496  
1983        1.61048000  1.36242360  0.00265657  
1984        1.50852000  1.36249724  0.00265625  
1985        1.66856000  1.36265143  0.00265939  
1986        1.28736000  1.36261351  0.00265832  
1987        1.28384000  1.36257387  0.00265728  
1988        1.49448000  1.36264022  0.00265677  
1989        1.42664000  1.36267240  0.00265563  
1990        1.25472000  1.36261815  0.00265485  
1991        1.56376000  1.36271918  0.00265543  
1992        1.39692000  1.36273635  0.00265416  
1993        1.35528000  1.36273260  0.00265283  
1994        1.39904000  1.36275081  0.00265156  
1995        1.54952000  1.36284443  0.00265188  
1996        1.30924000  1.36281758  0.00265069  
1997        1.40632000  1.36283936  0.00264945  
1998        1.28636000  1.36280108  0.00264840  
1999        1.45320000  1.36284630  0.00264746  
2000        1.21508000  1.36277242  0.00264717  
