1           0.01676000  0.01676000  0.00000000  
2           0.05044000  0.03360000  0.01684000  
3           0.04132000  0.03617333  0.01005736  
4           0.02652000  0.03376000  0.00750996  
5           0.06208000  0.03942400  0.00811915  
6           0.03216000  0.03821333  0.00673890  
7           0.04668000  0.03942286  0.00582243  
8           0.02280000  0.03734500  0.00545371  
9           0.04784000  0.03851111  0.00494906  
10          0.01344000  0.03600400  0.00508726  
11          0.01384000  0.03398909  0.00502340  
12          0.04120000  0.03459000  0.00462492  
13          0.01512000  0.03309231  0.00451024  
14          0.01644000  0.03190286  0.00434177  
15          0.04280000  0.03262933  0.00410674  
16          0.02428000  0.03210750  0.00387678  
17          0.05036000  0.03318118  0.00379658  
18          0.01688000  0.03227556  0.00369224  
19          0.01056000  0.03113263  0.00367476  
20          0.02520000  0.03083600  0.00349879  
21          -0.01220000 0.02878667  0.00390838  
22          0.00276000  0.02760364  0.00390977  
23          0.02960000  0.02769043  0.00373692  
24          0.01460000  0.02714500  0.00361917  
25          0.02820000  0.02718720  0.00347164  
26          0.01768000  0.02682154  0.00335543  
27          0.01304000  0.02631111  0.00326886  
28          0.06672000  0.02775429  0.00346481  
29          0.02432000  0.02763586  0.00334530  
30          0.02884000  0.02767600  0.00323212  
31          0.07280000  0.02913161  0.00344839  
32          0.03196000  0.02922000  0.00334006  
33          0.03160000  0.02929212  0.00323807  
34          0.01964000  0.02900824  0.00315419  
35          0.03380000  0.02914514  0.00306580  
36          0.03628000  0.02934333  0.00298601  
37          0.08268000  0.03078486  0.00324227  
38          -0.01236000 0.02964947  0.00335382  
39          0.04160000  0.02995590  0.00328104  
40          0.03744000  0.03014300  0.00320343  
41          0.07320000  0.03119317  0.00329609  
42          0.08392000  0.03244857  0.00345296  
43          0.03680000  0.03254977  0.00337322  
44          0.03000000  0.03249182  0.00329617  
45          0.02732000  0.03237689  0.00322414  
46          0.04076000  0.03255913  0.00315853  
47          0.03732000  0.03266043  0.00309226  
48          0.00140000  0.03200917  0.00309642  
49          0.02864000  0.03194041  0.00303334  
50          0.03796000  0.03206080  0.00297450  
51          0.02888000  0.03199843  0.00291626  
52          0.02196000  0.03180538  0.00286613  
53          0.00980000  0.03139019  0.00284203  
54          0.03236000  0.03140815  0.00278896  
55          0.06580000  0.03203345  0.00280828  
56          0.03596000  0.03210357  0.00275857  
57          -0.01392000 0.03129614  0.00282748  
58          0.00036000  0.03076276  0.00282904  
59          -0.00732000 0.03011729  0.00285461  
60          0.02032000  0.02995400  0.00281137  
61          0.02056000  0.02980000  0.00276919  
62          -0.00068000 0.02930839  0.00276816  
63          0.01488000  0.02907937  0.00273348  
64          0.04636000  0.02934937  0.00270394  
65          0.00788000  0.02901908  0.00268243  
66          0.02724000  0.02899212  0.00264162  
67          -0.01024000 0.02840657  0.00266697  
68          0.02248000  0.02831941  0.00262890  
69          0.01936000  0.02818957  0.00259377  
70          0.03856000  0.02833771  0.00256074  
71          0.01092000  0.02809239  0.00253630  
72          0.03356000  0.02816833  0.00250198  
73          0.02748000  0.02815890  0.00246749  
74          0.01584000  0.02799243  0.00243960  
75          0.06472000  0.02848213  0.00245617  
76          0.03868000  0.02861632  0.00242734  
77          0.04228000  0.02879377  0.00240218  
78          0.00048000  0.02843077  0.00239880  
79          0.06388000  0.02887949  0.00241038  
80          0.04148000  0.02903700  0.00238527  
81          0.02756000  0.02901877  0.00235570  
82          0.00548000  0.02873171  0.00234444  
83          0.01500000  0.02856627  0.00232192  
84          0.06280000  0.02897381  0.00233003  
85          0.01172000  0.02877082  0.00231139  
86          0.02704000  0.02875070  0.00228444  
87          0.00184000  0.02844138  0.00227912  
88          -0.00784000 0.02802909  0.00229048  
89          0.05732000  0.02835820  0.00228839  
90          0.03736000  0.02845822  0.00226503  
91          0.01920000  0.02835648  0.00224231  
92          -0.01616000 0.02787261  0.00226998  
93          0.02940000  0.02788903  0.00224549  
94          0.01456000  0.02774723  0.00222600  
95          0.06104000  0.02809768  0.00223015  
96          0.02788000  0.02809542  0.00220680  
97          0.02208000  0.02803340  0.00218481  
98          0.04004000  0.02815592  0.00216587  
99          -0.00588000 0.02781212  0.00217127  
100         0.02428000  0.02777680  0.00214974  
101         0.01664000  0.02766653  0.00213120  
102         0.01776000  0.02756941  0.00211244  
103         0.01592000  0.02745631  0.00209488  
104         0.03556000  0.02753423  0.00207611  
105         0.03516000  0.02760686  0.00205752  
106         -0.01216000 0.02723170  0.00207226  
107         0.02484000  0.02720935  0.00205292  
108         -0.00452000 0.02691556  0.00205494  
109         0.02132000  0.02686422  0.00203664  
110         0.00400000  0.02665636  0.00202872  
111         0.02048000  0.02660072  0.00201113  
112         0.04844000  0.02679571  0.00200261  
113         -0.00580000 0.02650726  0.00200566  
114         0.02348000  0.02648070  0.00198816  
115         0.03356000  0.02654226  0.00197176  
116         0.02460000  0.02652552  0.00195476  
117         0.04084000  0.02664786  0.00194184  
118         0.01968000  0.02658881  0.00192622  
119         0.01924000  0.02652706  0.00191096  
120         -0.01436000 0.02618633  0.00192536  
121         -0.00148000 0.02595769  0.00192302  
122         -0.01056000 0.02565836  0.00193054  
123         0.00640000  0.02550179  0.00192117  
124         0.05168000  0.02571290  0.00191727  
125         0.03300000  0.02577120  0.00190277  
126         0.01832000  0.02571206  0.00188853  
127         0.02592000  0.02571370  0.00187360  
128         0.01668000  0.02564313  0.00186025  
129         0.02416000  0.02563163  0.00184580  
130         0.03516000  0.02570492  0.00183302  
131         0.02188000  0.02567573  0.00181921  
132         0.01492000  0.02559424  0.00180721  
133         0.04572000  0.02574556  0.00179994  
134         0.05344000  0.02595224  0.00179837  
135         0.02900000  0.02597481  0.00178515  
136         0.04704000  0.02612971  0.00177873  
137         0.02120000  0.02609372  0.00176606  
138         0.01800000  0.02603507  0.00175420  
139         0.03680000  0.02611252  0.00174325  
140         0.02448000  0.02610086  0.00173080  
141         0.01132000  0.02599603  0.00172167  
142         0.02392000  0.02598141  0.00170957  
143         0.03604000  0.02605175  0.00169903  
144         0.08196000  0.02644000  0.00173128  
145         0.03784000  0.02651862  0.00172110  
146         0.06828000  0.02680466  0.00173304  
147         0.02624000  0.02680082  0.00172121  
148         0.05948000  0.02702162  0.00172374  
149         0.07084000  0.02731570  0.00173721  
150         0.03240000  0.02734960  0.00172592  
151         0.00688000  0.02721404  0.00171980  
152         0.03152000  0.02724237  0.00170869  
153         0.02124000  0.02720314  0.00169794  
154         0.03344000  0.02724364  0.00168736  
155         0.05724000  0.02743716  0.00168757  
156         0.02772000  0.02743897  0.00167672  
157         0.02712000  0.02743694  0.00166601  
158         0.01344000  0.02734835  0.00165780  
159         0.00844000  0.02722943  0.00165162  
160         0.00056000  0.02706275  0.00164971  
161         0.01284000  0.02697441  0.00164181  
162         0.04584000  0.02709086  0.00163580  
163         0.06312000  0.02731190  0.00164069  
164         0.00328000  0.02716537  0.00163722  
165         0.05472000  0.02733236  0.00163582  
166         0.06756000  0.02757470  0.00164389  
167         0.00668000  0.02744958  0.00163880  
168         0.02776000  0.02745143  0.00162902  
169         0.02340000  0.02742746  0.00161953  
170         0.03072000  0.02744682  0.00161009  
171         0.04412000  0.02754433  0.00160361  
172         0.02276000  0.02751651  0.00159451  
173         0.00588000  0.02739145  0.00159019  
174         0.02644000  0.02738598  0.00158103  
175         0.03732000  0.02744274  0.00157300  
176         0.05012000  0.02757159  0.00156933  
177         0.03328000  0.02760384  0.00156077  
178         0.03520000  0.02764652  0.00155257  
179         0.06692000  0.02786592  0.00155938  
180         0.01944000  0.02781911  0.00155140  
181         0.05160000  0.02795050  0.00154839  
182         0.04212000  0.02802835  0.00154183  
183         0.02052000  0.02798732  0.00153393  
184         0.03452000  0.02802283  0.00152598  
185         0.02412000  0.02800173  0.00151786  
186         0.03284000  0.02802774  0.00150990  
187         0.02904000  0.02803316  0.00150181  
188         0.03116000  0.02804979  0.00149389  
189         0.04924000  0.02816190  0.00149019  
190         0.00268000  0.02802779  0.00148838  
191         0.07072000  0.02825131  0.00149735  
192         0.00140000  0.02811146  0.00149608  
193         0.05764000  0.02826446  0.00149615  
194         0.01216000  0.02818144  0.00149073  
195         0.02424000  0.02816123  0.00148320  
196         0.02648000  0.02815265  0.00147564  
197         0.00824000  0.02805157  0.00147161  
198         0.03044000  0.02806364  0.00146421  
199         0.06292000  0.02823879  0.00146732  
200         0.00844000  0.02813980  0.00146332  
201         0.00772000  0.02803821  0.00145956  
202         0.02668000  0.02803149  0.00145233  
203         0.02004000  0.02799212  0.00144570  
204         0.01684000  0.02793745  0.00143963  
205         0.02152000  0.02790615  0.00143293  
206         0.00816000  0.02781029  0.00142918  
207         0.02864000  0.02781430  0.00142226  
208         0.04704000  0.02790673  0.00141842  
209         0.01504000  0.02784517  0.00141296  
210         -0.00860000 0.02767162  0.00141689  
211         0.05400000  0.02779640  0.00141567  
212         0.03052000  0.02780925  0.00140903  
213         -0.02892000 0.02754291  0.00142747  
214         0.00196000  0.02742336  0.00142580  
215         0.03280000  0.02744837  0.00141937  
216         0.04944000  0.02755019  0.00141645  
217         0.01724000  0.02750267  0.00141071  
218         0.04512000  0.02758349  0.00140655  
219         -0.00804000 0.02742082  0.00140953  
220         0.05056000  0.02752600  0.00140704  
221         0.01920000  0.02748833  0.00140117  
222         -0.00692000 0.02733333  0.00140343  
223         0.03232000  0.02735570  0.00139730  
224         0.02656000  0.02735214  0.00139105  
225         0.03092000  0.02736800  0.00138494  
226         0.02792000  0.02737044  0.00137881  
227         0.00916000  0.02729022  0.00137506  
228         0.03924000  0.02734263  0.00137002  
229         0.05700000  0.02747214  0.00137016  
230         0.01168000  0.02740348  0.00136591  
231         -0.00004000 0.02728468  0.00136517  
232         -0.00228000 0.02715724  0.00136523  
233         0.02428000  0.02714489  0.00135941  
234         0.00576000  0.02705350  0.00135667  
235         0.03652000  0.02709379  0.00135149  
236         0.04356000  0.02716356  0.00134756  
237         0.04712000  0.02724776  0.00134450  
238         0.03520000  0.02728118  0.00133926  
239         0.04076000  0.02733757  0.00133483  
240         -0.04784000 0.02702433  0.00136567  
241         0.03816000  0.02707054  0.00136077  
242         0.05048000  0.02716727  0.00135859  
243         0.01956000  0.02713597  0.00135335  
244         0.00900000  0.02706164  0.00134984  
245         0.09068000  0.02732131  0.00136916  
246         0.03188000  0.02733984  0.00136371  
247         0.03548000  0.02737279  0.00135858  
248         0.02308000  0.02735548  0.00135320  
249         0.05072000  0.02744932  0.00135102  
250         0.02004000  0.02741968  0.00134593  
251         0.05360000  0.02752398  0.00134461  
252         0.00220000  0.02742349  0.00134303  
253         0.03000000  0.02743368  0.00133775  
254         0.03408000  0.02745984  0.00133273  
255         0.00600000  0.02737569  0.00133016  
256         0.00708000  0.02729641  0.00132732  
257         0.00504000  0.02720981  0.00132498  
258         0.08408000  0.02743023  0.00133811  
259         0.05992000  0.02755568  0.00133883  
260         0.02956000  0.02756338  0.00133369  
261         0.04052000  0.02761303  0.00132950  
262         0.05096000  0.02770214  0.00132741  
263         0.02196000  0.02768030  0.00132253  
264         0.05856000  0.02779727  0.00132269  
265         0.04852000  0.02787547  0.00132001  
266         -0.00196000 0.02776331  0.00131981  
267         0.02264000  0.02774412  0.00131500  
268         0.00556000  0.02766134  0.00131270  
269         0.01980000  0.02763212  0.00130814  
270         0.06276000  0.02776222  0.00130976  
271         0.03300000  0.02778155  0.00130506  
272         0.04340000  0.02783897  0.00130152  
273         0.05964000  0.02795546  0.00130197  
274         0.05488000  0.02805372  0.00130092  
275         0.00860000  0.02798298  0.00129811  
276         0.01672000  0.02794217  0.00129404  
277         0.01064000  0.02787971  0.00129088  
278         0.04848000  0.02795381  0.00128836  
279         0.01304000  0.02790036  0.00128484  
280         0.02220000  0.02788000  0.00128041  
281         -0.00840000 0.02775089  0.00128236  
282         0.01084000  0.02769092  0.00127921  
283         0.03864000  0.02772961  0.00127527  
284         0.03436000  0.02775296  0.00127098  
285         0.06492000  0.02788337  0.00127321  
286         -0.01032000 0.02774979  0.00127577  
287         0.07000000  0.02789700  0.00127981  
288         0.03220000  0.02791194  0.00127544  
289         -0.00228000 0.02780747  0.00127531  
290         0.00724000  0.02773655  0.00127288  
291         0.04084000  0.02778158  0.00126930  
292         0.03008000  0.02778945  0.00126497  
293         0.01512000  0.02774621  0.00126139  
294         0.02540000  0.02773823  0.00125711  
295         0.02460000  0.02772759  0.00125289  
296         -0.01140000 0.02759541  0.00125563  
297         0.02132000  0.02757428  0.00125157  
298         0.01644000  0.02753691  0.00124792  
299         -0.00940000 0.02741338  0.00124986  
300         0.03476000  0.02743787  0.00124593  
301         0.03684000  0.02746910  0.00124218  
302         0.05796000  0.02757007  0.00124217  
303         0.02272000  0.02755406  0.00123816  
304         0.06008000  0.02766105  0.00123871  
305         0.04004000  0.02770164  0.00123531  
306         0.02656000  0.02769791  0.00123127  
307         0.02964000  0.02770423  0.00122727  
308         0.05192000  0.02778286  0.00122581  
309         0.04340000  0.02783340  0.00122288  
310         0.02728000  0.02783161  0.00121893  
311         0.02584000  0.02782521  0.00121502  
312         0.04620000  0.02788410  0.00121255  
313         0.00988000  0.02782658  0.00121004  
314         0.00516000  0.02775439  0.00120834  
315         0.01256000  0.02770616  0.00120546  
316         0.07372000  0.02785177  0.00121043  
317         0.02796000  0.02785211  0.00120660  
318         0.03560000  0.02787648  0.00120305  
319         0.06136000  0.02798144  0.00120386  
320         0.03332000  0.02799813  0.00120021  
321         0.00108000  0.02791427  0.00119940  
322         0.00812000  0.02785280  0.00119725  
323         0.03948000  0.02788879  0.00119408  
324         0.02448000  0.02787827  0.00119043  
325         0.01496000  0.02783852  0.00118743  
326         0.03248000  0.02785276  0.00118387  
327         0.04048000  0.02789138  0.00118087  
328         0.02440000  0.02788073  0.00117731  
329         0.02936000  0.02788523  0.00117374  
330         0.03280000  0.02790012  0.00117027  
331         0.02996000  0.02790634  0.00116675  
332         0.02600000  0.02790060  0.00116324  
333         0.02692000  0.02789766  0.00115975  
334         0.04796000  0.02795772  0.00115783  
335         0.01892000  0.02793075  0.00115468  
336         -0.00716000 0.02782631  0.00115597  
337         0.00040000  0.02774493  0.00115540  
338         0.04712000  0.02780225  0.00115340  
339         0.06368000  0.02790808  0.00115486  
340         0.04456000  0.02795706  0.00115250  
341         0.04532000  0.02800798  0.00115024  
342         -0.00804000 0.02790257  0.00115170  
343         0.00688000  0.02784128  0.00114998  
344         0.04364000  0.02788721  0.00114755  
345         0.04364000  0.02793287  0.00114513  
346         0.03384000  0.02794994  0.00114194  
347         0.04872000  0.02800980  0.00114022  
348         0.00368000  0.02793989  0.00113908  
349         0.07400000  0.02807186  0.00114346  
350         0.01960000  0.02804766  0.00114044  
351         0.02688000  0.02804433  0.00113719  
352         0.06092000  0.02813773  0.00113780  
353         0.01876000  0.02811116  0.00113488  
354         0.03168000  0.02812124  0.00113171  
355         0.00836000  0.02806558  0.00112989  
356         0.01724000  0.02803517  0.00112713  
357         0.01332000  0.02799395  0.00112472  
358         0.02528000  0.02798637  0.00112160  
359         0.03660000  0.02801036  0.00111873  
360         -0.00636000 0.02791489  0.00111969  
361         0.02744000  0.02791357  0.00111659  
362         0.02300000  0.02790000  0.00111358  
363         0.03540000  0.02792066  0.00111070  
364         0.02920000  0.02792418  0.00110765  
365         0.00788000  0.02786926  0.00110598  
366         0.00848000  0.02781628  0.00110422  
367         0.04632000  0.02786670  0.00110237  
368         0.02080000  0.02784750  0.00109953  
369         0.00332000  0.02778103  0.00109856  
370         0.01072000  0.02773492  0.00109656  
371         0.02572000  0.02772949  0.00109361  
372         0.04944000  0.02778785  0.00109223  
373         0.03676000  0.02781190  0.00108956  
374         0.02556000  0.02780588  0.00108666  
375         0.03964000  0.02783744  0.00108422  
376         0.03648000  0.02786043  0.00108158  
377         0.02076000  0.02784159  0.00107887  
378         0.02928000  0.02784540  0.00107602  
379         0.00668000  0.02778955  0.00107463  
380         0.00968000  0.02774189  0.00107285  
381         0.01160000  0.02769953  0.00107087  
382         0.01584000  0.02766848  0.00106852  
383         0.01876000  0.02764522  0.00106598  
384         0.01308000  0.02760729  0.00106387  
385         0.01876000  0.02758431  0.00106136  
386         0.03080000  0.02759264  0.00105864  
387         0.05672000  0.02766791  0.00105858  
388         0.02720000  0.02766670  0.00105584  
389         0.07484000  0.02778797  0.00106009  
390         0.04224000  0.02782503  0.00105801  
391         0.01200000  0.02778455  0.00105608  
392         -0.00492000 0.02770112  0.00105668  
393         -0.03756000 0.02753506  0.00106699  
394         0.01560000  0.02750477  0.00106471  
395         0.02652000  0.02750228  0.00106201  
396         0.06944000  0.02760818  0.00106461  
397         0.05004000  0.02766469  0.00106343  
398         0.01144000  0.02762392  0.00106153  
399         -0.00084000 0.02755258  0.00106127  
400         0.02020000  0.02753420  0.00105877  
401         0.02068000  0.02751711  0.00105627  
402         0.03780000  0.02754269  0.00105395  
403         0.02360000  0.02753290  0.00105137  
404         0.01248000  0.02749564  0.00104943  
405         0.02388000  0.02748672  0.00104687  
406         0.01444000  0.02745458  0.00104479  
407         0.04220000  0.02749081  0.00104285  
408         0.03652000  0.02751294  0.00104052  
409         -0.00240000 0.02743980  0.00104055  
410         0.02408000  0.02743161  0.00103804  
411         0.00976000  0.02738861  0.00103640  
412         0.01108000  0.02734903  0.00103464  
413         0.03084000  0.02735748  0.00103217  
414         0.02832000  0.02735981  0.00102968  
415         0.01880000  0.02733918  0.00102740  
416         0.01796000  0.02731663  0.00102517  
417         0.02564000  0.02731261  0.00102272  
418         -0.01516000 0.02721100  0.00102532  
419         0.02912000  0.02721556  0.00102288  
420         0.04260000  0.02725219  0.00102110  
421         0.04040000  0.02728342  0.00101915  
422         0.04312000  0.02732095  0.00101742  
423         -0.00536000 0.02724369  0.00101795  
424         -0.00832000 0.02715981  0.00101900  
425         0.03284000  0.02717318  0.00101669  
426         0.02572000  0.02716977  0.00101431  
427         0.01744000  0.02714698  0.00101219  
428         0.03484000  0.02716495  0.00100998  
429         0.03856000  0.02719152  0.00100797  
430         0.02168000  0.02717870  0.00100571  
431         0.02724000  0.02717884  0.00100337  
432         0.03908000  0.02720639  0.00100142  
433         -0.03612000 0.02706014  0.00100975  
434         -0.02420000 0.02694203  0.00101433  
435         0.03792000  0.02696726  0.00101231  
436         -0.00300000 0.02689853  0.00101232  
437         0.04396000  0.02693757  0.00101075  
438         0.00736000  0.02689288  0.00100943  
439         0.00188000  0.02683590  0.00100874  
440         0.01052000  0.02679882  0.00100713  
441         0.03216000  0.02681098  0.00100492  
442         0.01268000  0.02677900  0.00100315  
443         0.03800000  0.02680433  0.00100120  
444         0.06080000  0.02688090  0.00100188  
445         0.02496000  0.02687658  0.00099963  
446         0.05784000  0.02694601  0.00099980  
447         0.05096000  0.02699973  0.00099901  
448         0.00128000  0.02694232  0.00099843  
449         0.05248000  0.02699920  0.00099782  
450         0.04188000  0.02703227  0.00099615  
451         0.02820000  0.02703486  0.00099394  
452         0.05840000  0.02710425  0.00099417  
453         0.03044000  0.02711161  0.00099200  
454         0.02380000  0.02710432  0.00098984  
455         -0.00364000 0.02703675  0.00098997  
456         0.02244000  0.02702667  0.00098785  
457         -0.01068000 0.02694416  0.00098913  
458         0.03628000  0.02696454  0.00098718  
459         0.04056000  0.02699416  0.00098547  
460         0.01724000  0.02697296  0.00098355  
461         0.03768000  0.02699618  0.00098169  
462         0.04704000  0.02703957  0.00098053  
463         0.03836000  0.02706402  0.00097871  
464         0.04408000  0.02710069  0.00097729  
465         0.03640000  0.02712069  0.00097539  
466         0.01188000  0.02708798  0.00097384  
467         0.02336000  0.02708000  0.00097179  
468         0.04292000  0.02711385  0.00097030  
469         0.00752000  0.02707207  0.00096913  
470         0.02700000  0.02707191  0.00096707  
471         0.00996000  0.02703558  0.00096569  
472         0.00472000  0.02698831  0.00096480  
473         -0.00172000 0.02692761  0.00096467  
474         0.02960000  0.02693325  0.00096265  
475         0.07776000  0.02704025  0.00096657  
476         0.06220000  0.02711412  0.00096736  
477         0.01224000  0.02708294  0.00096583  
478         0.04936000  0.02712954  0.00096493  
479         0.04264000  0.02716192  0.00096346  
480         -0.02992000 0.02704300  0.00096878  
481         0.02380000  0.02703626  0.00096679  
482         0.07444000  0.02713461  0.00096978  
483         0.05444000  0.02719114  0.00096942  
484         -0.00240000 0.02713000  0.00096934  
485         0.05168000  0.02718062  0.00096867  
486         0.04812000  0.02722370  0.00096763  
487         0.01144000  0.02719129  0.00096618  
488         0.01032000  0.02715672  0.00096482  
489         0.03428000  0.02717129  0.00096296  
490         -0.00548000 0.02710465  0.00096330  
491         0.02016000  0.02709051  0.00096144  
492         0.03320000  0.02710293  0.00095956  
493         0.01108000  0.02707043  0.00095817  
494         0.04128000  0.02709919  0.00095666  
495         0.04164000  0.02712857  0.00095517  
496         0.00876000  0.02709153  0.00095396  
497         0.03236000  0.02710213  0.00095210  
498         0.00716000  0.02706209  0.00095103  
499         -0.00764000 0.02699255  0.00095167  
500         0.01612000  0.02697080  0.00095001  
501         0.03272000  0.02698228  0.00094818  
502         0.04244000  0.02701307  0.00094679  
503         -0.01228000 0.02693495  0.00094813  
504         0.01840000  0.02691802  0.00094640  
505         0.00960000  0.02688372  0.00094515  
506         0.04532000  0.02692016  0.00094398  
507         -0.02116000 0.02682533  0.00094688  
508         -0.01784000 0.02673740  0.00094909  
509         0.00152000  0.02668786  0.00094852  
510         0.03036000  0.02669506  0.00094669  
511         0.03932000  0.02671977  0.00094516  
512         0.02280000  0.02671211  0.00094334  
513         0.03904000  0.02673614  0.00094181  
514         0.00440000  0.02669268  0.00094098  
515         0.01812000  0.02667604  0.00093929  
516         0.03236000  0.02668705  0.00093754  
517         0.06424000  0.02675969  0.00093854  
518         -0.01424000 0.02668054  0.00094006  
519         -0.01052000 0.02660886  0.00094098  
520         0.03116000  0.02661762  0.00093921  
521         -0.01688000 0.02653413  0.00094112  
522         0.03272000  0.02654598  0.00093939  
523         0.06700000  0.02662333  0.00094078  
524         0.03236000  0.02663427  0.00093904  
525         0.05424000  0.02668686  0.00093873  
526         0.04676000  0.02672502  0.00093772  
527         0.03372000  0.02673829  0.00093603  
528         0.02836000  0.02674136  0.00093426  
529         0.01240000  0.02671425  0.00093289  
530         0.05540000  0.02676838  0.00093270  
531         0.02132000  0.02675812  0.00093099  
532         0.03188000  0.02676774  0.00092929  
533         -0.01376000 0.02669171  0.00093066  
534         0.06916000  0.02677124  0.00093231  
535         0.04716000  0.02680935  0.00093135  
536         0.03300000  0.02682090  0.00092968  
537         0.03112000  0.02682890  0.00092798  
538         0.02584000  0.02682706  0.00092626  
539         0.04292000  0.02685692  0.00092502  
540         0.04092000  0.02688296  0.00092367  
541         0.04476000  0.02691601  0.00092256  
542         0.07012000  0.02699572  0.00092430  
543         0.04680000  0.02703219  0.00092331  
544         0.04492000  0.02706507  0.00092220  
545         0.02428000  0.02705996  0.00092052  
546         -0.00472000 0.02700176  0.00092067  
547         0.00004000  0.02695247  0.00092031  
548         0.00760000  0.02691715  0.00091931  
549         0.05276000  0.02696423  0.00091884  
550         0.04188000  0.02699135  0.00091757  
551         0.04188000  0.02701837  0.00091630  
552         -0.00548000 0.02695949  0.00091653  
553         0.03652000  0.02697678  0.00091504  
554         0.02496000  0.02697314  0.00091339  
555         0.04324000  0.02700245  0.00091221  
556         0.03384000  0.02701475  0.00091065  
557         0.04256000  0.02704266  0.00090945  
558         0.02592000  0.02704065  0.00090782  
559         0.01668000  0.02702211  0.00090638  
560         0.01776000  0.02700557  0.00090491  
561         0.02092000  0.02699472  0.00090336  
562         0.02692000  0.02699459  0.00090175  
563         0.02224000  0.02698615  0.00090019  
564         0.03276000  0.02699638  0.00089865  
565         0.03392000  0.02700864  0.00089714  
566         0.02660000  0.02700792  0.00089556  
567         0.00548000  0.02696995  0.00089478  
568         0.01764000  0.02695352  0.00089336  
569         0.01900000  0.02693954  0.00089189  
570         0.03184000  0.02694814  0.00089037  
571         0.02280000  0.02694088  0.00088884  
572         0.02956000  0.02694545  0.00088730  
573         0.03712000  0.02696321  0.00088592  
574         0.02412000  0.02695826  0.00088439  
575         0.03976000  0.02698052  0.00088313  
576         0.03324000  0.02699139  0.00088167  
577         0.04244000  0.02701816  0.00088054  
578         0.01208000  0.02699232  0.00087940  
579         0.02664000  0.02699171  0.00087788  
580         -0.01860000 0.02691310  0.00087988  
581         0.01996000  0.02690114  0.00087845  
582         0.04464000  0.02693162  0.00087747  
583         0.03644000  0.02694792  0.00087611  
584         0.03068000  0.02695432  0.00087463  
585         0.00528000  0.02691726  0.00087392  
586         0.03504000  0.02693113  0.00087254  
587         0.04036000  0.02695400  0.00087135  
588         0.02404000  0.02694905  0.00086988  
589         0.03200000  0.02695762  0.00086845  
590         -0.00324000 0.02690644  0.00086849  
591         0.03756000  0.02692447  0.00086720  
592         0.00624000  0.02688953  0.00086644  
593         0.00348000  0.02685005  0.00086588  
594         0.02156000  0.02684114  0.00086447  
595         0.04208000  0.02686676  0.00086339  
596         0.02960000  0.02687134  0.00086195  
597         0.04288000  0.02689816  0.00086093  
598         0.06200000  0.02695686  0.00086149  
599         0.00800000  0.02692521  0.00086063  
600         0.00792000  0.02689353  0.00085978  
601         0.04092000  0.02691687  0.00085866  
602         0.00784000  0.02688518  0.00085782  
603         0.02836000  0.02688763  0.00085640  
604         0.01272000  0.02686417  0.00085530  
605         0.02268000  0.02685726  0.00085392  
606         0.02292000  0.02685076  0.00085253  
607         0.02232000  0.02684329  0.00085116  
608         -0.01520000 0.02677414  0.00085257  
609         0.02940000  0.02677846  0.00085118  
610         -0.01404000 0.02671154  0.00085241  
611         0.03288000  0.02672164  0.00085107  
612         0.00772000  0.02669059  0.00085025  
613         0.06796000  0.02675791  0.00085153  
614         0.01300000  0.02673550  0.00085043  
615         0.02148000  0.02672696  0.00084909  
616         0.01444000  0.02670701  0.00084795  
617         0.03668000  0.02672318  0.00084673  
618         0.01452000  0.02670343  0.00084559  
619         0.00588000  0.02666979  0.00084489  
620         0.05152000  0.02670987  0.00084448  
621         0.00544000  0.02667562  0.00084381  
622         0.05508000  0.02672129  0.00084369  
623         0.03480000  0.02673425  0.00084244  
624         0.04960000  0.02677090  0.00084188  
625         0.01712000  0.02675546  0.00084068  
626         0.03524000  0.02676901  0.00083944  
627         0.00736000  0.02673805  0.00083867  
628         0.01500000  0.02671936  0.00083754  
629         0.04808000  0.02675332  0.00083690  
630         0.03720000  0.02676990  0.00083574  
631         0.04812000  0.02680374  0.00083510  
632         0.09644000  0.02691392  0.00084102  
633         0.02052000  0.02690382  0.00083975  
634         0.03588000  0.02691798  0.00083855  
635         0.01800000  0.02690394  0.00083734  
636         0.01416000  0.02688390  0.00083627  
637         0.04732000  0.02691598  0.00083557  
638         0.01164000  0.02689204  0.00083460  
639         0.04592000  0.02692182  0.00083383  
640         0.05280000  0.02696225  0.00083350  
641         0.02356000  0.02695694  0.00083222  
642         0.01844000  0.02694368  0.00083103  
643         -0.00640000 0.02689182  0.00083135  
644         0.01748000  0.02687720  0.00083019  
645         0.05216000  0.02691640  0.00082983  
646         -0.00032000 0.02687424  0.00082962  
647         0.01676000  0.02685861  0.00082848  
648         0.03580000  0.02687241  0.00082732  
649         0.02788000  0.02687396  0.00082604  
650         0.03304000  0.02688345  0.00082482  
651         0.00056000  0.02684301  0.00082455  
652         0.05324000  0.02688350  0.00082428  
653         0.00480000  0.02684968  0.00082371  
654         0.02964000  0.02685394  0.00082246  
655         0.02240000  0.02684715  0.00082123  
656         0.02756000  0.02684823  0.00081998  
657         -0.00940000 0.02679306  0.00082059  
658         0.04912000  0.02682699  0.00082004  
659         0.02056000  0.02681748  0.00081885  
660         0.03468000  0.02682939  0.00081770  
661         -0.02048000 0.02675782  0.00081959  
662         0.03660000  0.02677269  0.00081848  
663         0.03264000  0.02678154  0.00081730  
664         0.03260000  0.02679030  0.00081611  
665         0.01716000  0.02677582  0.00081501  
666         0.03760000  0.02679207  0.00081395  
667         0.03632000  0.02680636  0.00081285  
668         0.03312000  0.02681581  0.00081169  
669         0.01100000  0.02679217  0.00081082  
670         -0.03740000 0.02669636  0.00081526  
671         -0.01644000 0.02663207  0.00081658  
672         0.00716000  0.02660310  0.00081588  
673         0.04800000  0.02663489  0.00081528  
674         0.01864000  0.02662303  0.00081416  
675         0.04428000  0.02664919  0.00081337  
676         0.01744000  0.02663556  0.00081228  
677         0.00264000  0.02660012  0.00081186  
678         0.04356000  0.02662513  0.00081105  
679         0.03072000  0.02663116  0.00080987  
680         0.00840000  0.02660435  0.00080912  
681         0.01924000  0.02659354  0.00080801  
682         -0.02908000 0.02651191  0.00081094  
683         0.01944000  0.02650155  0.00080982  
684         0.04276000  0.02652532  0.00080898  
685         0.02284000  0.02651994  0.00080782  
686         0.02440000  0.02651685  0.00080665  
687         0.01248000  0.02649642  0.00080573  
688         0.03256000  0.02650523  0.00080461  
689         0.02984000  0.02651007  0.00080345  
690         0.01176000  0.02648870  0.00080257  
691         0.03828000  0.02650576  0.00080159  
692         0.01092000  0.02648324  0.00080075  
693         0.02608000  0.02648266  0.00079959  
694         0.03860000  0.02650012  0.00079863  
695         0.06052000  0.02654906  0.00079898  
696         0.00580000  0.02651925  0.00079839  
697         0.02668000  0.02651948  0.00079725  
698         0.02252000  0.02651375  0.00079612  
699         0.06912000  0.02657471  0.00079732  
700         0.03912000  0.02659263  0.00079638  
701         0.02784000  0.02659441  0.00079524  
702         0.01292000  0.02657493  0.00079435  
703         -0.00668000 0.02652762  0.00079463  
704         0.01836000  0.02651602  0.00079358  
705         0.03928000  0.02653413  0.00079266  
706         -0.00472000 0.02648986  0.00079278  
707         0.04040000  0.02650953  0.00079190  
708         0.04840000  0.02654045  0.00079138  
709         0.03632000  0.02655425  0.00079039  
710         0.04160000  0.02657544  0.00078956  
711         0.01120000  0.02655381  0.00078874  
712         0.06460000  0.02660725  0.00078944  
713         0.07780000  0.02667905  0.00079160  
714         0.02192000  0.02667238  0.00079052  
715         -0.00412000 0.02662931  0.00079059  
716         0.03268000  0.02663777  0.00078953  
717         0.02544000  0.02663609  0.00078843  
718         0.01472000  0.02661950  0.00078750  
719         0.04620000  0.02664673  0.00078688  
720         0.08632000  0.02672961  0.00079014  
721         0.01824000  0.02671784  0.00078913  
722         -0.00100000 0.02667945  0.00078897  
723         0.03516000  0.02669118  0.00078797  
724         0.02020000  0.02668221  0.00078693  
725         0.03472000  0.02669330  0.00078592  
726         0.03020000  0.02669813  0.00078485  
727         0.03688000  0.02671213  0.00078390  
728         0.00760000  0.02668588  0.00078326  
729         0.01948000  0.02667599  0.00078225  
730         0.01164000  0.02665540  0.00078145  
731         -0.02168000 0.02658927  0.00078318  
732         0.03176000  0.02659634  0.00078214  
733         0.04840000  0.02662608  0.00078163  
734         0.02780000  0.02662768  0.00078057  
735         0.01228000  0.02660816  0.00077975  
736         0.05992000  0.02665342  0.00078001  
737         0.04192000  0.02667414  0.00077922  
738         0.00584000  0.02664591  0.00077868  
739         0.02500000  0.02664368  0.00077763  
740         0.06704000  0.02669827  0.00077849  
741         -0.00628000 0.02665377  0.00077871  
742         -0.01556000 0.02659687  0.00077974  
743         0.00192000  0.02656366  0.00077940  
744         0.02736000  0.02656473  0.00077835  
745         0.03240000  0.02657256  0.00077735  
746         0.03904000  0.02658928  0.00077648  
747         0.03408000  0.02659930  0.00077551  
748         0.00992000  0.02657701  0.00077479  
749         0.01392000  0.02656011  0.00077394  
750         0.03748000  0.02657467  0.00077304  
751         0.02948000  0.02657854  0.00077202  
752         -0.00344000 0.02653862  0.00077203  
753         0.04904000  0.02656850  0.00077158  
754         -0.00868000 0.02652175  0.00077198  
755         0.07860000  0.02659073  0.00077403  
756         0.04500000  0.02661508  0.00077339  
757         0.03164000  0.02662172  0.00077240  
758         0.05872000  0.02666406  0.00077254  
759         -0.00396000 0.02662372  0.00077257  
760         0.00208000  0.02659142  0.00077223  
761         0.00348000  0.02656105  0.00077182  
762         0.02092000  0.02655365  0.00077084  
763         0.00632000  0.02652713  0.00077028  
764         0.01924000  0.02651759  0.00076933  
765         0.05264000  0.02655174  0.00076909  
766         0.00696000  0.02652616  0.00076851  
767         0.03516000  0.02653742  0.00076759  
768         0.01688000  0.02652484  0.00076669  
769         0.01232000  0.02650637  0.00076591  
770         0.01216000  0.02648774  0.00076515  
771         0.00756000  0.02646319  0.00076455  
772         0.04924000  0.02649269  0.00076413  
773         0.03876000  0.02650856  0.00076330  
774         0.02596000  0.02650786  0.00076232  
775         0.04592000  0.02653290  0.00076174  
776         0.02712000  0.02653366  0.00076076  
777         0.03264000  0.02654152  0.00075982  
778         0.01172000  0.02652247  0.00075908  
779         0.03728000  0.02653628  0.00075823  
780         0.05044000  0.02656692  0.00075788  
781         0.01956000  0.02655795  0.00075696  
782         0.05364000  0.02659258  0.00075679  
783         0.04900000  0.02662120  0.00075636  
784         0.01616000  0.02660786  0.00075551  
785         0.07000000  0.02666313  0.00075657  
786         0.02804000  0.02666489  0.00075561  
787         0.03368000  0.02667380  0.00075470  
788         0.01736000  0.02666198  0.00075384  
789         0.04396000  0.02668390  0.00075320  
790         0.02280000  0.02667899  0.00075226  
791         0.01256000  0.02666114  0.00075152  
792         0.05172000  0.02669278  0.00075124  
793         0.04408000  0.02671470  0.00075061  
794         0.00384000  0.02668589  0.00075022  
795         0.04972000  0.02671487  0.00074984  
796         0.03200000  0.02672151  0.00074892  
797         0.05428000  0.02675609  0.00074878  
798         0.01152000  0.02673699  0.00074809  
799         0.03292000  0.02674473  0.00074719  
800         0.02752000  0.02674570  0.00074626  
801         -0.00964000 0.02670027  0.00074671  
802         0.01372000  0.02668409  0.00074595  
803         0.03784000  0.02669798  0.00074515  
804         0.00024000  0.02666507  0.00074495  
805         0.02428000  0.02666211  0.00074403  
806         -0.01184000 0.02661434  0.00074464  
807         0.03236000  0.02662146  0.00074375  
808         0.04380000  0.02664272  0.00074313  
809         0.03508000  0.02665315  0.00074229  
810         0.04112000  0.02667101  0.00074159  
811         0.02892000  0.02667379  0.00074068  
812         0.04352000  0.02669453  0.00074006  
813         0.01068000  0.02667483  0.00073941  
814         0.07144000  0.02672983  0.00074054  
815         0.05336000  0.02676250  0.00074036  
816         0.04008000  0.02677882  0.00073963  
817         0.03316000  0.02678663  0.00073876  
818         0.03508000  0.02679677  0.00073793  
819         0.04736000  0.02682188  0.00073745  
820         0.03612000  0.02683322  0.00073664  
821         0.00276000  0.02680390  0.00073633  
822         0.01904000  0.02679445  0.00073549  
823         0.02132000  0.02678780  0.00073463  
824         -0.00508000 0.02674913  0.00073476  
825         0.01396000  0.02673362  0.00073403  
826         0.03772000  0.02674692  0.00073326  
827         -0.00028000 0.02671424  0.00073310  
828         0.07296000  0.02677010  0.00073434  
829         0.00748000  0.02674683  0.00073382  
830         0.05984000  0.02678670  0.00073402  
831         0.01568000  0.02677333  0.00073326  
832         0.00128000  0.02674269  0.00073302  
833         0.05196000  0.02677297  0.00073277  
834         0.03392000  0.02678153  0.00073194  
835         0.03492000  0.02679128  0.00073112  
836         -0.00904000 0.02674842  0.00073151  
837         0.01868000  0.02673878  0.00073070  
838         0.01552000  0.02672539  0.00072995  
839         0.01064000  0.02670622  0.00072933  
840         0.02108000  0.02669952  0.00072849  
841         0.02508000  0.02669760  0.00072762  
842         0.03916000  0.02671240  0.00072691  
843         0.05536000  0.02674638  0.00072684  
844         0.03048000  0.02675081  0.00072599  
845         0.02308000  0.02674646  0.00072515  
846         0.01360000  0.02673092  0.00072446  
847         0.00916000  0.02671018  0.00072390  
848         0.01840000  0.02670038  0.00072311  
849         0.00688000  0.02667703  0.00072264  
850         0.04484000  0.02669840  0.00072210  
851         0.05028000  0.02672611  0.00072178  
852         -0.01664000 0.02667521  0.00072273  
853         0.03772000  0.02668816  0.00072200  
854         0.02312000  0.02668398  0.00072117  
855         0.01620000  0.02667172  0.00072043  
856         0.01760000  0.02666112  0.00071966  
857         0.03472000  0.02667053  0.00071888  
858         0.03776000  0.02668345  0.00071816  
859         0.03308000  0.02669090  0.00071736  
860         0.05276000  0.02672121  0.00071717  
861         0.03764000  0.02673389  0.00071645  
862         0.04692000  0.02675731  0.00071600  
863         0.02592000  0.02675634  0.00071517  
864         0.04520000  0.02677769  0.00071466  
865         0.00632000  0.02675403  0.00071423  
866         0.00988000  0.02673455  0.00071367  
867         0.01456000  0.02672051  0.00071298  
868         0.08244000  0.02678470  0.00071505  
869         0.03316000  0.02679204  0.00071426  
870         0.05144000  0.02682037  0.00071400  
871         0.02956000  0.02682351  0.00071319  
872         0.02084000  0.02681665  0.00071240  
873         0.03424000  0.02682515  0.00071164  
874         0.04452000  0.02684540  0.00071111  
875         0.02516000  0.02684347  0.00071030  
876         0.05512000  0.02687575  0.00071022  
877         0.06216000  0.02691599  0.00071055  
878         0.02300000  0.02691153  0.00070976  
879         0.00688000  0.02688874  0.00070932  
880         0.02360000  0.02688500  0.00070852  
881         -0.01680000 0.02683541  0.00070945  
882         0.03560000  0.02684535  0.00070871  
883         0.04212000  0.02686265  0.00070812  
884         0.03348000  0.02687014  0.00070736  
885         0.03756000  0.02688221  0.00070666  
886         0.01724000  0.02687133  0.00070595  
887         0.03308000  0.02687833  0.00070519  
888         0.03044000  0.02688234  0.00070441  
889         0.06184000  0.02692166  0.00070471  
890         0.03020000  0.02692535  0.00070393  
891         0.00848000  0.02690465  0.00070344  
892         0.05628000  0.02693758  0.00070342  
893         0.02788000  0.02693863  0.00070264  
894         0.03080000  0.02694295  0.00070186  
895         0.01580000  0.02693050  0.00070119  
896         0.02556000  0.02692897  0.00070041  
897         0.00524000  0.02690479  0.00070004  
898         0.04312000  0.02692285  0.00069950  
899         0.03776000  0.02693491  0.00069882  
900         0.04496000  0.02695493  0.00069833  
901         0.02248000  0.02694997  0.00069758  
902         -0.00524000 0.02691428  0.00069772  
903         0.02748000  0.02691491  0.00069694  
904         0.02156000  0.02690898  0.00069620  
905         -0.01312000 0.02686475  0.00069683  
906         0.04932000  0.02688954  0.00069650  
907         0.03824000  0.02690205  0.00069585  
908         0.04996000  0.02692744  0.00069554  
909         0.06032000  0.02696418  0.00069575  
910         0.02372000  0.02696062  0.00069499  
911         -0.00580000 0.02692465  0.00069516  
912         0.04852000  0.02694833  0.00069480  
913         0.03400000  0.02695606  0.00069408  
914         0.01352000  0.02694136  0.00069348  
915         0.02984000  0.02694452  0.00069273  
916         0.01208000  0.02692830  0.00069216  
917         0.04596000  0.02694905  0.00069172  
918         0.04776000  0.02697172  0.00069134  
919         0.03840000  0.02698416  0.00069070  
920         -0.01300000 0.02694070  0.00069131  
921         0.06108000  0.02697776  0.00069155  
922         0.03096000  0.02698208  0.00069082  
923         0.00204000  0.02695506  0.00069060  
924         0.00532000  0.02693165  0.00069025  
925         0.03220000  0.02693734  0.00068952  
926         0.03040000  0.02694108  0.00068879  
927         0.04068000  0.02695590  0.00068821  
928         0.05072000  0.02698151  0.00068794  
929         0.01388000  0.02696741  0.00068734  
930         0.06684000  0.02701028  0.00068794  
931         0.00652000  0.02698827  0.00068756  
932         0.06888000  0.02703322  0.00068829  
933         0.03136000  0.02703786  0.00068756  
934         0.04428000  0.02705632  0.00068708  
935         0.03576000  0.02706563  0.00068640  
936         0.01620000  0.02705402  0.00068577  
937         0.02644000  0.02705336  0.00068504  
938         0.01244000  0.02703778  0.00068448  
939         0.01804000  0.02702820  0.00068382  
940         0.00780000  0.02700774  0.00068340  
941         0.06040000  0.02704323  0.00068359  
942         0.04644000  0.02706382  0.00068318  
943         0.02760000  0.02706439  0.00068245  
944         0.01572000  0.02705237  0.00068184  
945         0.04656000  0.02707302  0.00068143  
946         0.00696000  0.02705175  0.00068104  
947         -0.00224000 0.02702082  0.00068102  
948         0.06944000  0.02706557  0.00068177  
949         0.02988000  0.02706854  0.00068106  
950         0.05392000  0.02709680  0.00068093  
951         0.02600000  0.02709565  0.00068021  
952         0.06660000  0.02713714  0.00068077  
953         0.03144000  0.02714166  0.00068007  
954         0.03736000  0.02715237  0.00067944  
955         0.02752000  0.02715275  0.00067872  
956         0.05872000  0.02718577  0.00067882  
957         0.06792000  0.02722834  0.00067944  
958         0.01984000  0.02722063  0.00067878  
959         -0.00044000 0.02719178  0.00067868  
960         0.03524000  0.02720017  0.00067803  
961         0.01704000  0.02718959  0.00067740  
962         0.00212000  0.02716353  0.00067720  
963         0.01732000  0.02715331  0.00067657  
964         0.03936000  0.02716598  0.00067599  
965         0.04048000  0.02717977  0.00067543  
966         0.02372000  0.02717619  0.00067474  
967         0.02624000  0.02717522  0.00067404  
968         0.02724000  0.02717529  0.00067335  
969         0.06912000  0.02721858  0.00067404  
970         0.00600000  0.02719670  0.00067370  
971         0.02520000  0.02719464  0.00067301  
972         0.05096000  0.02721909  0.00067276  
973         0.01108000  0.02720251  0.00067228  
974         0.02040000  0.02719552  0.00067162  
975         0.03712000  0.02720570  0.00067101  
976         0.01924000  0.02719754  0.00067037  
977         0.01708000  0.02718719  0.00066977  
978         0.02768000  0.02718769  0.00066908  
979         0.05724000  0.02721839  0.00066910  
980         0.03336000  0.02722465  0.00066845  
981         0.05752000  0.02725554  0.00066848  
982         0.02480000  0.02725303  0.00066780  
983         0.03980000  0.02726580  0.00066725  
984         0.07040000  0.02730963  0.00066801  
985         0.02768000  0.02731001  0.00066733  
986         -0.01992000 0.02726211  0.00066837  
987         -0.00776000 0.02722663  0.00066863  
988         0.03500000  0.02723449  0.00066800  
989         0.03388000  0.02724121  0.00066736  
990         0.00236000  0.02721608  0.00066716  
991         0.01400000  0.02720274  0.00066662  
992         0.02672000  0.02720226  0.00066595  
993         0.03300000  0.02720810  0.00066530  
994         0.00972000  0.02719050  0.00066487  
995         0.01312000  0.02717636  0.00066435  
996         0.01036000  0.02715948  0.00066390  
997         0.01476000  0.02714704  0.00066335  
998         -0.00288000 0.02711695  0.00066336  
999         0.05808000  0.02714795  0.00066342  
1000        0.01320000  0.02713400  0.00066291  
1001        0.03680000  0.02714366  0.00066231  
1002        0.02620000  0.02714271  0.00066165  
1003        0.02212000  0.02713771  0.00066101  
1004        0.04652000  0.02715701  0.00066064  
1005        0.04212000  0.02717190  0.00066015  
1006        0.03732000  0.02718199  0.00065957  
1007        0.08336000  0.02723778  0.00066127  
1008        0.01304000  0.02722369  0.00066076  
1009        0.04568000  0.02724198  0.00066036  
1010        0.04452000  0.02725909  0.00065993  
1011        0.03624000  0.02726797  0.00065934  
1012        0.01740000  0.02725822  0.00065876  
1013        -0.00444000 0.02722693  0.00065885  
1014        0.03920000  0.02723874  0.00065830  
1015        0.00516000  0.02721699  0.00065802  
1016        0.00492000  0.02719504  0.00065773  
1017        0.01904000  0.02718702  0.00065714  
1018        0.04056000  0.02720016  0.00065662  
1019        0.01312000  0.02718634  0.00065612  
1020        0.04472000  0.02720353  0.00065570  
1021        0.01900000  0.02719549  0.00065511  
1022        0.05036000  0.02721816  0.00065486  
1023        0.00200000  0.02719351  0.00065469  
1024        -0.00864000 0.02715852  0.00065498  
1025        0.03368000  0.02716488  0.00065437  
1026        0.02708000  0.02716480  0.00065373  
1027        0.02388000  0.02716160  0.00065311  
1028        0.00068000  0.02713584  0.00065298  
1029        0.03168000  0.02714025  0.00065236  
1030        0.02456000  0.02713775  0.00065173  
1031        -0.01432000 0.02709754  0.00065234  
1032        0.01688000  0.02708764  0.00065178  
1033        -0.00756000 0.02705409  0.00065201  
1034        -0.01100000 0.02701729  0.00065242  
1035        0.01220000  0.02700298  0.00065195  
1036        -0.01120000 0.02696610  0.00065236  
1037        0.02740000  0.02696652  0.00065173  
1038        0.00324000  0.02694366  0.00065150  
1039        0.02288000  0.02693975  0.00065089  
1040        0.04672000  0.02695877  0.00065054  
1041        0.01460000  0.02694690  0.00065002  
1042        0.05568000  0.02697447  0.00064998  
1043        0.01804000  0.02696591  0.00064942  
1044        0.04064000  0.02697900  0.00064893  
1045        0.04408000  0.02699537  0.00064851  
1046        0.01824000  0.02698700  0.00064795  
1047        -0.01784000 0.02694418  0.00064874  
1048        0.05896000  0.02697473  0.00064884  
1049        0.01560000  0.02696389  0.00064831  
1050        0.07148000  0.02700629  0.00064908  
1051        0.05040000  0.02702854  0.00064885  
1052        0.09136000  0.02708970  0.00065111  
1053        0.02504000  0.02708775  0.00065049  
1054        0.03208000  0.02709249  0.00064989  
1055        0.03964000  0.02710438  0.00064938  
1056        0.01396000  0.02709193  0.00064889  
1057        0.00212000  0.02706831  0.00064870  
1058        0.01376000  0.02705573  0.00064821  
1059        0.00364000  0.02703362  0.00064798  
1060        0.01044000  0.02701796  0.00064756  
1061        0.04004000  0.02703024  0.00064706  
1062        0.00216000  0.02700682  0.00064688  
1063        -0.02884000 0.02695428  0.00064840  
1064        0.03040000  0.02695752  0.00064780  
1065        0.03684000  0.02696680  0.00064726  
1066        0.01740000  0.02695782  0.00064671  
1067        0.03164000  0.02696221  0.00064612  
1068        0.01280000  0.02694895  0.00064565  
1069        0.06656000  0.02698601  0.00064611  
1070        0.04800000  0.02700564  0.00064580  
1071        0.03004000  0.02700848  0.00064521  
1072        0.00316000  0.02698623  0.00064499  
1073        0.03508000  0.02699377  0.00064443  
1074        0.01124000  0.02697911  0.00064400  
1075        0.02236000  0.02697481  0.00064341  
1076        0.02548000  0.02697342  0.00064282  
1077        0.04764000  0.02699261  0.00064250  
1078        0.02496000  0.02699072  0.00064191  
1079        0.03276000  0.02699607  0.00064134  
1080        0.01620000  0.02698607  0.00064082  
1081        -0.01420000 0.02694797  0.00064136  
1082        0.02908000  0.02694994  0.00064077  
1083        0.04480000  0.02696643  0.00064039  
1084        0.02160000  0.02696148  0.00063982  
1085        0.00912000  0.02694503  0.00063944  
1086        0.00472000  0.02692457  0.00063918  
1087        0.03404000  0.02693111  0.00063863  
1088        0.05920000  0.02696077  0.00063873  
1089        0.04116000  0.02697381  0.00063827  
1090        0.01360000  0.02696154  0.00063781  
1091        0.03076000  0.02696502  0.00063723  
1092        0.00864000  0.02694824  0.00063687  
1093        -0.01372000 0.02691103  0.00063737  
1094        0.02672000  0.02691086  0.00063679  
1095        0.01024000  0.02689563  0.00063639  
1096        0.02768000  0.02689635  0.00063581  
1097        0.03264000  0.02690159  0.00063525  
1098        0.02364000  0.02689862  0.00063468  
1099        0.00732000  0.02688080  0.00063435  
1100        0.03472000  0.02688793  0.00063381  
1101        0.03592000  0.02689613  0.00063329  
1102        0.01456000  0.02688494  0.00063282  
1103        0.02924000  0.02688707  0.00063225  
1104        0.04496000  0.02690344  0.00063188  
1105        -0.01164000 0.02686856  0.00063228  
1106        0.02844000  0.02686998  0.00063170  
1107        -0.01844000 0.02682905  0.00063246  
1108        0.07668000  0.02687404  0.00063349  
1109        0.03860000  0.02688462  0.00063301  
1110        0.01488000  0.02687380  0.00063253  
1111        0.01400000  0.02686221  0.00063206  
1112        0.01832000  0.02685453  0.00063154  
1113        0.01432000  0.02684327  0.00063107  
1114        0.01808000  0.02683540  0.00063056  
1115        -0.00544000 0.02680646  0.00063066  
1116        0.01500000  0.02679588  0.00063018  
1117        0.06136000  0.02682682  0.00063037  
1118        0.04472000  0.02684283  0.00063001  
1119        0.04604000  0.02685998  0.00062968  
1120        0.00668000  0.02684196  0.00062938  
1121        0.00016000  0.02681816  0.00062927  
1122        0.07816000  0.02686392  0.00063037  
1123        0.01112000  0.02684990  0.00062996  
1124        0.00276000  0.02682847  0.00062977  
1125        0.05412000  0.02685273  0.00062968  
1126        0.05008000  0.02687336  0.00062946  
1127        0.02308000  0.02686999  0.00062891  
1128        0.01532000  0.02685975  0.00062843  
1129        0.02512000  0.02685821  0.00062788  
1130        0.00828000  0.02684177  0.00062754  
1131        -0.00844000 0.02681057  0.00062776  
1132        0.02704000  0.02681078  0.00062720  
1133        0.03320000  0.02681642  0.00062667  
1134        0.00280000  0.02679524  0.00062648  
1135        0.05900000  0.02682361  0.00062657  
1136        0.02144000  0.02681887  0.00062603  
1137        0.03840000  0.02682906  0.00062557  
1138        0.03496000  0.02683620  0.00062506  
1139        0.01552000  0.02682627  0.00062459  
1140        -0.03616000 0.02677102  0.00062648  
1141        0.02524000  0.02676968  0.00062593  
1142        0.05744000  0.02679653  0.00062596  
1143        0.02456000  0.02679458  0.00062542  
1144        0.04708000  0.02681231  0.00062512  
1145        0.00964000  0.02679731  0.00062475  
1146        0.02980000  0.02679993  0.00062421  
1147        0.06196000  0.02683058  0.00062442  
1148        0.01736000  0.02682233  0.00062393  
1149        0.01436000  0.02681149  0.00062348  
1150        0.00908000  0.02679607  0.00062313  
1151        0.02580000  0.02679520  0.00062259  
1152        0.06968000  0.02683243  0.00062316  
1153        0.03836000  0.02684243  0.00062270  
1154        0.04840000  0.02686111  0.00062244  
1155        0.00976000  0.02684630  0.00062208  
1156        0.05684000  0.02687225  0.00062208  
1157        0.02704000  0.02687239  0.00062155  
1158        0.02688000  0.02687240  0.00062101  
1159        0.01172000  0.02685933  0.00062061  
1160        0.02104000  0.02685431  0.00062010  
1161        0.02732000  0.02685471  0.00061956  
1162        -0.00016000 0.02683146  0.00061946  
1163        0.03656000  0.02683983  0.00061899  
1164        0.02548000  0.02683866  0.00061846  
1165        0.06576000  0.02687207  0.00061883  
1166        0.02880000  0.02687372  0.00061830  
1167        0.00036000  0.02685100  0.00061819  
1168        0.03088000  0.02685445  0.00061767  
1169        0.04284000  0.02686813  0.00061729  
1170        0.04320000  0.02688209  0.00061692  
1171        0.02432000  0.02687990  0.00061640  
1172        0.02664000  0.02687969  0.00061587  
1173        -0.00680000 0.02685098  0.00061602  
1174        0.06020000  0.02687939  0.00061615  
1175        0.01640000  0.02687047  0.00061569  
1176        0.00264000  0.02684986  0.00061551  
1177        0.02900000  0.02685169  0.00061499  
1178        0.01952000  0.02684547  0.00061450  
1179        0.01648000  0.02683668  0.00061404  
1180        0.01052000  0.02682285  0.00061367  
1181        0.05144000  0.02684369  0.00061351  
1182        -0.00512000 0.02681665  0.00061358  
1183        0.05584000  0.02684118  0.00061356  
1184        0.03408000  0.02684730  0.00061307  
1185        0.02408000  0.02684496  0.00061255  
1186        0.03440000  0.02685133  0.00061207  
1187        -0.01296000 0.02681779  0.00061247  
1188        0.02128000  0.02681313  0.00061198  
1189        -0.02544000 0.02676918  0.00061304  
1190        0.01480000  0.02675913  0.00061261  
1191        0.04784000  0.02677683  0.00061235  
1192        0.03144000  0.02678074  0.00061185  
1193        0.00884000  0.02676570  0.00061152  
1194        0.06732000  0.02679966  0.00061195  
1195        -0.00144000 0.02677603  0.00061189  
1196        -0.00936000 0.02674582  0.00061213  
1197        0.03260000  0.02675071  0.00061164  
1198        0.04908000  0.02676935  0.00061141  
1199        0.05100000  0.02678956  0.00061123  
1200        0.03628000  0.02679747  0.00061077  
1201        0.05076000  0.02681742  0.00061059  
1202        0.02520000  0.02681607  0.00061008  
1203        0.01916000  0.02680971  0.00060961  
1204        0.02940000  0.02681186  0.00060911  
1205        0.01572000  0.02680266  0.00060867  
1206        0.00632000  0.02678567  0.00060840  
1207        0.06328000  0.02681591  0.00060865  
1208        0.03536000  0.02682298  0.00060819  
1209        0.00428000  0.02680433  0.00060797  
1210        0.05404000  0.02682684  0.00060789  
1211        -0.00184000 0.02680317  0.00060784  
1212        0.02540000  0.02680201  0.00060734  
1213        0.02772000  0.02680277  0.00060684  
1214        -0.01296000 0.02677002  0.00060723  
1215        0.02580000  0.02676922  0.00060673  
1216        0.03160000  0.02677319  0.00060624  
1217        0.04016000  0.02678419  0.00060584  
1218        0.03868000  0.02679396  0.00060542  
1219        0.04568000  0.02680945  0.00060513  
1220        0.00004000  0.02678751  0.00060503  
1221        0.03040000  0.02679047  0.00060454  
1222        0.00244000  0.02677054  0.00060437  
1223        -0.01404000 0.02673717  0.00060480  
1224        -0.00028000 0.02671510  0.00060471  
1225        0.06520000  0.02674651  0.00060503  
1226        0.04252000  0.02675938  0.00060467  
1227        0.01428000  0.02674921  0.00060427  
1228        0.07588000  0.02678922  0.00060510  
1229        0.01928000  0.02678311  0.00060464  
1230        0.01572000  0.02677411  0.00060421  
1231        0.02644000  0.02677384  0.00060372  
1232        0.06964000  0.02680864  0.00060423  
1233        0.04360000  0.02682225  0.00060390  
1234        0.06396000  0.02685235  0.00060416  
1235        0.03664000  0.02686028  0.00060372  
1236        0.00036000  0.02683883  0.00060361  
1237        0.06724000  0.02687150  0.00060401  
1238        -0.00720000 0.02684397  0.00060415  
1239        0.03312000  0.02684904  0.00060368  
1240        0.03716000  0.02685735  0.00060325  
1241        0.04612000  0.02687288  0.00060296  
1242        0.04524000  0.02688767  0.00060266  
1243        0.00800000  0.02687247  0.00060237  
1244        0.02384000  0.02687003  0.00060189  
1245        -0.01620000 0.02683544  0.00060240  
1246        0.02360000  0.02683284  0.00060192  
1247        -0.00220000 0.02680956  0.00060189  
1248        0.03172000  0.02681349  0.00060142  
1249        0.04916000  0.02683139  0.00060120  
1250        0.01072000  0.02681850  0.00060086  
1251        0.04312000  0.02683153  0.00060052  
1252        0.02668000  0.02683141  0.00060004  
1253        0.02480000  0.02682978  0.00059956  
1254        0.03900000  0.02683949  0.00059916  
1255        0.01076000  0.02682668  0.00059882  
1256        0.03332000  0.02683185  0.00059837  
1257        0.02180000  0.02682784  0.00059791  
1258        -0.00500000 0.02680254  0.00059797  
1259        0.00568000  0.02678577  0.00059773  
1260        0.05424000  0.02680756  0.00059765  
1261        0.05700000  0.02683150  0.00059765  
1262        0.06512000  0.02686184  0.00059795  
1263        0.02920000  0.02686369  0.00059748  
1264        0.02712000  0.02686389  0.00059701  
1265        0.01476000  0.02685432  0.00059661  
1266        0.01160000  0.02684227  0.00059626  
1267        0.03156000  0.02684600  0.00059580  
1268        0.03936000  0.02685587  0.00059541  
1269        0.02336000  0.02685311  0.00059495  
1270        0.03168000  0.02685691  0.00059449  
1271        -0.00860000 0.02682902  0.00059468  
1272        0.03812000  0.02683789  0.00059428  
1273        0.00048000  0.02681719  0.00059417  
1274        0.04996000  0.02683535  0.00059399  
1275        -0.00156000 0.02681308  0.00059394  
1276        0.01604000  0.02680464  0.00059353  
1277        0.02036000  0.02679959  0.00059309  
1278        0.01000000  0.02678645  0.00059277  
1279        0.01400000  0.02677645  0.00059239  
1280        0.01788000  0.02676950  0.00059197  
1281        0.03512000  0.02677602  0.00059154  
1282        0.06028000  0.02680215  0.00059166  
1283        -0.02672000 0.02676044  0.00059267  
1284        0.01532000  0.02675153  0.00059227  
1285        0.03596000  0.02675869  0.00059185  
1286        0.01096000  0.02674641  0.00059152  
1287        0.03764000  0.02675487  0.00059112  
1288        0.01100000  0.02674264  0.00059079  
1289        0.04324000  0.02675544  0.00059047  
1290        0.03784000  0.02676403  0.00059007  
1291        -0.00068000 0.02674277  0.00059000  
1292        0.05544000  0.02676498  0.00058996  
1293        -0.00220000 0.02674258  0.00058993  
1294        0.04312000  0.02675524  0.00058961  
1295        -0.00340000 0.02673195  0.00058961  
1296        0.01212000  0.02672068  0.00058927  
1297        0.02976000  0.02672302  0.00058882  
1298        0.04708000  0.02673871  0.00058857  
1299        0.02120000  0.02673444  0.00058813  
1300        0.05384000  0.02675529  0.00058805  
1301        0.02440000  0.02675348  0.00058760  
1302        0.00512000  0.02673687  0.00058739  
1303        0.00940000  0.02672356  0.00058709  
1304        0.02740000  0.02672408  0.00058664  
1305        0.03308000  0.02672895  0.00058621  
1306        0.00836000  0.02671489  0.00058593  
1307        0.00560000  0.02669873  0.00058570  
1308        0.01848000  0.02669245  0.00058529  
1309        0.03040000  0.02669528  0.00058485  
1310        0.05600000  0.02671765  0.00058483  
1311        0.02060000  0.02671298  0.00058440  
1312        0.01412000  0.02670338  0.00058403  
1313        0.04444000  0.02671689  0.00058374  
1314        0.02712000  0.02671720  0.00058330  
1315        0.00948000  0.02670409  0.00058300  
1316        -0.02108000 0.02666778  0.00058369  
1317        0.00440000  0.02665087  0.00058349  
1318        0.01324000  0.02664070  0.00058314  
1319        0.01900000  0.02663491  0.00058273  
1320        0.04888000  0.02665176  0.00058253  
1321        0.02540000  0.02665081  0.00058209  
1322        0.01512000  0.02664209  0.00058171  
1323        0.06592000  0.02667178  0.00058203  
1324        -0.00452000 0.02664822  0.00058207  
1325        0.06004000  0.02667342  0.00058217  
1326        0.05392000  0.02669397  0.00058210  
1327        0.02804000  0.02669498  0.00058166  
1328        -0.00272000 0.02667283  0.00058164  
1329        0.07108000  0.02670625  0.00058216  
1330        -0.02252000 0.02666923  0.00058290  
1331        0.03308000  0.02667405  0.00058248  
1332        0.01060000  0.02666198  0.00058217  
1333        0.00220000  0.02664363  0.00058202  
1334        0.01276000  0.02663322  0.00058168  
1335        0.01212000  0.02662235  0.00058135  
1336        0.00628000  0.02660713  0.00058111  
1337        0.04384000  0.02662001  0.00058082  
1338        0.06460000  0.02664840  0.00058108  
1339        -0.00816000 0.02662240  0.00058123  
1340        0.03716000  0.02663027  0.00058085  
1341        0.03852000  0.02663913  0.00058048  
1342        0.01648000  0.02663156  0.00058010  
1343        0.04144000  0.02664259  0.00057977  
1344        0.04256000  0.02665443  0.00057946  
1345        0.05344000  0.02667435  0.00057937  
1346        0.04736000  0.02668972  0.00057914  
1347        0.00708000  0.02667516  0.00057890  
1348        0.05264000  0.02669442  0.00057879  
1349        0.02364000  0.02669216  0.00057836  
1350        0.00904000  0.02667908  0.00057808  
1351        0.03396000  0.02668447  0.00057768  
1352        0.05876000  0.02670820  0.00057774  
1353        0.04188000  0.02671941  0.00057742  
1354        0.00136000  0.02670068  0.00057730  
1355        0.00356000  0.02668360  0.00057712  
1356        -0.00064000 0.02666345  0.00057705  
1357        0.03188000  0.02666730  0.00057664  
1358        0.02292000  0.02666454  0.00057622  
1359        0.07196000  0.02669787  0.00057676  
1360        0.05288000  0.02671712  0.00057666  
1361        -0.02744000 0.02667733  0.00057761  
1362        0.02868000  0.02667880  0.00057718  
1363        -0.00596000 0.02665485  0.00057726  
1364        0.02484000  0.02665352  0.00057683  
1365        0.03008000  0.02665603  0.00057642  
1366        0.01408000  0.02664682  0.00057607  
1367        0.05360000  0.02666654  0.00057598  
1368        0.00608000  0.02665149  0.00057576  
1369        0.02928000  0.02665341  0.00057534  
1370        0.02756000  0.02665407  0.00057492  
1371        -0.00660000 0.02662982  0.00057502  
1372        0.00660000  0.02661522  0.00057478  
1373        0.03964000  0.02662471  0.00057444  
1374        0.03276000  0.02662917  0.00057404  
1375        0.01620000  0.02662159  0.00057367  
1376        0.04324000  0.02663366  0.00057338  
1377        0.01784000  0.02662728  0.00057300  
1378        0.01304000  0.02661742  0.00057267  
1379        0.03008000  0.02661993  0.00057226  
1380        0.01808000  0.02661374  0.00057188  
1381        -0.00576000 0.02659030  0.00057195  
1382        0.04420000  0.02660304  0.00057167  
1383        0.01488000  0.02659456  0.00057132  
1384        0.03892000  0.02660347  0.00057098  
1385        0.01156000  0.02659261  0.00057067  
1386        0.02580000  0.02659203  0.00057026  
1387        0.03388000  0.02659729  0.00056987  
1388        0.03124000  0.02660063  0.00056947  
1389        0.00400000  0.02658436  0.00056929  
1390        -0.00524000 0.02656147  0.00056934  
1391        0.01888000  0.02655595  0.00056896  
1392        -0.02700000 0.02651747  0.00056985  
1393        0.02580000  0.02651696  0.00056944  
1394        0.00388000  0.02650072  0.00056927  
1395        0.01432000  0.02649199  0.00056893  
1396        -0.00036000 0.02647275  0.00056884  
1397        0.04360000  0.02648501  0.00056857  
1398        -0.00688000 0.02646114  0.00056866  
1399        0.00200000  0.02644366  0.00056853  
1400        0.05932000  0.02646714  0.00056860  
1401        -0.02124000 0.02643309  0.00056922  
1402        0.02196000  0.02642990  0.00056882  
1403        0.02152000  0.02642640  0.00056843  
1404        0.05412000  0.02644613  0.00056836  
1405        0.03208000  0.02645014  0.00056797  
1406        0.00772000  0.02643681  0.00056772  
1407        0.04584000  0.02645060  0.00056749  
1408        0.02872000  0.02645222  0.00056709  
1409        0.03152000  0.02645581  0.00056670  
1410        0.00932000  0.02644366  0.00056642  
1411        0.05224000  0.02646194  0.00056632  
1412        -0.02772000 0.02642357  0.00056722  
1413        0.06488000  0.02645079  0.00056747  
1414        -0.00040000 0.02643180  0.00056738  
1415        0.01276000  0.02642213  0.00056707  
1416        -0.00644000 0.02639893  0.00056714  
1417        -0.01068000 0.02637276  0.00056734  
1418        0.04820000  0.02638815  0.00056715  
1419        0.03028000  0.02639089  0.00056676  
1420        0.02496000  0.02638989  0.00056636  
1421        0.07304000  0.02642272  0.00056691  
1422        0.01088000  0.02641179  0.00056662  
1423        0.00544000  0.02639705  0.00056641  
1424        0.02224000  0.02639413  0.00056602  
1425        0.02224000  0.02639121  0.00056563  
1426        -0.00284000 0.02637072  0.00056561  
1427        0.05268000  0.02638915  0.00056551  
1428        0.04776000  0.02640412  0.00056531  
1429        0.02600000  0.02640383  0.00056492  
1430        0.03236000  0.02640800  0.00056454  
1431        0.04336000  0.02641985  0.00056427  
1432        0.00624000  0.02640575  0.00056405  
1433        0.06464000  0.02643244  0.00056429  
1434        0.01168000  0.02642215  0.00056399  
1435        -0.01292000 0.02639473  0.00056426  
1436        0.03624000  0.02640159  0.00056391  
1437        0.04140000  0.02641203  0.00056361  
1438        0.02656000  0.02641213  0.00056322  
1439        0.04060000  0.02642199  0.00056292  
1440        0.04828000  0.02643717  0.00056273  
1441        0.03620000  0.02644394  0.00056238  
1442        0.04588000  0.02645742  0.00056215  
1443        0.02860000  0.02645891  0.00056176  
1444        0.02304000  0.02645654  0.00056138  
1445        -0.00284000 0.02643626  0.00056136  
1446        0.04672000  0.02645029  0.00056114  
1447        0.01992000  0.02644578  0.00056077  
1448        0.01284000  0.02643638  0.00056047  
1449        -0.00188000 0.02641684  0.00056042  
1450        0.02948000  0.02641895  0.00056004  
1451        0.05296000  0.02643724  0.00055995  
1452        0.01344000  0.02642829  0.00055964  
1453        0.04504000  0.02644110  0.00055940  
1454        0.00836000  0.02642867  0.00055915  
1455        0.01872000  0.02642337  0.00055879  
1456        0.00948000  0.02641173  0.00055853  
1457        0.01232000  0.02640206  0.00055823  
1458        0.02096000  0.02639833  0.00055786  
1459        0.02880000  0.02639997  0.00055748  
1460        0.04296000  0.02641132  0.00055721  
1461        0.04492000  0.02642398  0.00055697  
1462        0.00864000  0.02641182  0.00055673  
1463        0.02748000  0.02641255  0.00055635  
1464        0.03892000  0.02642109  0.00055603  
1465        0.03196000  0.02642487  0.00055566  
1466        0.03992000  0.02643408  0.00055536  
1467        0.05300000  0.02645219  0.00055528  
1468        0.04472000  0.02646463  0.00055504  
1469        0.04668000  0.02647839  0.00055483  
1470        0.05056000  0.02649478  0.00055470  
1471        0.03800000  0.02650260  0.00055437  
1472        0.01424000  0.02649427  0.00055406  
1473        0.06228000  0.02651856  0.00055422  
1474        0.01284000  0.02650928  0.00055392  
1475        0.02780000  0.02651016  0.00055354  
1476        0.00708000  0.02649699  0.00055333  
1477        0.00880000  0.02648501  0.00055308  
1478        0.05336000  0.02650319  0.00055300  
1479        0.05560000  0.02652287  0.00055298  
1480        0.03472000  0.02652841  0.00055263  
1481        0.02252000  0.02652570  0.00055227  
1482        -0.01864000 0.02649522  0.00055274  
1483        0.00276000  0.02647922  0.00055260  
1484        0.04636000  0.02649261  0.00055239  
1485        0.03528000  0.02649853  0.00055204  
1486        0.02560000  0.02649793  0.00055167  
1487        0.05416000  0.02651653  0.00055162  
1488        0.02168000  0.02651328  0.00055125  
1489        0.02520000  0.02651240  0.00055089  
1490        0.03476000  0.02651793  0.00055054  
1491        -0.02708000 0.02648199  0.00055135  
1492        0.05376000  0.02650027  0.00055128  
1493        0.04820000  0.02651480  0.00055110  
1494        0.03680000  0.02652169  0.00055078  
1495        -0.00572000 0.02650012  0.00055083  
1496        0.03640000  0.02650674  0.00055050  
1497        0.00504000  0.02649240  0.00055032  
1498        0.00996000  0.02648136  0.00055006  
1499        0.02144000  0.02647800  0.00054971  
1500        0.07848000  0.02651267  0.00055043  
1501        0.02140000  0.02650926  0.00055008  
1502        0.02428000  0.02650778  0.00054971  
1503        0.05476000  0.02652657  0.00054967  
1504        0.03684000  0.02653343  0.00054935  
1505        0.03420000  0.02653852  0.00054900  
1506        0.06432000  0.02656361  0.00054921  
1507        -0.00456000 0.02654296  0.00054924  
1508        0.04296000  0.02655385  0.00054898  
1509        -0.02608000 0.02651897  0.00054972  
1510        0.03096000  0.02652191  0.00054937  
1511        0.03252000  0.02652588  0.00054902  
1512        0.01988000  0.02652148  0.00054867  
1513        0.01552000  0.02651421  0.00054836  
1514        0.03372000  0.02651897  0.00054802  
1515        0.03048000  0.02652158  0.00054766  
1516        0.00876000  0.02650987  0.00054743  
1517        0.05504000  0.02652868  0.00054739  
1518        0.02072000  0.02652485  0.00054704  
1519        0.02460000  0.02652358  0.00054668  
1520        0.00724000  0.02651089  0.00054647  
1521        0.02452000  0.02650959  0.00054611  
1522        0.04604000  0.02652242  0.00054590  
1523        0.03048000  0.02652502  0.00054555  
1524        0.02008000  0.02652079  0.00054521  
1525        -0.00764000 0.02649839  0.00054531  
1526        0.00604000  0.02648498  0.00054512  
1527        0.04408000  0.02649650  0.00054488  
1528        -0.00748000 0.02647427  0.00054498  
1529        0.02460000  0.02647304  0.00054463  
1530        -0.01232000 0.02644769  0.00054486  
1531        0.03412000  0.02645270  0.00054453  
1532        0.05276000  0.02646987  0.00054444  
1533        0.04348000  0.02648097  0.00054420  
1534        0.02008000  0.02647679  0.00054386  
1535        0.03048000  0.02647940  0.00054351  
1536        0.03856000  0.02648727  0.00054322  
1537        0.00876000  0.02647573  0.00054299  
1538        0.01876000  0.02647072  0.00054266  
1539        0.06340000  0.02649471  0.00054283  
1540        0.03516000  0.02650034  0.00054251  
1541        0.00196000  0.02648441  0.00054239  
1542        0.03992000  0.02649313  0.00054211  
1543        0.01252000  0.02648407  0.00054183  
1544        0.02208000  0.02648122  0.00054149  
1545        0.04848000  0.02649546  0.00054133  
1546        0.00732000  0.02648305  0.00054112  
1547        0.03096000  0.02648595  0.00054078  
1548        0.01176000  0.02647643  0.00054051  
1549        0.03956000  0.02648488  0.00054023  
1550        0.03056000  0.02648751  0.00053989  
1551        0.02740000  0.02648810  0.00053954  
1552        0.04500000  0.02650003  0.00053932  
1553        0.03960000  0.02650846  0.00053904  
1554        0.03176000  0.02651184  0.00053870  
1555        0.02556000  0.02651123  0.00053836  
1556        -0.00692000 0.02648974  0.00053844  
1557        0.05420000  0.02650754  0.00053839  
1558        0.01096000  0.02649756  0.00053814  
1559        0.03960000  0.02650597  0.00053786  
1560        -0.02360000 0.02647385  0.00053847  
1561        0.00824000  0.02646217  0.00053825  
1562        0.02576000  0.02646172  0.00053791  
1563        0.05256000  0.02647841  0.00053782  
1564        0.02592000  0.02647806  0.00053748  
1565        0.01576000  0.02647121  0.00053718  
1566        0.04248000  0.02648143  0.00053693  
1567        0.01700000  0.02647538  0.00053662  
1568        0.07608000  0.02650702  0.00053721  
1569        -0.00924000 0.02648423  0.00053735  
1570        0.04692000  0.02649725  0.00053717  
1571        0.02152000  0.02649408  0.00053684  
1572        0.06844000  0.02652076  0.00053716  
1573        0.02916000  0.02652244  0.00053682  
1574        0.00204000  0.02650689  0.00053670  
1575        0.02356000  0.02650502  0.00053637  
1576        0.02716000  0.02650543  0.00053603  
1577        0.04072000  0.02651445  0.00053576  
1578        0.03008000  0.02651670  0.00053543  
1579        0.02280000  0.02651435  0.00053509  
1580        0.06092000  0.02653613  0.00053520  
1581        0.06588000  0.02656101  0.00053544  
1582        0.03352000  0.02656541  0.00053512  
1583        0.03468000  0.02657054  0.00053480  
1584        0.03760000  0.02657750  0.00053451  
1585        0.02000000  0.02657335  0.00053419  
1586        0.02780000  0.02657412  0.00053385  
1587        0.01284000  0.02656547  0.00053359  
1588        0.01836000  0.02656030  0.00053328  
1589        0.02160000  0.02655718  0.00053295  
1590        0.04144000  0.02656654  0.00053270  
1591        0.04092000  0.02657556  0.00053244  
1592        0.04464000  0.02658691  0.00053222  
1593        0.06340000  0.02661002  0.00053239  
1594        0.00944000  0.02659925  0.00053217  
1595        0.03888000  0.02660695  0.00053189  
1596        0.05100000  0.02662223  0.00053178  
1597        0.02484000  0.02662111  0.00053144  
1598        0.01808000  0.02661577  0.00053114  
1599        -0.02380000 0.02658424  0.00053174  
1600        0.04696000  0.02659697  0.00053156  
1601        -0.01400000 0.02657162  0.00053183  
1602        0.03236000  0.02657523  0.00053151  
1603        0.04260000  0.02658523  0.00053128  
1604        0.01248000  0.02657643  0.00053102  
1605        0.04272000  0.02658649  0.00053078  
1606        0.00448000  0.02657273  0.00053063  
1607        0.00736000  0.02656077  0.00053043  
1608        -0.00640000 0.02654027  0.00053050  
1609        -0.00988000 0.02651764  0.00053065  
1610        0.01324000  0.02650939  0.00053039  
1611        0.02644000  0.02650935  0.00053006  
1612        0.01244000  0.02650062  0.00052980  
1613        0.05884000  0.02652067  0.00052985  
1614        -0.00432000 0.02650156  0.00052987  
1615        0.02780000  0.02650237  0.00052954  
1616        0.03344000  0.02650666  0.00052923  
1617        0.04544000  0.02651837  0.00052903  
1618        0.06864000  0.02654440  0.00052935  
1619        0.02064000  0.02654075  0.00052903  
1620        -0.01528000 0.02651494  0.00052934  
1621        0.01916000  0.02651040  0.00052903  
1622        0.04032000  0.02651891  0.00052877  
1623        0.03024000  0.02652121  0.00052845  
1624        0.01568000  0.02651453  0.00052817  
1625        0.05856000  0.02653425  0.00052821  
1626        0.04180000  0.02654364  0.00052797  
1627        0.04560000  0.02655535  0.00052777  
1628        0.02068000  0.02655174  0.00052746  
1629        0.01644000  0.02654554  0.00052717  
1630        -0.00524000 0.02652604  0.00052721  
1631        -0.00660000 0.02650573  0.00052728  
1632        0.04324000  0.02651598  0.00052706  
1633        0.01676000  0.02651001  0.00052677  
1634        0.01724000  0.02650433  0.00052648  
1635        0.02340000  0.02650243  0.00052616  
1636        0.02048000  0.02649875  0.00052585  
1637        0.00388000  0.02648494  0.00052571  
1638        0.05244000  0.02650078  0.00052563  
1639        0.01404000  0.02649318  0.00052536  
1640        0.01132000  0.02648393  0.00052512  
1641        0.02368000  0.02648222  0.00052480  
1642        -0.02144000 0.02645303  0.00052530  
1643        -0.01020000 0.02643072  0.00052545  
1644        0.00904000  0.02642015  0.00052524  
1645        -0.00528000 0.02640088  0.00052527  
1646        0.03080000  0.02640355  0.00052496  
1647        0.02732000  0.02640410  0.00052464  
1648        0.02396000  0.02640262  0.00052432  
1649        0.06904000  0.02642848  0.00052464  
1650        0.00516000  0.02641559  0.00052448  
1651        -0.00340000 0.02639753  0.00052448  
1652        -0.00304000 0.02637971  0.00052446  
1653        0.01676000  0.02637389  0.00052418  
1654        0.02320000  0.02637197  0.00052386  
1655        0.02748000  0.02637264  0.00052355  
1656        0.00700000  0.02636094  0.00052336  
1657        0.04332000  0.02637118  0.00052315  
1658        0.03652000  0.02637730  0.00052287  
1659        0.07664000  0.02640759  0.00052343  
1660        0.00912000  0.02639718  0.00052322  
1661        0.00672000  0.02638533  0.00052304  
1662        0.01324000  0.02637742  0.00052278  
1663        0.01136000  0.02636839  0.00052254  
1664        0.04884000  0.02638190  0.00052240  
1665        0.01396000  0.02637444  0.00052214  
1666        0.03488000  0.02637954  0.00052186  
1667        0.03908000  0.02638716  0.00052160  
1668        0.00568000  0.02637475  0.00052143  
1669        0.03668000  0.02638092  0.00052116  
1670        0.00172000  0.02636616  0.00052105  
1671        0.01872000  0.02636158  0.00052076  
1672        0.03216000  0.02636505  0.00052046  
1673        0.00908000  0.02635472  0.00052025  
1674        0.02328000  0.02635288  0.00051995  
1675        0.04440000  0.02636365  0.00051975  
1676        0.00660000  0.02635186  0.00051957  
1677        -0.01132000 0.02632940  0.00051975  
1678        0.02396000  0.02632799  0.00051944  
1679        0.01420000  0.02632076  0.00051918  
1680        0.01392000  0.02631338  0.00051892  
1681        -0.00768000 0.02629316  0.00051901  
1682        0.02576000  0.02629284  0.00051870  
1683        0.02452000  0.02629179  0.00051839  
1684        0.01924000  0.02628760  0.00051810  
1685        0.01592000  0.02628145  0.00051783  
1686        0.01192000  0.02627293  0.00051759  
1687        0.04512000  0.02628410  0.00051741  
1688        0.03568000  0.02628967  0.00051713  
1689        0.02068000  0.02628635  0.00051683  
1690        0.00080000  0.02627127  0.00051675  
1691        0.01004000  0.02626167  0.00051653  
1692        0.01100000  0.02625265  0.00051631  
1693        0.02648000  0.02625278  0.00051600  
1694        -0.00216000 0.02623601  0.00051597  
1695        0.01824000  0.02623129  0.00051569  
1696        0.02644000  0.02623142  0.00051538  
1697        0.00948000  0.02622154  0.00051517  
1698        0.05700000  0.02623967  0.00051519  
1699        0.05128000  0.02625441  0.00051510  
1700        0.07064000  0.02628052  0.00051545  
1701        0.01908000  0.02627628  0.00051517  
1702        -0.00872000 0.02625572  0.00051528  
1703        0.02872000  0.02625717  0.00051498  
1704        0.01904000  0.02625293  0.00051469  
1705        -0.00164000 0.02623657  0.00051465  
1706        0.03084000  0.02623927  0.00051435  
1707        0.02496000  0.02623852  0.00051405  
1708        0.02876000  0.02624000  0.00051375  
1709        -0.00376000 0.02622245  0.00051375  
1710        0.05864000  0.02624140  0.00051380  
1711        0.02228000  0.02623909  0.00051351  
1712        0.02988000  0.02624121  0.00051321  
1713        0.00784000  0.02623047  0.00051302  
1714        0.03108000  0.02623330  0.00051273  
1715        0.04732000  0.02624560  0.00051258  
1716        0.03768000  0.02625226  0.00051233  
1717        -0.00588000 0.02623355  0.00051237  
1718        0.05284000  0.02624903  0.00051231  
1719        0.00544000  0.02623693  0.00051215  
1720        0.04680000  0.02624888  0.00051199  
1721        0.04416000  0.02625929  0.00051180  
1722        0.01792000  0.02625445  0.00051153  
1723        0.02960000  0.02625639  0.00051123  
1724        0.02308000  0.02625455  0.00051094  
1725        0.04444000  0.02626509  0.00051075  
1726        0.00464000  0.02625256  0.00051061  
1727        0.04172000  0.02626152  0.00051039  
1728        0.00016000  0.02624641  0.00051032  
1729        0.03300000  0.02625032  0.00051004  
1730        0.06316000  0.02627165  0.00051019  
1731        0.04244000  0.02628099  0.00050998  
1732        0.03776000  0.02628762  0.00050973  
1733        0.01720000  0.02628238  0.00050946  
1734        0.01576000  0.02627631  0.00050921  
1735        0.05532000  0.02629305  0.00050919  
1736        0.02492000  0.02629226  0.00050889  
1737        -0.00080000 0.02627666  0.00050884  
1738        -0.00608000 0.02625804  0.00050889  
1739        0.04760000  0.02627032  0.00050874  
1740        0.06884000  0.02629478  0.00050904  
1741        0.04128000  0.02630339  0.00050882  
1742        -0.01196000 0.02628142  0.00050900  
1743        0.04032000  0.02628948  0.00050877  
1744        0.03572000  0.02629489  0.00050851  
1745        0.00676000  0.02628369  0.00050834  
1746        0.04828000  0.02629629  0.00050821  
1747        0.02452000  0.02629527  0.00050792  
1748        0.00792000  0.02628476  0.00050774  
1749        0.04276000  0.02629418  0.00050753  
1750        0.02704000  0.02629461  0.00050724  
1751        -0.00052000 0.02627929  0.00050718  
1752        0.02748000  0.02627998  0.00050690  
1753        0.02560000  0.02627959  0.00050661  
1754        0.05684000  0.02629701  0.00050662  
1755        0.02628000  0.02629700  0.00050633  
1756        0.05784000  0.02631497  0.00050636  
1757        0.01988000  0.02631130  0.00050608  
1758        0.00220000  0.02629759  0.00050598  
1759        0.03072000  0.02630010  0.00050570  
1760        -0.00844000 0.02628036  0.00050580  
1761        0.02380000  0.02627896  0.00050551  
1762        0.03316000  0.02628286  0.00050524  
1763        0.03440000  0.02628746  0.00050497  
1764        0.05584000  0.02630422  0.00050497  
1765        0.01808000  0.02629956  0.00050470  
1766        0.00208000  0.02628584  0.00050460  
1767        0.03012000  0.02628801  0.00050432  
1768        0.01228000  0.02628009  0.00050410  
1769        0.07156000  0.02630569  0.00050446  
1770        0.00588000  0.02629415  0.00050431  
1771        0.04140000  0.02630268  0.00050410  
1772        0.01848000  0.02629826  0.00050383  
1773        0.02604000  0.02629812  0.00050355  
1774        -0.00148000 0.02628246  0.00050351  
1775        0.01276000  0.02627484  0.00050328  
1776        0.03456000  0.02627950  0.00050302  
1777        0.05760000  0.02629713  0.00050305  
1778        0.03312000  0.02630097  0.00050278  
1779        0.03460000  0.02630563  0.00050252  
1780        0.00840000  0.02629557  0.00050233  
1781        0.02732000  0.02629615  0.00050205  
1782        0.04360000  0.02630586  0.00050186  
1783        0.05892000  0.02632415  0.00050192  
1784        0.06040000  0.02634325  0.00050200  
1785        0.01312000  0.02633584  0.00050177  
1786        0.02012000  0.02633236  0.00050150  
1787        0.01976000  0.02632868  0.00050124  
1788        0.01352000  0.02632152  0.00050101  
1789        0.01980000  0.02631788  0.00050074  
1790        0.01988000  0.02631428  0.00050047  
1791        0.02748000  0.02631493  0.00050019  
1792        0.01336000  0.02630770  0.00049997  
1793        0.04616000  0.02631877  0.00049981  
1794        0.03864000  0.02632564  0.00049958  
1795        0.05960000  0.02634418  0.00049964  
1796        0.05380000  0.02635947  0.00049960  
1797        0.01576000  0.02635357  0.00049936  
1798        -0.00100000 0.02633835  0.00049931  
1799        0.01584000  0.02633252  0.00049907  
1800        0.04324000  0.02634191  0.00049888  
1801        0.02096000  0.02633892  0.00049861  
1802        0.03192000  0.02634202  0.00049834  
1803        0.02136000  0.02633926  0.00049807  
1804        0.00428000  0.02632703  0.00049795  
1805        0.05288000  0.02634174  0.00049789  
1806        0.08128000  0.02637216  0.00049854  
1807        0.02388000  0.02637078  0.00049827  
1808        0.03712000  0.02637673  0.00049803  
1809        0.04032000  0.02638443  0.00049781  
1810        0.04216000  0.02639315  0.00049761  
1811        -0.00452000 0.02637608  0.00049763  
1812        0.02764000  0.02637678  0.00049736  
1813        0.06344000  0.02639722  0.00049750  
1814        0.06396000  0.02641793  0.00049766  
1815        0.01376000  0.02641095  0.00049744  
1816        0.02068000  0.02640780  0.00049717  
1817        0.00600000  0.02639657  0.00049702  
1818        0.03628000  0.02640200  0.00049678  
1819        0.03492000  0.02640668  0.00049653  
1820        0.06680000  0.02642888  0.00049675  
1821        0.03312000  0.02643255  0.00049649  
1822        0.03400000  0.02643671  0.00049624  
1823        0.01240000  0.02642901  0.00049603  
1824        0.01540000  0.02642296  0.00049579  
1825        0.01020000  0.02641407  0.00049560  
1826        0.02992000  0.02641599  0.00049533  
1827        0.04428000  0.02642577  0.00049516  
1828        0.03672000  0.02643140  0.00049492  
1829        0.04856000  0.02644350  0.00049479  
1830        0.00940000  0.02643419  0.00049461  
1831        0.02136000  0.02643141  0.00049435  
1832        0.03420000  0.02643566  0.00049410  
1833        0.02280000  0.02643367  0.00049383  
1834        0.02748000  0.02643424  0.00049356  
1835        0.03808000  0.02644059  0.00049333  
1836        0.01672000  0.02643529  0.00049309  
1837        0.01084000  0.02642680  0.00049290  
1838        0.01548000  0.02642085  0.00049267  
1839        0.07732000  0.02644853  0.00049318  
1840        0.02228000  0.02644626  0.00049291  
1841        0.01756000  0.02644143  0.00049267  
1842        0.02588000  0.02644113  0.00049240  
1843        0.04692000  0.02645224  0.00049226  
1844        0.02216000  0.02644991  0.00049200  
1845        0.02832000  0.02645093  0.00049173  
1846        -0.02792000 0.02642147  0.00049235  
1847        0.03712000  0.02642727  0.00049212  
1848        0.05480000  0.02644262  0.00049209  
1849        0.02504000  0.02644186  0.00049182  
1850        0.01764000  0.02643710  0.00049158  
1851        0.01764000  0.02643235  0.00049134  
1852        0.00524000  0.02642091  0.00049121  
1853        0.05128000  0.02643432  0.00049112  
1854        0.01912000  0.02643038  0.00049087  
1855        0.02260000  0.02642831  0.00049061  
1856        0.00756000  0.02641815  0.00049046  
1857        0.01236000  0.02641058  0.00049025  
1858        0.04652000  0.02642140  0.00049010  
1859        0.05564000  0.02643712  0.00049009  
1860        0.06132000  0.02645587  0.00049019  
1861        0.02460000  0.02645487  0.00048993  
1862        0.03980000  0.02646204  0.00048972  
1863        0.01484000  0.02645580  0.00048949  
1864        0.05304000  0.02647006  0.00048944  
1865        0.02060000  0.02646692  0.00048918  
1866        0.01900000  0.02646292  0.00048894  
1867        0.00672000  0.02645234  0.00048879  
1868        0.06804000  0.02647460  0.00048904  
1869        0.03764000  0.02648058  0.00048881  
1870        0.06680000  0.02650214  0.00048903  
1871        0.02928000  0.02650362  0.00048877  
1872        0.05420000  0.02651842  0.00048873  
1873        0.00104000  0.02650482  0.00048866  
1874        0.03488000  0.02650928  0.00048842  
1875        0.02772000  0.02650993  0.00048816  
1876        0.00992000  0.02650109  0.00048798  
1877        0.00052000  0.02648725  0.00048791  
1878        0.03628000  0.02649246  0.00048768  
1879        0.02448000  0.02649139  0.00048742  
1880        0.04896000  0.02650334  0.00048731  
1881        0.02160000  0.02650073  0.00048706  
1882        0.00132000  0.02648735  0.00048698  
1883        0.03432000  0.02649151  0.00048674  
1884        0.00324000  0.02647917  0.00048664  
1885        0.01852000  0.02647495  0.00048640  
1886        0.00972000  0.02646607  0.00048622  
1887        0.00072000  0.02645242  0.00048616  
1888        0.02236000  0.02645025  0.00048590  
1889        0.03480000  0.02645467  0.00048567  
1890        0.03916000  0.02646140  0.00048546  
1891        0.04852000  0.02647306  0.00048534  
1892        0.05284000  0.02648700  0.00048528  
1893        0.00396000  0.02647510  0.00048517  
1894        -0.00700000 0.02645742  0.00048524  
1895        0.07200000  0.02648146  0.00048558  
1896        0.04244000  0.02648987  0.00048539  
1897        0.02412000  0.02648862  0.00048514  
1898        -0.01556000 0.02646647  0.00048539  
1899        0.05200000  0.02647992  0.00048532  
1900        0.01264000  0.02647263  0.00048512  
1901        0.02348000  0.02647106  0.00048487  
1902        0.01476000  0.02646490  0.00048465  
1903        0.03552000  0.02646966  0.00048442  
1904        0.01256000  0.02646235  0.00048422  
1905        0.02268000  0.02646037  0.00048397  
1906        0.04188000  0.02646846  0.00048378  
1907        0.02860000  0.02646958  0.00048353  
1908        0.00244000  0.02645698  0.00048344  
1909        -0.02516000 0.02642994  0.00048395  
1910        0.00172000  0.02641701  0.00048387  
1911        0.01944000  0.02641335  0.00048363  
1912        0.03664000  0.02641870  0.00048340  
1913        0.01352000  0.02641196  0.00048320  
1914        0.06000000  0.02642951  0.00048326  
1915        0.03468000  0.02643382  0.00048303  
1916        0.03160000  0.02643651  0.00048278  
1917        0.04424000  0.02644580  0.00048262  
1918        0.00716000  0.02643575  0.00048248  
1919        0.02776000  0.02643644  0.00048222  
1920        -0.00412000 0.02642052  0.00048224  
1921        -0.00064000 0.02640643  0.00048219  
1922        0.03876000  0.02641286  0.00048198  
1923        0.01652000  0.02640772  0.00048176  
1924        0.03592000  0.02641266  0.00048153  
1925        0.01832000  0.02640846  0.00048130  
1926        0.05148000  0.02642147  0.00048123  
1927        -0.01524000 0.02639985  0.00048146  
1928        0.00508000  0.02638880  0.00048134  
1929        0.01468000  0.02638273  0.00048113  
1930        0.02224000  0.02638058  0.00048089  
1931        0.05436000  0.02639507  0.00048085  
1932        0.04008000  0.02640215  0.00048066  
1933        0.02660000  0.02640226  0.00048041  
1934        0.06216000  0.02642074  0.00048052  
1935        0.03072000  0.02642297  0.00048027  
1936        0.05756000  0.02643905  0.00048029  
1937        0.02944000  0.02644060  0.00048005  
1938        0.04048000  0.02644784  0.00047986  
1939        -0.00828000 0.02642993  0.00047994  
1940        0.02300000  0.02642816  0.00047970  
1941        0.05484000  0.02644280  0.00047967  
1942        0.01440000  0.02643660  0.00047947  
1943        0.01624000  0.02643135  0.00047925  
1944        0.06068000  0.02644897  0.00047933  
1945        0.05076000  0.02646147  0.00047924  
1946        0.02092000  0.02645862  0.00047901  
1947        0.04740000  0.02646938  0.00047888  
1948        0.05328000  0.02648314  0.00047883  
1949        0.02804000  0.02648394  0.00047859  
1950        0.03636000  0.02648901  0.00047837  
1951        0.03800000  0.02649491  0.00047816  
1952        0.00820000  0.02648553  0.00047801  
1953        0.03000000  0.02648733  0.00047777  
1954        0.03768000  0.02649306  0.00047756  
1955        -0.00040000 0.02647930  0.00047751  
1956        0.04928000  0.02649096  0.00047741  
1957        0.06260000  0.02650941  0.00047752  
1958        0.04020000  0.02651640  0.00047733  
1959        0.00080000  0.02650328  0.00047726  
1960        0.04952000  0.02651502  0.00047716  
1961        0.01772000  0.02651054  0.00047694  
1962        -0.00292000 0.02649554  0.00047694  
1963        0.01520000  0.02648978  0.00047673  
1964        0.01328000  0.02648305  0.00047653  
1965        0.00752000  0.02647340  0.00047639  
1966        0.02596000  0.02647314  0.00047614  
1967        0.02628000  0.02647305  0.00047590  
1968        0.03232000  0.02647602  0.00047567  
1969        0.05388000  0.02648993  0.00047563  
1970        0.03692000  0.02649523  0.00047542  
1971        0.02424000  0.02649408  0.00047518  
1972        0.00568000  0.02648353  0.00047506  
1973        0.04204000  0.02649141  0.00047488  
1974        0.05220000  0.02650444  0.00047482  
1975        0.03840000  0.02651046  0.00047462  
1976        0.01900000  0.02650666  0.00047439  
1977        0.02460000  0.02650570  0.00047415  
1978        0.00780000  0.02649624  0.00047401  
1979        0.02524000  0.02649560  0.00047377  
1980        0.06508000  0.02651509  0.00047393  
1981        0.06760000  0.02653583  0.00047414  
1982        0.02760000  0.02653637  0.00047390  
1983        0.01824000  0.02653218  0.00047368  
1984        0.03020000  0.02653403  0.00047345  
1985        0.03744000  0.02653953  0.00047324  
1986        0.00244000  0.02652739  0.00047316  
1987        0.02684000  0.02652755  0.00047292  
1988        0.02212000  0.02652533  0.00047269  
1989        0.00356000  0.02651379  0.00047259  
1990        -0.00352000 0.02649869  0.00047260  
1991        0.04152000  0.02650624  0.00047242  
1992        0.03224000  0.02650912  0.00047219  
1993        -0.00112000 0.02649525  0.00047216  
1994        0.00084000  0.02648239  0.00047210  
1995        0.00160000  0.02646991  0.00047202  
1996        0.01432000  0.02646383  0.00047183  
1997        0.01416000  0.02645767  0.00047163  
1998        0.03796000  0.02646342  0.00047143  
1999        0.05816000  0.02647928  0.00047146  
2000        0.04988000  0.02649098  0.00047137  
