1           -0.90112000 -0.90112000 0.00000000  
2           -0.94736000 -0.92424000 0.02312000  
3           -0.98032000 -0.94293333 0.02296996  
4           -0.98248000 -0.95282000 0.01901462  
5           -0.99640000 -0.96153600 0.01711438  
6           -0.97848000 -0.96436000 0.01425633  
7           -0.90848000 -0.95637714 0.01445336  
8           -0.97304000 -0.95846000 0.01268909  
9           -0.94752000 -0.95724444 0.01125655  
10          -0.94168000 -0.95568800 0.01018776  
11          -0.98872000 -0.95869091 0.00969211  
12          -0.97648000 -0.96017333 0.00897097  
13          -0.95712000 -0.95993846 0.00825544  
14          -0.95296000 -0.95944000 0.00765929  
15          -0.96464000 -0.95978667 0.00713883  
16          -0.93488000 -0.95823000 0.00685680  
17          -0.99648000 -0.96048000 0.00682253  
18          -0.92968000 -0.95876889 0.00665605  
19          -0.96272000 -0.95897684 0.00629942  
20          -0.99056000 -0.96055600 0.00618128  
21          -0.97312000 -0.96115429 0.00590993  
22          -0.96344000 -0.96125818 0.00563586  
23          -0.91640000 -0.95930783 0.00572754  
24          -0.99240000 -0.96068667 0.00565440  
25          -0.96648000 -0.96091840 0.00542846  
26          -0.98680000 -0.96191385 0.00530964  
27          -0.97752000 -0.96249185 0.00514180  
28          -0.92704000 -0.96122571 0.00511397  
29          -0.95568000 -0.96103448 0.00493818  
30          -0.98704000 -0.96190133 0.00484885  
31          -0.97880000 -0.96244645 0.00472141  
32          -0.98448000 -0.96313500 0.00462305  
33          -0.96480000 -0.96318545 0.00448105  
34          -0.94680000 -0.96270353 0.00437389  
35          -0.94256000 -0.96212800 0.00428590  
36          -0.99752000 -0.96311111 0.00427959  
37          -0.97248000 -0.96336432 0.00417002  
38          -0.97168000 -0.96358316 0.00406469  
39          -0.97912000 -0.96398154 0.00397909  
40          -0.91632000 -0.96279000 0.00405725  
41          -0.95256000 -0.96254049 0.00396491  
42          -0.97664000 -0.96287619 0.00388389  
43          -0.94152000 -0.96237953 0.00382488  
44          -0.95160000 -0.96213455 0.00374496  
45          -0.99488000 -0.96286222 0.00373241  
46          -0.98000000 -0.96323478 0.00366934  
47          -0.99024000 -0.96380936 0.00363610  
48          -0.97496000 -0.96404167 0.00356712  
49          -0.98152000 -0.96439837 0.00351172  
50          -0.94080000 -0.96392640 0.00347299  
51          -0.98280000 -0.96429647 0.00342427  
52          -0.97424000 -0.96448769 0.00336321  
53          -0.98760000 -0.96492377 0.00332784  
54          -0.94784000 -0.96460741 0.00328092  
55          -0.98752000 -0.96502400 0.00324754  
56          -0.98632000 -0.96540429 0.00321162  
57          -0.94200000 -0.96499368 0.00318138  
58          -0.94776000 -0.96469655 0.00314014  
59          -0.97640000 -0.96489492 0.00309282  
60          -0.91416000 -0.96404933 0.00315622  
61          -0.98512000 -0.96439475 0.00312321  
62          -0.99520000 -0.96489161 0.00311233  
63          -0.99576000 -0.96538159 0.00310148  
64          -0.97256000 -0.96549375 0.00305470  
65          -0.98976000 -0.96586708 0.00303042  
66          -0.94016000 -0.96547758 0.00300946  
67          -0.95480000 -0.96531821 0.00296848  
68          -0.99360000 -0.96573412 0.00295393  
69          -0.98760000 -0.96605101 0.00292800  
70          -0.94128000 -0.96569714 0.00290749  
71          -0.94632000 -0.96542423 0.00287921  
72          -0.98504000 -0.96569667 0.00285198  
73          -0.97072000 -0.96576548 0.00281348  
74          -0.98632000 -0.96604324 0.00278907  
75          -0.97296000 -0.96613547 0.00275317  
76          -0.97960000 -0.96631263 0.00272248  
77          -0.95096000 -0.96611325 0.00269428  
78          -0.95896000 -0.96602154 0.00266109  
79          -0.98296000 -0.96623595 0.00263592  
80          -0.96040000 -0.96616300 0.00260379  
81          -0.93184000 -0.96573926 0.00260612  
82          -0.94200000 -0.96544976 0.00259037  
83          -0.96920000 -0.96549494 0.00255937  
84          -0.98472000 -0.96572381 0.00253906  
85          -0.91800000 -0.96516235 0.00257106  
86          -0.98272000 -0.96536651 0.00254918  
87          -0.97472000 -0.96547402 0.00252200  
88          -0.96136000 -0.96542727 0.00249361  
89          -0.94408000 -0.96518742 0.00247707  
90          -0.98328000 -0.96538844 0.00245763  
91          -0.97832000 -0.96553055 0.00243463  
92          -0.99128000 -0.96581043 0.00242423  
93          -0.94600000 -0.96559742 0.00240746  
94          -0.96224000 -0.96556170 0.00238198  
95          -0.95328000 -0.96543242 0.00236032  
96          -0.98976000 -0.96568583 0.00234931  
97          -0.96264000 -0.96565443 0.00232518  
98          -0.93304000 -0.96532163 0.00232527  
99          -0.99376000 -0.96560889 0.00231951  
100         -0.96112000 -0.96556400 0.00229664  
101         -0.96664000 -0.96557465 0.00227381  
102         -0.98520000 -0.96576706 0.00225962  
103         -0.97944000 -0.96589981 0.00224151  
104         -0.95744000 -0.96581846 0.00222134  
105         -0.96272000 -0.96578895 0.00220028  
106         -0.91528000 -0.96531245 0.00223090  
107         -0.92928000 -0.96497570 0.00223547  
108         -0.97328000 -0.96505259 0.00221601  
109         -0.96816000 -0.96508110 0.00219577  
110         -0.98864000 -0.96529527 0.00218623  
111         -0.99528000 -0.96556541 0.00218322  
112         -0.94712000 -0.96540071 0.00216990  
113         -0.98744000 -0.96559575 0.00215944  
114         -0.98360000 -0.96575368 0.00214623  
115         -0.98744000 -0.96594226 0.00213582  
116         -0.96992000 -0.96597655 0.00211761  
117         -0.99704000 -0.96624205 0.00211615  
118         -0.98736000 -0.96642102 0.00210576  
119         -0.96952000 -0.96644706 0.00208815  
120         -0.96640000 -0.96644667 0.00207068  
121         -0.99424000 -0.96667636 0.00206630  
122         -0.99608000 -0.96691738 0.00206342  
123         -0.94088000 -0.96670569 0.00205749  
124         -0.93792000 -0.96647355 0.00205399  
125         -0.99448000 -0.96669760 0.00204978  
126         -0.97752000 -0.96678349 0.00203526  
127         -0.99768000 -0.96702677 0.00203377  
128         -0.97888000 -0.96711938 0.00201994  
129         -0.99048000 -0.96730047 0.00201239  
130         -0.97992000 -0.96739754 0.00199921  
131         -0.97184000 -0.96743145 0.00198418  
132         -0.99488000 -0.96763939 0.00198004  
133         -0.95496000 -0.96754406 0.00196740  
134         -0.98768000 -0.96769433 0.00195844  
135         -0.96304000 -0.96765985 0.00194418  
136         -0.99280000 -0.96784471 0.00193867  
137         -0.96944000 -0.96785635 0.00192450  
138         -0.94896000 -0.96771942 0.00191541  
139         -0.94152000 -0.96753094 0.00191089  
140         -0.95928000 -0.96747200 0.00189811  
141         -0.98176000 -0.96757333 0.00188732  
142         -0.95872000 -0.96751099 0.00187502  
143         -0.98112000 -0.96760615 0.00186430  
144         -0.98256000 -0.96771000 0.00185421  
145         -0.96256000 -0.96767448 0.00184172  
146         -0.97256000 -0.96770795 0.00182937  
147         -0.95416000 -0.96761578 0.00181922  
148         -0.97040000 -0.96763459 0.00180698  
149         -0.97288000 -0.96766980 0.00179516  
150         -0.98712000 -0.96779947 0.00178786  
151         -0.99320000 -0.96796768 0.00178393  
152         -0.97400000 -0.96800737 0.00177260  
153         -0.97672000 -0.96806431 0.00176190  
154         -0.98504000 -0.96817455 0.00175389  
155         -0.99568000 -0.96835200 0.00175155  
156         -0.98648000 -0.96846821 0.00174416  
157         -0.98048000 -0.96854471 0.00173470  
158         -0.99800000 -0.96873114 0.00173374  
159         -0.98824000 -0.96885384 0.00172716  
160         -0.96504000 -0.96883000 0.00171650  
161         -0.98136000 -0.96890783 0.00170758  
162         -0.96696000 -0.96889580 0.00169705  
163         -0.98648000 -0.96900368 0.00169005  
164         -0.98520000 -0.96910244 0.00168262  
165         -0.91688000 -0.96878594 0.00170207  
166         -0.99192000 -0.96892530 0.00169752  
167         -0.99040000 -0.96905389 0.00169222  
168         -0.99680000 -0.96921905 0.00169020  
169         -0.99776000 -0.96938793 0.00168864  
170         -0.98832000 -0.96949929 0.00168236  
171         -0.98880000 -0.96961216 0.00167630  
172         -0.97936000 -0.96966884 0.00166749  
173         -0.92640000 -0.96941873 0.00167658  
174         -0.95208000 -0.96931908 0.00166990  
175         -0.97128000 -0.96933029 0.00166036  
176         -0.92584000 -0.96908318 0.00166929  
177         -0.93208000 -0.96887412 0.00167295  
178         -0.99664000 -0.96903011 0.00167082  
179         -0.98824000 -0.96913743 0.00166492  
180         -0.96552000 -0.96911733 0.00165577  
181         -0.96976000 -0.96912088 0.00164660  
182         -0.99608000 -0.96926901 0.00164422  
183         -0.94136000 -0.96911650 0.00164230  
184         -0.99728000 -0.96926957 0.00164051  
185         -0.98440000 -0.96935135 0.00163367  
186         -0.95936000 -0.96929763 0.00162575  
187         -0.97848000 -0.96934674 0.00161777  
188         -0.98752000 -0.96944340 0.00161205  
189         -0.99680000 -0.96958815 0.00161001  
190         -0.99336000 -0.96971326 0.00160640  
191         -0.99712000 -0.96985675 0.00160439  
192         -0.99392000 -0.96998208 0.00160093  
193         -0.99088000 -0.97009036 0.00159629  
194         -0.98872000 -0.97018639 0.00159094  
195         -0.97936000 -0.97023344 0.00158346  
196         -0.96768000 -0.97022041 0.00157541  
197         -0.96608000 -0.97019939 0.00156754  
198         -0.94736000 -0.97008404 0.00156386  
199         -0.95176000 -0.96999196 0.00155871  
200         -0.94848000 -0.96988440 0.00155462  
201         -0.99392000 -0.97000398 0.00155148  
202         -0.99176000 -0.97011168 0.00154753  
203         -0.97992000 -0.97016000 0.00154065  
204         -0.97624000 -0.97018980 0.00153337  
205         -0.96744000 -0.97017639 0.00152593  
206         -0.93656000 -0.97001320 0.00152724  
207         -0.96912000 -0.97000889 0.00151985  
208         -0.94248000 -0.96987654 0.00151831  
209         -0.96096000 -0.96983388 0.00151163  
210         -0.97904000 -0.96987771 0.00150505  
211         -0.98968000 -0.96997156 0.00150084  
212         -0.97152000 -0.96997887 0.00149376  
213         -0.98928000 -0.97006948 0.00148949  
214         -0.97016000 -0.97006991 0.00148251  
215         -0.96880000 -0.97006400 0.00147561  
216         -0.97488000 -0.97008630 0.00146894  
217         -0.97560000 -0.97011171 0.00146237  
218         -0.96040000 -0.97006716 0.00145633  
219         -0.95832000 -0.97001352 0.00145066  
220         -0.96880000 -0.97000800 0.00144406  
221         -0.99344000 -0.97011403 0.00144141  
222         -0.95856000 -0.97006198 0.00143585  
223         -0.98440000 -0.97012628 0.00143084  
224         -0.95472000 -0.97005750 0.00142610  
225         -0.98416000 -0.97012018 0.00142113  
226         -0.97784000 -0.97015434 0.00141524  
227         -0.97064000 -0.97015648 0.00140899  
228         -0.93016000 -0.96998105 0.00141373  
229         -0.99216000 -0.97007790 0.00141087  
230         -0.94936000 -0.96998783 0.00140761  
231         -0.97736000 -0.97001974 0.00140186  
232         -0.99384000 -0.97012241 0.00139958  
233         -0.95648000 -0.97006386 0.00139479  
234         -0.96464000 -0.97004068 0.00138901  
235         -0.96360000 -0.97001328 0.00138336  
236         -0.97640000 -0.97004034 0.00137775  
237         -0.97672000 -0.97006852 0.00137221  
238         -0.98432000 -0.97012840 0.00136774  
239         -0.97664000 -0.97015565 0.00136228  
240         -0.95960000 -0.97011167 0.00135731  
241         -0.98800000 -0.97018589 0.00135370  
242         -0.98248000 -0.97023669 0.00134905  
243         -0.94584000 -0.97013630 0.00134723  
244         -0.96432000 -0.97011246 0.00134191  
245         -0.95096000 -0.97003429 0.00133871  
246         -0.97536000 -0.97005593 0.00133343  
247         -0.97352000 -0.97006996 0.00132810  
248         -0.98240000 -0.97011968 0.00132366  
249         -0.97088000 -0.97012273 0.00131834  
250         -0.99352000 -0.97021632 0.00131639  
251         -0.98128000 -0.97026040 0.00131187  
252         -0.95832000 -0.97021302 0.00130752  
253         -0.96296000 -0.97018435 0.00130265  
254         -0.95528000 -0.97012567 0.00129884  
255         -0.98544000 -0.97018573 0.00129513  
256         -0.97440000 -0.97020219 0.00129017  
257         -0.96984000 -0.97020078 0.00128514  
258         -0.97056000 -0.97020217 0.00128015  
259         -0.99080000 -0.97028170 0.00127767  
260         -0.99480000 -0.97037600 0.00127624  
261         -0.98960000 -0.97044966 0.00127347  
262         -0.97136000 -0.97045313 0.00126861  
263         -0.94296000 -0.97034859 0.00126809  
264         -0.96552000 -0.97033030 0.00126341  
265         -0.98160000 -0.97037283 0.00125935  
266         -0.98992000 -0.97044632 0.00125676  
267         -0.99832000 -0.97055071 0.00125639  
268         -0.97560000 -0.97056955 0.00125183  
269         -0.92776000 -0.97041041 0.00125728  
270         -0.93472000 -0.97027822 0.00125957  
271         -0.98216000 -0.97032207 0.00125568  
272         -0.99832000 -0.97042500 0.00125528  
273         -0.95496000 -0.97036835 0.00125196  
274         -0.99112000 -0.97044409 0.00124968  
275         -0.97336000 -0.97045469 0.00124517  
276         -0.98080000 -0.97049217 0.00124122  
277         -0.95560000 -0.97043841 0.00123790  
278         -0.97184000 -0.97044345 0.00123345  
279         -0.99840000 -0.97054366 0.00123310  
280         -0.94984000 -0.97046971 0.00123091  
281         -0.92312000 -0.97030121 0.00123804  
282         -0.98880000 -0.97036681 0.00123538  
283         -0.99384000 -0.97044975 0.00123380  
284         -0.99632000 -0.97054085 0.00123282  
285         -0.97840000 -0.97056842 0.00122880  
286         -0.97064000 -0.97056867 0.00122449  
287         -0.99592000 -0.97065700 0.00122341  
288         -0.97600000 -0.97067556 0.00121930  
289         -0.99912000 -0.97077398 0.00121905  
290         -0.98464000 -0.97082179 0.00121578  
291         -0.92048000 -0.97064880 0.00122388  
292         -0.99192000 -0.97072164 0.00122186  
293         -0.99360000 -0.97079973 0.00122018  
294         -0.98312000 -0.97084163 0.00121675  
295         -0.95784000 -0.97079756 0.00121342  
296         -0.91736000 -0.97061703 0.00122271  
297         -0.95464000 -0.97056323 0.00121977  
298         -0.99440000 -0.97064322 0.00121830  
299         -0.99744000 -0.97073284 0.00121752  
300         -0.98280000 -0.97077307 0.00121412  
301         -0.98280000 -0.97081302 0.00121074  
302         -0.97960000 -0.97084212 0.00120708  
303         -0.96280000 -0.97081558 0.00120338  
304         -0.99960000 -0.97091026 0.00120315  
305         -0.96032000 -0.97087554 0.00119970  
306         -0.95656000 -0.97082876 0.00119669  
307         -0.91512000 -0.97064730 0.00120651  
308         -0.95488000 -0.97059610 0.00120367  
309         -0.99456000 -0.97067366 0.00120227  
310         -0.93648000 -0.97056335 0.00120346  
311         -0.99736000 -0.97064952 0.00120267  
312         -0.97872000 -0.97067538 0.00119909  
313         -0.99544000 -0.97075450 0.00119787  
314         -0.98352000 -0.97079516 0.00119474  
315         -0.98400000 -0.97083708 0.00119168  
316         -0.98240000 -0.97087367 0.00118846  
317         -0.99808000 -0.97095950 0.00118781  
318         -0.95712000 -0.97091597 0.00118487  
319         -0.99568000 -0.97099361 0.00118370  
320         -0.95072000 -0.97093025 0.00118169  
321         -0.98144000 -0.97096299 0.00117846  
322         -0.97352000 -0.97097093 0.00117482  
323         -0.97928000 -0.97099666 0.00117146  
324         -0.96128000 -0.97096667 0.00116823  
325         -0.94592000 -0.97088960 0.00116717  
326         -0.97992000 -0.97091730 0.00116392  
327         -0.99368000 -0.97098691 0.00116244  
328         -0.95912000 -0.97095073 0.00115945  
329         -0.96256000 -0.97092523 0.00115621  
330         -0.98984000 -0.97098255 0.00115412  
331         -0.96528000 -0.97096532 0.00115076  
332         -0.99528000 -0.97103855 0.00114962  
333         -0.99896000 -0.97112240 0.00114923  
334         -0.93616000 -0.97101772 0.00115055  
335         -0.98928000 -0.97107224 0.00114841  
336         -0.98808000 -0.97112286 0.00114610  
337         -0.99920000 -0.97120617 0.00114573  
338         -0.98992000 -0.97126154 0.00114368  
339         -0.97552000 -0.97127410 0.00114037  
340         -0.97520000 -0.97128565 0.00113707  
341         -0.92352000 -0.97114557 0.00114235  
342         -0.93776000 -0.97104795 0.00114318  
343         -0.95008000 -0.97098682 0.00114148  
344         -0.97432000 -0.97099651 0.00113820  
345         -0.99504000 -0.97106620 0.00113703  
346         -0.99176000 -0.97112601 0.00113532  
347         -0.97504000 -0.97113729 0.00113210  
348         -0.99552000 -0.97120736 0.00113101  
349         -0.97736000 -0.97122499 0.00112790  
350         -0.97968000 -0.97124914 0.00112493  
351         -0.99720000 -0.97132308 0.00112416  
352         -0.96104000 -0.97129386 0.00112134  
353         -0.95400000 -0.97124487 0.00111923  
354         -0.96976000 -0.97124068 0.00111607  
355         -0.97048000 -0.97123854 0.00111293  
356         -0.94888000 -0.97117573 0.00111157  
357         -0.99248000 -0.97123541 0.00111006  
358         -0.99048000 -0.97128916 0.00110826  
359         -0.98808000 -0.97133593 0.00110616  
360         -0.99520000 -0.97140222 0.00110507  
361         -0.98936000 -0.97145197 0.00110313  
362         -0.95688000 -0.97141171 0.00110081  
363         -0.98072000 -0.97143736 0.00109808  
364         -0.96040000 -0.97140703 0.00109547  
365         -0.94200000 -0.97132647 0.00109544  
366         -0.91896000 -0.97118339 0.00110177  
367         -0.99080000 -0.97123684 0.00110006  
368         -0.99792000 -0.97130935 0.00109946  
369         -0.96376000 -0.97128889 0.00109667  
370         -0.92240000 -0.97115676 0.00110165  
371         -0.95224000 -0.97110577 0.00109986  
372         -0.97872000 -0.97112624 0.00109709  
373         -0.96512000 -0.97111013 0.00109427  
374         -0.99656000 -0.97117818 0.00109346  
375         -0.97448000 -0.97118699 0.00109057  
376         -0.99952000 -0.97126234 0.00109027  
377         -0.96632000 -0.97124923 0.00108746  
378         -0.96816000 -0.97124106 0.00108461  
379         -0.97320000 -0.97124623 0.00108175  
380         -0.99048000 -0.97129684 0.00108009  
381         -0.96752000 -0.97128693 0.00107730  
382         -0.98888000 -0.97133298 0.00107546  
383         -0.95736000 -0.97129650 0.00107327  
384         -0.97944000 -0.97131771 0.00107068  
385         -0.99880000 -0.97138909 0.00107028  
386         -0.95992000 -0.97135938 0.00106792  
387         -0.94272000 -0.97128537 0.00106772  
388         -0.95056000 -0.97123196 0.00106630  
389         -0.99648000 -0.97129686 0.00106554  
390         -0.97792000 -0.97131385 0.00106294  
391         -0.98808000 -0.97135673 0.00106108  
392         -0.97896000 -0.97137612 0.00105855  
393         -0.99400000 -0.97143369 0.00105742  
394         -0.99680000 -0.97149807 0.00105670  
395         -0.99344000 -0.97155362 0.00105548  
396         -0.99008000 -0.97160040 0.00105385  
397         -0.98560000 -0.97163567 0.00105178  
398         -0.95848000 -0.97160261 0.00104966  
399         -0.98408000 -0.97163388 0.00104749  
400         -0.92720000 -0.97152280 0.00105076  
401         -0.99840000 -0.97158983 0.00105028  
402         -0.98176000 -0.97161512 0.00104797  
403         -0.97464000 -0.97162263 0.00104539  
404         -0.99472000 -0.97167980 0.00104436  
405         -0.97312000 -0.97168336 0.00104179  
406         -0.94440000 -0.97161616 0.00104139  
407         -0.94840000 -0.97155912 0.00104039  
408         -0.98776000 -0.97159882 0.00103860  
409         -0.98048000 -0.97162054 0.00103628  
410         -0.95448000 -0.97157873 0.00103460  
411         -0.99544000 -0.97163679 0.00103371  
412         -0.98728000 -0.97167476 0.00103190  
413         -0.99808000 -0.97173869 0.00103138  
414         -0.94016000 -0.97166242 0.00103171  
415         -0.98592000 -0.97169677 0.00102979  
416         -0.94224000 -0.97162596 0.00102975  
417         -0.92488000 -0.97151386 0.00103338  
418         -0.96112000 -0.97148900 0.00103120  
419         -0.99784000 -0.97155189 0.00103066  
420         -0.99480000 -0.97160724 0.00102969  
421         -0.99640000 -0.97166613 0.00102893  
422         -0.99216000 -0.97171469 0.00102763  
423         -0.97024000 -0.97171121 0.00102521  
424         -0.95056000 -0.97166132 0.00102400  
425         -0.98368000 -0.97168960 0.00102198  
426         -0.99664000 -0.97174817 0.00102126  
427         -0.98992000 -0.97179073 0.00101976  
428         -0.99464000 -0.97184411 0.00101877  
429         -0.99384000 -0.97189538 0.00101768  
430         -0.98784000 -0.97193247 0.00101599  
431         -0.98816000 -0.97197012 0.00101433  
432         -0.99568000 -0.97202500 0.00101347  
433         -0.95456000 -0.97198467 0.00101193  
434         -0.96896000 -0.97197770 0.00100962  
435         -0.97640000 -0.97198786 0.00100735  
436         -0.97368000 -0.97199174 0.00100504  
437         -0.98320000 -0.97201739 0.00100307  
438         -0.97400000 -0.97202192 0.00100078  
439         -0.97504000 -0.97202879 0.00099852  
440         -0.99016000 -0.97207000 0.00099710  
441         -0.98920000 -0.97210884 0.00099560  
442         -0.98352000 -0.97213466 0.00099368  
443         -0.97904000 -0.97215025 0.00099156  
444         -0.93592000 -0.97206865 0.00099268  
445         -0.98272000 -0.97209258 0.00099074  
446         -0.95376000 -0.97205148 0.00098937  
447         -0.96736000 -0.97204098 0.00098721  
448         -0.99120000 -0.97208375 0.00098593  
449         -0.97472000 -0.97208962 0.00098375  
450         -0.96368000 -0.97207093 0.00098174  
451         -0.95520000 -0.97203353 0.00098027  
452         -0.99728000 -0.97208938 0.00097969  
453         -0.99760000 -0.97214570 0.00097915  
454         -0.99696000 -0.97220035 0.00097852  
455         -0.95840000 -0.97217002 0.00097684  
456         -0.94048000 -0.97210053 0.00097717  
457         -0.97120000 -0.97209856 0.00097503  
458         -0.96272000 -0.97207808 0.00097311  
459         -0.96656000 -0.97206606 0.00097106  
460         -0.94344000 -0.97200383 0.00097095  
461         -0.96336000 -0.97198508 0.00096902  
462         -0.97232000 -0.97198580 0.00096692  
463         -0.98544000 -0.97201486 0.00096527  
464         -0.99840000 -0.97207172 0.00096486  
465         -0.98960000 -0.97210942 0.00096352  
466         -0.94616000 -0.97205373 0.00096306  
467         -0.97552000 -0.97206116 0.00096103  
468         -0.97592000 -0.97206940 0.00095901  
469         -0.99680000 -0.97212213 0.00095841  
470         -0.97952000 -0.97213787 0.00095650  
471         -0.93896000 -0.97206743 0.00095706  
472         -0.97464000 -0.97207288 0.00095505  
473         -0.95552000 -0.97203789 0.00095367  
474         -0.98888000 -0.97207342 0.00095232  
475         -0.95464000 -0.97203672 0.00095102  
476         -0.93960000 -0.97196857 0.00095146  
477         -0.97496000 -0.97197484 0.00094949  
478         -0.99600000 -0.97202510 0.00094883  
479         -0.98568000 -0.97205361 0.00094728  
480         -0.97320000 -0.97205600 0.00094530  
481         -0.96520000 -0.97204175 0.00094345  
482         -0.95688000 -0.97201029 0.00094201  
483         -0.96704000 -0.97200000 0.00094012  
484         -0.99792000 -0.97205355 0.00093970  
485         -0.99208000 -0.97209485 0.00093867  
486         -0.95960000 -0.97206914 0.00093709  
487         -0.98304000 -0.97209166 0.00093543  
488         -0.99616000 -0.97214098 0.00093481  
489         -0.99160000 -0.97218078 0.00093375  
490         -0.99488000 -0.97222710 0.00093299  
491         -0.98536000 -0.97225385 0.00093147  
492         -0.99800000 -0.97230618 0.00093105  
493         -0.97528000 -0.97231221 0.00092918  
494         -0.98136000 -0.97233053 0.00092748  
495         -0.94736000 -0.97228008 0.00092698  
496         -0.99816000 -0.97233226 0.00092658  
497         -0.98928000 -0.97236636 0.00092534  
498         -0.97408000 -0.97236980 0.00092348  
499         -0.93872000 -0.97230236 0.00092410  
500         -0.97224000 -0.97230224 0.00092225  
501         -0.94848000 -0.97225469 0.00092163  
502         -0.96384000 -0.97223793 0.00091995  
503         -0.96920000 -0.97223189 0.00091813  
504         -0.98800000 -0.97226317 0.00091685  
505         -0.96008000 -0.97223905 0.00091535  
506         -0.96528000 -0.97222530 0.00091364  
507         -0.99472000 -0.97226966 0.00091291  
508         -0.98960000 -0.97230378 0.00091175  
509         -0.95880000 -0.97227725 0.00091035  
510         -0.98800000 -0.97230808 0.00090908  
511         -0.99800000 -0.97235836 0.00090869  
512         -0.99672000 -0.97240594 0.00090816  
513         -0.96784000 -0.97239704 0.00090644  
514         -0.96952000 -0.97239144 0.00090469  
515         -0.96752000 -0.97238198 0.00090298  
516         -0.97160000 -0.97238047 0.00090123  
517         -0.99640000 -0.97242692 0.00090068  
518         -0.96464000 -0.97241189 0.00089907  
519         -0.93792000 -0.97234543 0.00089979  
520         -0.98968000 -0.97237877 0.00089868  
521         -0.98472000 -0.97240246 0.00089727  
522         -0.94568000 -0.97235126 0.00089701  
523         -0.97384000 -0.97235411 0.00089529  
524         -0.97104000 -0.97235160 0.00089359  
525         -0.96792000 -0.97234316 0.00089192  
526         -0.99592000 -0.97238798 0.00089135  
527         -0.96768000 -0.97237905 0.00088971  
528         -0.99072000 -0.97241379 0.00088870  
529         -0.98712000 -0.97244159 0.00088745  
530         -0.98952000 -0.97247381 0.00088636  
531         -0.97096000 -0.97247096 0.00088470  
532         -0.96216000 -0.97245158 0.00088324  
533         -0.93896000 -0.97238874 0.00088382  
534         -0.96920000 -0.97238277 0.00088219  
535         -0.95800000 -0.97235589 0.00088095  
536         -0.98608000 -0.97238149 0.00087967  
537         -0.98496000 -0.97240492 0.00087835  
538         -0.99312000 -0.97244342 0.00087756  
539         -0.92824000 -0.97236141 0.00087976  
540         -0.92816000 -0.97227956 0.00088193  
541         -0.99792000 -0.97232695 0.00088158  
542         -0.99464000 -0.97236812 0.00088091  
543         -0.96456000 -0.97235374 0.00087941  
544         -0.97112000 -0.97235147 0.00087779  
545         -0.98456000 -0.97237387 0.00087646  
546         -0.98656000 -0.97239985 0.00087524  
547         -0.96408000 -0.97238464 0.00087377  
548         -0.99088000 -0.97241839 0.00087283  
549         -0.98232000 -0.97243643 0.00087143  
550         -0.96168000 -0.97241687 0.00087006  
551         -0.98432000 -0.97243848 0.00086875  
552         -0.97960000 -0.97245145 0.00086727  
553         -0.98400000 -0.97247233 0.00086595  
554         -0.98936000 -0.97250282 0.00086493  
555         -0.93480000 -0.97243488 0.00086603  
556         -0.98712000 -0.97246129 0.00086488  
557         -0.96792000 -0.97245314 0.00086336  
558         -0.98400000 -0.97247384 0.00086206  
559         -0.95288000 -0.97243878 0.00086123  
560         -0.95200000 -0.97240229 0.00086047  
561         -0.99872000 -0.97244920 0.00086021  
562         -0.96184000 -0.97243032 0.00085889  
563         -0.94712000 -0.97238536 0.00085854  
564         -0.99088000 -0.97241816 0.00085764  
565         -0.99048000 -0.97245012 0.00085672  
566         -0.98768000 -0.97247703 0.00085563  
567         -0.96088000 -0.97245658 0.00085436  
568         -0.97072000 -0.97245352 0.00085286  
569         -0.97760000 -0.97246257 0.00085141  
570         -0.99464000 -0.97250147 0.00085081  
571         -0.97304000 -0.97250242 0.00084932  
572         -0.96888000 -0.97249608 0.00084785  
573         -0.99856000 -0.97254157 0.00084759  
574         -0.97368000 -0.97254355 0.00084612  
575         -0.95216000 -0.97250810 0.00084539  
576         -0.95000000 -0.97246903 0.00084482  
577         -0.96280000 -0.97245227 0.00084352  
578         -0.94288000 -0.97240111 0.00084362  
579         -0.93912000 -0.97234363 0.00084412  
580         -0.91376000 -0.97224262 0.00084869  
581         -0.98616000 -0.97226657 0.00084757  
582         -0.95152000 -0.97223093 0.00084686  
583         -0.99224000 -0.97226525 0.00084611  
584         -0.95560000 -0.97223671 0.00084514  
585         -0.96112000 -0.97221771 0.00084391  
586         -0.95928000 -0.97219563 0.00084275  
587         -0.95384000 -0.97216436 0.00084190  
588         -0.95072000 -0.97212789 0.00084126  
589         -0.98240000 -0.97214533 0.00084001  
590         -0.95472000 -0.97211580 0.00083910  
591         -0.95864000 -0.97209299 0.00083799  
592         -0.96400000 -0.97207932 0.00083669  
593         -0.99688000 -0.97212115 0.00083632  
594         -0.98464000 -0.97214222 0.00083518  
595         -0.97968000 -0.97215489 0.00083387  
596         -0.97400000 -0.97215799 0.00083247  
597         -0.94296000 -0.97210908 0.00083252  
598         -0.97976000 -0.97212187 0.00083122  
599         -0.99720000 -0.97216374 0.00083089  
600         -0.95960000 -0.97214280 0.00082977  
601         -0.95088000 -0.97210742 0.00082914  
602         -0.91992000 -0.97202073 0.00083229  
603         -0.98128000 -0.97203609 0.00083105  
604         -0.96896000 -0.97203099 0.00082969  
605         -0.96784000 -0.97202407 0.00082834  
606         -0.97552000 -0.97202983 0.00082700  
607         -0.98960000 -0.97205878 0.00082614  
608         -0.98752000 -0.97208421 0.00082517  
609         -0.93784000 -0.97202798 0.00082573  
610         -0.96040000 -0.97200892 0.00082460  
611         -0.93488000 -0.97194815 0.00082549  
612         -0.99472000 -0.97198536 0.00082498  
613         -0.99888000 -0.97202923 0.00082480  
614         -0.99168000 -0.97206124 0.00082407  
615         -0.98304000 -0.97207909 0.00082293  
616         -0.96856000 -0.97207338 0.00082161  
617         -0.98608000 -0.97209608 0.00082059  
618         -0.97320000 -0.97209786 0.00081926  
619         -0.92768000 -0.97202611 0.00082108  
620         -0.91784000 -0.97193871 0.00082440  
621         -0.97080000 -0.97193688 0.00082307  
622         -0.97416000 -0.97194045 0.00082176  
623         -0.97800000 -0.97195018 0.00082050  
624         -0.97536000 -0.97195564 0.00081920  
625         -0.96544000 -0.97194522 0.00081795  
626         -0.98256000 -0.97196217 0.00081682  
627         -0.97288000 -0.97196364 0.00081552  
628         -0.96472000 -0.97195210 0.00081430  
629         -0.97008000 -0.97194913 0.00081301  
630         -0.96240000 -0.97193397 0.00081186  
631         -0.98744000 -0.97195854 0.00081095  
632         -0.97568000 -0.97196443 0.00080968  
633         -0.99712000 -0.97200417 0.00080938  
634         -0.98720000 -0.97202814 0.00080846  
635         -0.99248000 -0.97206035 0.00080782  
636         -0.99392000 -0.97209472 0.00080729  
637         -0.96944000 -0.97209055 0.00080603  
638         -0.99696000 -0.97212953 0.00080571  
639         -0.95272000 -0.97209915 0.00080502  
640         -0.93016000 -0.97203363 0.00080643  
641         -0.99464000 -0.97206889 0.00080594  
642         -0.99296000 -0.97210143 0.00080534  
643         -0.98440000 -0.97212056 0.00080431  
644         -0.99264000 -0.97215242 0.00080370  
645         -0.98928000 -0.97217898 0.00080289  
646         -0.94440000 -0.97213598 0.00080280  
647         -0.97560000 -0.97214133 0.00080157  
648         -0.99632000 -0.97217864 0.00080121  
649         -0.97472000 -0.97218256 0.00079998  
650         -0.98840000 -0.97220751 0.00079914  
651         -0.99408000 -0.97224111 0.00079862  
652         -0.93072000 -0.97217742 0.00079993  
653         -0.94848000 -0.97214113 0.00079953  
654         -0.94024000 -0.97209235 0.00079979  
655         -0.99704000 -0.97213044 0.00079948  
656         -0.98472000 -0.97214963 0.00079849  
657         -0.91520000 -0.97206295 0.00080197  
658         -0.97736000 -0.97207100 0.00080079  
659         -0.99272000 -0.97210234 0.00080019  
660         -0.96888000 -0.97209745 0.00079899  
661         -0.99288000 -0.97212890 0.00079840  
662         -0.94808000 -0.97209257 0.00079802  
663         -0.99696000 -0.97213008 0.00079770  
664         -0.95768000 -0.97210831 0.00079679  
665         -0.99360000 -0.97214063 0.00079625  
666         -0.99704000 -0.97217802 0.00079593  
667         -0.97824000 -0.97218711 0.00079479  
668         -0.97080000 -0.97218503 0.00079360  
669         -0.98992000 -0.97221154 0.00079286  
670         -0.96528000 -0.97220119 0.00079174  
671         -0.98192000 -0.97221568 0.00079069  
672         -0.98888000 -0.97224048 0.00078991  
673         -0.97336000 -0.97224214 0.00078873  
674         -0.94064000 -0.97219525 0.00078896  
675         -0.98936000 -0.97222068 0.00078820  
676         -0.98728000 -0.97224296 0.00078735  
677         -0.95464000 -0.97221696 0.00078661  
678         -0.95880000 -0.97219717 0.00078570  
679         -0.99216000 -0.97222657 0.00078509  
680         -0.96136000 -0.97221059 0.00078410  
681         -0.94760000 -0.97217445 0.00078378  
682         -0.97368000 -0.97217666 0.00078263  
683         -0.97840000 -0.97218577 0.00078154  
684         -0.97272000 -0.97218655 0.00078040  
685         -0.92944000 -0.97212415 0.00078175  
686         -0.99160000 -0.97215254 0.00078113  
687         -0.98048000 -0.97216466 0.00078008  
688         -0.99176000 -0.97219314 0.00077947  
689         -0.97440000 -0.97219634 0.00077834  
690         -0.96352000 -0.97218377 0.00077732  
691         -0.99760000 -0.97222055 0.00077706  
692         -0.97544000 -0.97222520 0.00077595  
693         -0.96288000 -0.97221172 0.00077495  
694         -0.93920000 -0.97216415 0.00077529  
695         -0.99088000 -0.97219108 0.00077464  
696         -0.99544000 -0.97222448 0.00077425  
697         -0.99872000 -0.97226250 0.00077407  
698         -0.99152000 -0.97229009 0.00077346  
699         -0.93752000 -0.97224034 0.00077395  
700         -0.98096000 -0.97225280 0.00077294  
701         -0.98104000 -0.97226534 0.00077194  
702         -0.96424000 -0.97225390 0.00077093  
703         -0.97728000 -0.97226105 0.00076986  
704         -0.99480000 -0.97229307 0.00076943  
705         -0.99392000 -0.97232374 0.00076895  
706         -0.99576000 -0.97235694 0.00076858  
707         -0.98568000 -0.97237579 0.00076772  
708         -0.98664000 -0.97239593 0.00076690  
709         -0.99512000 -0.97242798 0.00076649  
710         -0.97728000 -0.97243482 0.00076544  
711         -0.91848000 -0.97235893 0.00076812  
712         -0.97432000 -0.97236169 0.00076705  
713         -0.99856000 -0.97239843 0.00076685  
714         -0.98144000 -0.97241109 0.00076588  
715         -0.96208000 -0.97239664 0.00076495  
716         -0.98616000 -0.97241587 0.00076412  
717         -0.99000000 -0.97244039 0.00076345  
718         -0.97712000 -0.97244691 0.00076241  
719         -0.97544000 -0.97245107 0.00076136  
720         -0.99616000 -0.97248400 0.00076102  
721         -0.95072000 -0.97245381 0.00076056  
722         -0.98680000 -0.97247368 0.00075976  
723         -0.96704000 -0.97246617 0.00075875  
724         -0.94952000 -0.97243448 0.00075836  
725         -0.95352000 -0.97240839 0.00075777  
726         -0.99200000 -0.97243537 0.00075720  
727         -0.98848000 -0.97245744 0.00075648  
728         -0.99864000 -0.97249341 0.00075630  
729         -0.99288000 -0.97252137 0.00075578  
730         -0.99432000 -0.97255123 0.00075533  
731         -0.98272000 -0.97256514 0.00075443  
732         -0.99072000 -0.97258995 0.00075380  
733         -0.98408000 -0.97260562 0.00075294  
734         -0.99768000 -0.97263978 0.00075269  
735         -0.98504000 -0.97265665 0.00075185  
736         -0.96632000 -0.97264804 0.00075088  
737         -0.94656000 -0.97261265 0.00075069  
738         -0.99832000 -0.97264748 0.00075048  
739         -0.97744000 -0.97265396 0.00074950  
740         -0.99608000 -0.97268562 0.00074915  
741         -0.96368000 -0.97267347 0.00074824  
742         -0.98536000 -0.97269057 0.00074743  
743         -0.97480000 -0.97269341 0.00074642  
744         -0.99416000 -0.97272226 0.00074598  
745         -0.99488000 -0.97275200 0.00074557  
746         -0.99912000 -0.97278735 0.00074541  
747         -0.99728000 -0.97282013 0.00074513  
748         -0.98448000 -0.97283572 0.00074430  
749         -0.99976000 -0.97287167 0.00074417  
750         -0.93888000 -0.97282635 0.00074456  
751         -0.98584000 -0.97284368 0.00074377  
752         -0.95400000 -0.97281862 0.00074320  
753         -0.97008000 -0.97281498 0.00074222  
754         -0.96544000 -0.97280520 0.00074130  
755         -0.98856000 -0.97282607 0.00074062  
756         -0.93944000 -0.97278190 0.00074095  
757         -0.94048000 -0.97273923 0.00074120  
758         -0.99864000 -0.97277340 0.00074101  
759         -0.98736000 -0.97279262 0.00074028  
760         -0.99584000 -0.97282295 0.00073993  
761         -0.97384000 -0.97282428 0.00073896  
762         -0.99304000 -0.97285081 0.00073847  
763         -0.98344000 -0.97286469 0.00073763  
764         -0.96544000 -0.97285497 0.00073673  
765         -0.95392000 -0.97283022 0.00073618  
766         -0.98336000 -0.97284397 0.00073535  
767         -0.99568000 -0.97287374 0.00073499  
768         -0.94312000 -0.97283500 0.00073505  
769         -0.99832000 -0.97286814 0.00073484  
770         -0.98120000 -0.97287896 0.00073397  
771         -0.97176000 -0.97287751 0.00073302  
772         -0.95792000 -0.97285813 0.00073232  
773         -0.99624000 -0.97288838 0.00073200  
774         -0.96624000 -0.97287979 0.00073111  
775         -0.98992000 -0.97290178 0.00073049  
776         -0.92680000 -0.97284237 0.00073197  
777         -0.97688000 -0.97284757 0.00073104  
778         -0.96232000 -0.97283404 0.00073023  
779         -0.96752000 -0.97282721 0.00072932  
780         -0.96656000 -0.97281918 0.00072843  
781         -0.99656000 -0.97284958 0.00072813  
782         -0.99864000 -0.97288256 0.00072795  
783         -0.95568000 -0.97286059 0.00072735  
784         -0.97416000 -0.97286224 0.00072642  
785         -0.98808000 -0.97288163 0.00072575  
786         -0.98160000 -0.97289272 0.00072492  
787         -0.95952000 -0.97287573 0.00072419  
788         -0.98320000 -0.97288883 0.00072339  
789         -0.96816000 -0.97288284 0.00072250  
790         -0.99536000 -0.97291129 0.00072215  
791         -0.98648000 -0.97292845 0.00072144  
792         -0.99144000 -0.97295182 0.00072090  
793         -0.95360000 -0.97292741 0.00072041  
794         -0.99336000 -0.97295315 0.00071996  
795         -0.99720000 -0.97298365 0.00071970  
796         -0.99952000 -0.97301698 0.00071957  
797         -0.98256000 -0.97302896 0.00071876  
798         -0.93456000 -0.97298075 0.00071948  
799         -0.98672000 -0.97299795 0.00071878  
800         -0.97504000 -0.97300050 0.00071789  
801         -0.97440000 -0.97300225 0.00071699  
802         -0.96104000 -0.97298733 0.00071626  
803         -0.97400000 -0.97298859 0.00071536  
804         -0.93544000 -0.97294189 0.00071600  
805         -0.98368000 -0.97295523 0.00071523  
806         -0.94912000 -0.97292566 0.00071496  
807         -0.98384000 -0.97293918 0.00071420  
808         -0.96592000 -0.97293050 0.00071337  
809         -0.97520000 -0.97293330 0.00071249  
810         -0.91936000 -0.97286716 0.00071468  
811         -0.98664000 -0.97288414 0.00071400  
812         -0.97248000 -0.97288365 0.00071312  
813         -0.92176000 -0.97282076 0.00071501  
814         -0.99792000 -0.97285160 0.00071480  
815         -0.99136000 -0.97287431 0.00071428  
816         -0.92792000 -0.97281922 0.00071553  
817         -0.97784000 -0.97282536 0.00071468  
818         -0.96960000 -0.97282142 0.00071382  
819         -0.91832000 -0.97275487 0.00071604  
820         -0.97784000 -0.97276107 0.00071520  
821         -0.95280000 -0.97273676 0.00071474  
822         -0.99168000 -0.97275981 0.00071424  
823         -0.99472000 -0.97278649 0.00071387  
824         -0.99944000 -0.97281883 0.00071374  
825         -0.98280000 -0.97283093 0.00071297  
826         -0.99648000 -0.97285956 0.00071268  
827         -0.98184000 -0.97287042 0.00071191  
828         -0.96704000 -0.97286338 0.00071108  
829         -0.99648000 -0.97289187 0.00071079  
830         -0.98216000 -0.97290304 0.00071002  
831         -0.98760000 -0.97292072 0.00070939  
832         -0.95496000 -0.97289913 0.00070886  
833         -0.94576000 -0.97286655 0.00070876  
834         -0.99680000 -0.97289525 0.00070849  
835         -0.99384000 -0.97292034 0.00070809  
836         -0.99816000 -0.97295053 0.00070789  
837         -0.98416000 -0.97296392 0.00070717  
838         -0.97088000 -0.97296143 0.00070633  
839         -0.99832000 -0.97299166 0.00070613  
840         -0.99472000 -0.97301752 0.00070576  
841         -0.99336000 -0.97304171 0.00070534  
842         -0.95192000 -0.97301663 0.00070495  
843         -0.97976000 -0.97302463 0.00070416  
844         -0.97144000 -0.97302275 0.00070332  
845         -0.95880000 -0.97300592 0.00070269  
846         -0.99344000 -0.97303007 0.00070228  
847         -0.98528000 -0.97304453 0.00070160  
848         -0.96048000 -0.97302972 0.00070093  
849         -0.97936000 -0.97303717 0.00070014  
850         -0.97616000 -0.97304085 0.00069932  
851         -0.99120000 -0.97306219 0.00069883  
852         -0.97512000 -0.97306460 0.00069801  
853         -0.99224000 -0.97308708 0.00069755  
854         -0.97560000 -0.97309002 0.00069674  
855         -0.96704000 -0.97308295 0.00069596  
856         -0.94856000 -0.97305430 0.00069574  
857         -0.98376000 -0.97306679 0.00069504  
858         -0.97256000 -0.97306620 0.00069423  
859         -0.99056000 -0.97308657 0.00069372  
860         -0.98352000 -0.97309870 0.00069302  
861         -0.95224000 -0.97307447 0.00069264  
862         -0.91848000 -0.97301114 0.00069473  
863         -0.98896000 -0.97302962 0.00069417  
864         -0.97152000 -0.97302787 0.00069337  
865         -0.98464000 -0.97304129 0.00069269  
866         -0.99096000 -0.97306199 0.00069220  
867         -0.97624000 -0.97306565 0.00069141  
868         -0.94112000 -0.97302885 0.00069160  
869         -0.98528000 -0.97304295 0.00069094  
870         -0.99072000 -0.97306326 0.00069045  
871         -0.94368000 -0.97302953 0.00069048  
872         -0.94824000 -0.97300110 0.00069027  
873         -0.95456000 -0.97297998 0.00068981  
874         -0.99032000 -0.97299982 0.00068930  
875         -0.95920000 -0.97298405 0.00068869  
876         -0.97248000 -0.97298347 0.00068791  
877         -0.98728000 -0.97299977 0.00068732  
878         -0.97936000 -0.97300702 0.00068657  
879         -0.96808000 -0.97300141 0.00068581  
880         -0.99776000 -0.97302955 0.00068561  
881         -0.96816000 -0.97302402 0.00068485  
882         -0.92664000 -0.97297143 0.00068610  
883         -0.94344000 -0.97293798 0.00068613  
884         -0.96344000 -0.97292724 0.00068544  
885         -0.92912000 -0.97287774 0.00068645  
886         -0.94688000 -0.97284840 0.00068631  
887         -0.91096000 -0.97277862 0.00068907  
888         -0.99816000 -0.97280721 0.00068889  
889         -0.96712000 -0.97280081 0.00068814  
890         -0.99032000 -0.97282049 0.00068765  
891         -0.97600000 -0.97282406 0.00068689  
892         -0.99088000 -0.97284430 0.00068642  
893         -0.98000000 -0.97285232 0.00068570  
894         -0.99000000 -0.97287150 0.00068520  
895         -0.99472000 -0.97289591 0.00068487  
896         -0.99288000 -0.97291821 0.00068446  
897         -0.97544000 -0.97292103 0.00068371  
898         -0.95944000 -0.97290601 0.00068311  
899         -0.98352000 -0.97291782 0.00068245  
900         -0.90976000 -0.97284764 0.00068530  
901         -0.91040000 -0.97277834 0.00068803  
902         -0.96472000 -0.97276940 0.00068733  
903         -0.99472000 -0.97279371 0.00068700  
904         -0.95800000 -0.97277735 0.00068643  
905         -0.98736000 -0.97279346 0.00068586  
906         -0.92760000 -0.97274358 0.00068692  
907         -0.99368000 -0.97276666 0.00068655  
908         -0.96904000 -0.97276256 0.00068581  
909         -0.95656000 -0.97274473 0.00068528  
910         -0.97184000 -0.97274374 0.00068453  
911         -0.97840000 -0.97274995 0.00068381  
912         -0.97056000 -0.97274754 0.00068306  
913         -0.96184000 -0.97273560 0.00068242  
914         -0.99072000 -0.97275527 0.00068195  
915         -0.94064000 -0.97272017 0.00068211  
916         -0.96240000 -0.97270891 0.00068146  
917         -0.97728000 -0.97271389 0.00068073  
918         -0.95248000 -0.97269185 0.00068035  
919         -0.98104000 -0.97270094 0.00067967  
920         -0.99496000 -0.97272513 0.00067936  
921         -0.95400000 -0.97270480 0.00067893  
922         -0.97120000 -0.97270317 0.00067819  
923         -0.99584000 -0.97272823 0.00067792  
924         -0.99048000 -0.97274745 0.00067746  
925         -0.98528000 -0.97276099 0.00067686  
926         -0.99280000 -0.97278263 0.00067648  
927         -0.97656000 -0.97278671 0.00067576  
928         -0.99512000 -0.97281078 0.00067546  
929         -0.97640000 -0.97281464 0.00067474  
930         -0.97208000 -0.97281385 0.00067402  
931         -0.96528000 -0.97280576 0.00067334  
932         -0.98432000 -0.97281811 0.00067273  
933         -0.98336000 -0.97282941 0.00067211  
934         -0.95448000 -0.97280976 0.00067167  
935         -0.95832000 -0.97279427 0.00067113  
936         -0.93984000 -0.97275906 0.00067134  
937         -0.99256000 -0.97278019 0.00067096  
938         -0.99568000 -0.97280461 0.00067068  
939         -0.97344000 -0.97280528 0.00066997  
940         -0.95136000 -0.97278247 0.00066965  
941         -0.97928000 -0.97278937 0.00066897  
942         -0.97664000 -0.97279346 0.00066827  
943         -0.98896000 -0.97281060 0.00066778  
944         -0.98328000 -0.97282169 0.00066717  
945         -0.99864000 -0.97284902 0.00066702  
946         -0.98032000 -0.97285691 0.00066636  
947         -0.97232000 -0.97285635 0.00066566  
948         -0.97672000 -0.97286042 0.00066497  
949         -0.99784000 -0.97288674 0.00066479  
950         -0.97224000 -0.97288606 0.00066409  
951         -0.99528000 -0.97290961 0.00066381  
952         -0.99584000 -0.97293370 0.00066355  
953         -0.96624000 -0.97292667 0.00066289  
954         -0.98024000 -0.97293434 0.00066224  
955         -0.96744000 -0.97292859 0.00066157  
956         -0.93904000 -0.97289314 0.00066183  
957         -0.96008000 -0.97287975 0.00066127  
958         -0.97648000 -0.97288351 0.00066059  
959         -0.99128000 -0.97290269 0.00066018  
960         -0.97272000 -0.97290250 0.00065949  
961         -0.97136000 -0.97290089 0.00065881  
962         -0.98160000 -0.97290994 0.00065818  
963         -0.97944000 -0.97291672 0.00065753  
964         -0.92816000 -0.97287029 0.00065849  
965         -0.99288000 -0.97289103 0.00065813  
966         -0.99296000 -0.97291180 0.00065778  
967         -0.98568000 -0.97292501 0.00065723  
968         -0.96616000 -0.97291802 0.00065659  
969         -0.98880000 -0.97293441 0.00065612  
970         -0.97288000 -0.97293435 0.00065544  
971         -0.96568000 -0.97292688 0.00065481  
972         -0.99680000 -0.97295144 0.00065460  
973         -0.99488000 -0.97297398 0.00065431  
974         -0.95304000 -0.97295351 0.00065396  
975         -0.98864000 -0.97296960 0.00065349  
976         -0.96904000 -0.97296557 0.00065283  
977         -0.96816000 -0.97296066 0.00065218  
978         -0.96584000 -0.97295337 0.00065155  
979         -0.97480000 -0.97295526 0.00065089  
980         -0.96424000 -0.97294637 0.00065028  
981         -0.97128000 -0.97294467 0.00064962  
982         -0.99416000 -0.97296627 0.00064932  
983         -0.96088000 -0.97295398 0.00064878  
984         -0.99144000 -0.97297276 0.00064839  
985         -0.99368000 -0.97299379 0.00064807  
986         -0.95352000 -0.97297404 0.00064772  
987         -0.97664000 -0.97297775 0.00064707  
988         -0.99848000 -0.97300356 0.00064693  
989         -0.97936000 -0.97300999 0.00064631  
990         -0.99304000 -0.97303022 0.00064597  
991         -0.99224000 -0.97304961 0.00064561  
992         -0.96888000 -0.97304540 0.00064497  
993         -0.99464000 -0.97306715 0.00064469  
994         -0.97056000 -0.97306463 0.00064405  
995         -0.94160000 -0.97303301 0.00064417  
996         -0.96064000 -0.97302056 0.00064365  
997         -0.92728000 -0.97297468 0.00064464  
998         -0.96184000 -0.97296353 0.00064409  
999         -0.96544000 -0.97295600 0.00064349  
1000        -0.98904000 -0.97297208 0.00064304  
1001        -0.94064000 -0.97293978 0.00064321  
1002        -0.99128000 -0.97295808 0.00064283  
1003        -0.99136000 -0.97297643 0.00064245  
1004        -0.99336000 -0.97299673 0.00064213  
1005        -0.98744000 -0.97301110 0.00064165  
1006        -0.97888000 -0.97301694 0.00064104  
1007        -0.98928000 -0.97303309 0.00064061  
1008        -0.99584000 -0.97305571 0.00064037  
1009        -0.98160000 -0.97306418 0.00063979  
1010        -0.99216000 -0.97308309 0.00063944  
1011        -0.95264000 -0.97306287 0.00063913  
1012        -0.97656000 -0.97306632 0.00063850  
1013        -0.99464000 -0.97308762 0.00063823  
1014        -0.99272000 -0.97310698 0.00063789  
1015        -0.98272000 -0.97311645 0.00063733  
1016        -0.96584000 -0.97310929 0.00063675  
1017        -0.97064000 -0.97310686 0.00063613  
1018        -0.96368000 -0.97309760 0.00063557  
1019        -0.98816000 -0.97311238 0.00063512  
1020        -0.97000000 -0.97310933 0.00063450  
1021        -0.96960000 -0.97310590 0.00063389  
1022        -0.99192000 -0.97312431 0.00063354  
1023        -0.93512000 -0.97308716 0.00063400  
1024        -0.98360000 -0.97309742 0.00063347  
1025        -0.95504000 -0.97307980 0.00063310  
1026        -0.96648000 -0.97307337 0.00063251  
1027        -0.98640000 -0.97308635 0.00063203  
1028        -0.99504000 -0.97310770 0.00063177  
1029        -0.99624000 -0.97313018 0.00063156  
1030        -0.97400000 -0.97313103 0.00063095  
1031        -0.96568000 -0.97312380 0.00063038  
1032        -0.97680000 -0.97312736 0.00062977  
1033        -0.98992000 -0.97314362 0.00062937  
1034        -0.98200000 -0.97315219 0.00062882  
1035        -0.99432000 -0.97317264 0.00062855  
1036        -0.95280000 -0.97315297 0.00062825  
1037        -0.99656000 -0.97317554 0.00062805  
1038        -0.93352000 -0.97313734 0.00062861  
1039        -0.97840000 -0.97314241 0.00062802  
1040        -0.95784000 -0.97312769 0.00062759  
1041        -0.99912000 -0.97315266 0.00062748  
1042        -0.95680000 -0.97313697 0.00062708  
1043        -0.95944000 -0.97312384 0.00062661  
1044        -0.98880000 -0.97313885 0.00062619  
1045        -0.97896000 -0.97314442 0.00062562  
1046        -0.98944000 -0.97316000 0.00062521  
1047        -0.98184000 -0.97316829 0.00062467  
1048        -0.94376000 -0.97314023 0.00062471  
1049        -0.97456000 -0.97314158 0.00062411  
1050        -0.97984000 -0.97314796 0.00062355  
1051        -0.96464000 -0.97313987 0.00062301  
1052        -0.97888000 -0.97314532 0.00062244  
1053        -0.99104000 -0.97316232 0.00062208  
1054        -0.99432000 -0.97318239 0.00062181  
1055        -0.98880000 -0.97319719 0.00062140  
1056        -0.99608000 -0.97321886 0.00062119  
1057        -0.96456000 -0.97321067 0.00062066  
1058        -0.97232000 -0.97320983 0.00062007  
1059        -0.99576000 -0.97323112 0.00061985  
1060        -0.97168000 -0.97322966 0.00061927  
1061        -0.99808000 -0.97325308 0.00061913  
1062        -0.99368000 -0.97327232 0.00061884  
1063        -0.99488000 -0.97329264 0.00061859  
1064        -0.97696000 -0.97329609 0.00061802  
1065        -0.96256000 -0.97328601 0.00061752  
1066        -0.99240000 -0.97330394 0.00061720  
1067        -0.97600000 -0.97330647 0.00061663  
1068        -0.96952000 -0.97330292 0.00061606  
1069        -0.97496000 -0.97330447 0.00061549  
1070        -0.97600000 -0.97330699 0.00061492  
1071        -0.98736000 -0.97332011 0.00061448  
1072        -0.96440000 -0.97331179 0.00061397  
1073        -0.93936000 -0.97328015 0.00061421  
1074        -0.97216000 -0.97327911 0.00061364  
1075        -0.97808000 -0.97328357 0.00061308  
1076        -0.96640000 -0.97327717 0.00061255  
1077        -0.99160000 -0.97329419 0.00061221  
1078        -0.99528000 -0.97331458 0.00061199  
1079        -0.96056000 -0.97330276 0.00061153  
1080        -0.99656000 -0.97332430 0.00061135  
1081        -0.99536000 -0.97334468 0.00061112  
1082        -0.96680000 -0.97333863 0.00061059  
1083        -0.93184000 -0.97330031 0.00061122  
1084        -0.99216000 -0.97331771 0.00061091  
1085        -0.99416000 -0.97333692 0.00061065  
1086        -0.98304000 -0.97334586 0.00061015  
1087        -0.99120000 -0.97336228 0.00060981  
1088        -0.98064000 -0.97336897 0.00060928  
1089        -0.99432000 -0.97338821 0.00060903  
1090        -0.95880000 -0.97337483 0.00060862  
1091        -0.97280000 -0.97337430 0.00060806  
1092        -0.99664000 -0.97339560 0.00060788  
1093        -0.97976000 -0.97340143 0.00060735  
1094        -0.99464000 -0.97342084 0.00060710  
1095        -0.93832000 -0.97338879 0.00060739  
1096        -0.95376000 -0.97337088 0.00060710  
1097        -0.97096000 -0.97336868 0.00060655  
1098        -0.98784000 -0.97338186 0.00060614  
1099        -0.94384000 -0.97335498 0.00060619  
1100        -0.99184000 -0.97337178 0.00060587  
1101        -0.99600000 -0.97339233 0.00060567  
1102        -0.99360000 -0.97341067 0.00060540  
1103        -0.98528000 -0.97342143 0.00060494  
1104        -0.96552000 -0.97341428 0.00060444  
1105        -0.98768000 -0.97342719 0.00060403  
1106        -0.95848000 -0.97341367 0.00060363  
1107        -0.98584000 -0.97342490 0.00060319  
1108        -0.96360000 -0.97341603 0.00060271  
1109        -0.95736000 -0.97340155 0.00060234  
1110        -0.96376000 -0.97339286 0.00060186  
1111        -0.93904000 -0.97336194 0.00060212  
1112        -0.97568000 -0.97336403 0.00060158  
1113        -0.97232000 -0.97336309 0.00060104  
1114        -0.99328000 -0.97338097 0.00060076  
1115        -0.98528000 -0.97339164 0.00060032  
1116        -0.96776000 -0.97338659 0.00059980  
1117        -0.98592000 -0.97339782 0.00059937  
1118        -0.98368000 -0.97340701 0.00059890  
1119        -0.99392000 -0.97342534 0.00059865  
1120        -0.93888000 -0.97339450 0.00059891  
1121        -0.96656000 -0.97338840 0.00059841  
1122        -0.97472000 -0.97338959 0.00059787  
1123        -0.98000000 -0.97339548 0.00059737  
1124        -0.98008000 -0.97340142 0.00059687  
1125        -0.99496000 -0.97342059 0.00059665  
1126        -0.99176000 -0.97343687 0.00059634  
1127        -0.99232000 -0.97345363 0.00059604  
1128        -0.98336000 -0.97346241 0.00059558  
1129        -0.97136000 -0.97346055 0.00059506  
1130        -0.96808000 -0.97345579 0.00059455  
1131        -0.98624000 -0.97346709 0.00059413  
1132        -0.99344000 -0.97348473 0.00059387  
1133        -0.99800000 -0.97350637 0.00059374  
1134        -0.97880000 -0.97351104 0.00059323  
1135        -0.95728000 -0.97349674 0.00059288  
1136        -0.98768000 -0.97350923 0.00059249  
1137        -0.99784000 -0.97353062 0.00059236  
1138        -0.99496000 -0.97354946 0.00059213  
1139        -0.99880000 -0.97357162 0.00059203  
1140        -0.97240000 -0.97357060 0.00059151  
1141        -0.99336000 -0.97358794 0.00059125  
1142        -0.97192000 -0.97358648 0.00059073  
1143        -0.95768000 -0.97357256 0.00059038  
1144        -0.95056000 -0.97355245 0.00059020  
1145        -0.93288000 -0.97351693 0.00059076  
1146        -0.97200000 -0.97351560 0.00059024  
1147        -0.96760000 -0.97351044 0.00058975  
1148        -0.99448000 -0.97352871 0.00058952  
1149        -0.97352000 -0.97352870 0.00058901  
1150        -0.95928000 -0.97351631 0.00058862  
1151        -0.98912000 -0.97352987 0.00058827  
1152        -0.98056000 -0.97353597 0.00058779  
1153        -0.94632000 -0.97351237 0.00058775  
1154        -0.98584000 -0.97352305 0.00058734  
1155        -0.98296000 -0.97353122 0.00058689  
1156        -0.93120000 -0.97349460 0.00058752  
1157        -0.94936000 -0.97347374 0.00058739  
1158        -0.95760000 -0.97346003 0.00058704  
1159        -0.96232000 -0.97345042 0.00058661  
1160        -0.98384000 -0.97345938 0.00058617  
1161        -0.95960000 -0.97344744 0.00058579  
1162        -0.97008000 -0.97344454 0.00058529  
1163        -0.99864000 -0.97346621 0.00058519  
1164        -0.96672000 -0.97346041 0.00058472  
1165        -0.94488000 -0.97343588 0.00058473  
1166        -0.99752000 -0.97345654 0.00058459  
1167        -0.97776000 -0.97346022 0.00058410  
1168        -0.99328000 -0.97347719 0.00058385  
1169        -0.97680000 -0.97348003 0.00058336  
1170        -0.98944000 -0.97349368 0.00058302  
1171        -0.99048000 -0.97350818 0.00058270  
1172        -0.99456000 -0.97352614 0.00058248  
1173        -0.99736000 -0.97354646 0.00058234  
1174        -0.99696000 -0.97356641 0.00058218  
1175        -0.97952000 -0.97357147 0.00058171  
1176        -0.95440000 -0.97355517 0.00058144  
1177        -0.96408000 -0.97354712 0.00058100  
1178        -0.98656000 -0.97355817 0.00058062  
1179        -0.95808000 -0.97354504 0.00058027  
1180        -0.99200000 -0.97356068 0.00057999  
1181        -0.94904000 -0.97353992 0.00057987  
1182        -0.97584000 -0.97354186 0.00057938  
1183        -0.99552000 -0.97356044 0.00057919  
1184        -0.99816000 -0.97358122 0.00057908  
1185        -0.98944000 -0.97359460 0.00057874  
1186        -0.96784000 -0.97358975 0.00057827  
1187        -0.94864000 -0.97356873 0.00057817  
1188        -0.99224000 -0.97358444 0.00057790  
1189        -0.99640000 -0.97360363 0.00057773  
1190        -0.99352000 -0.97362037 0.00057748  
1191        -0.97904000 -0.97362492 0.00057702  
1192        -0.93816000 -0.97359517 0.00057730  
1193        -0.96144000 -0.97358498 0.00057691  
1194        -0.99208000 -0.97360047 0.00057663  
1195        -0.99848000 -0.97362129 0.00057652  
1196        -0.99632000 -0.97364027 0.00057635  
1197        -0.96560000 -0.97363355 0.00057591  
1198        -0.98704000 -0.97364474 0.00057554  
1199        -0.97280000 -0.97364404 0.00057506  
1200        -0.99712000 -0.97366360 0.00057491  
1201        -0.96344000 -0.97365509 0.00057450  
1202        -0.97696000 -0.97365784 0.00057403  
1203        -0.99328000 -0.97367415 0.00057378  
1204        -0.97080000 -0.97367176 0.00057331  
1205        -0.98824000 -0.97368385 0.00057296  
1206        -0.94968000 -0.97366395 0.00057283  
1207        -0.95144000 -0.97364553 0.00057265  
1208        -0.99368000 -0.97366212 0.00057242  
1209        -0.95824000 -0.97364936 0.00057209  
1210        -0.94248000 -0.97362360 0.00057219  
1211        -0.97424000 -0.97362411 0.00057172  
1212        -0.99008000 -0.97363769 0.00057141  
1213        -0.98064000 -0.97364346 0.00057097  
1214        -0.98760000 -0.97365496 0.00057061  
1215        -0.93488000 -0.97362305 0.00057104  
1216        -0.99360000 -0.97363947 0.00057080  
1217        -0.99424000 -0.97365640 0.00057059  
1218        -0.99648000 -0.97367514 0.00057042  
1219        -0.97176000 -0.97367357 0.00056996  
1220        -0.98080000 -0.97367941 0.00056952  
1221        -0.97248000 -0.97367843 0.00056906  
1222        -0.98296000 -0.97368602 0.00056864  
1223        -0.94040000 -0.97365881 0.00056883  
1224        -0.96856000 -0.97365464 0.00056838  
1225        -0.97344000 -0.97365447 0.00056791  
1226        -0.95864000 -0.97364222 0.00056758  
1227        -0.99640000 -0.97366077 0.00056742  
1228        -0.98880000 -0.97367309 0.00056709  
1229        -0.93352000 -0.97364042 0.00056757  
1230        -0.96392000 -0.97363252 0.00056717  
1231        -0.96424000 -0.97362489 0.00056676  
1232        -0.97016000 -0.97362208 0.00056630  
1233        -0.97416000 -0.97362251 0.00056584  
1234        -0.95448000 -0.97360700 0.00056560  
1235        -0.94960000 -0.97358756 0.00056547  
1236        -0.97960000 -0.97359243 0.00056504  
1237        -0.96480000 -0.97358532 0.00056463  
1238        -0.93752000 -0.97355619 0.00056492  
1239        -0.95320000 -0.97353976 0.00056470  
1240        -0.98840000 -0.97355174 0.00056438  
1241        -0.97232000 -0.97355075 0.00056392  
1242        -0.92616000 -0.97351259 0.00056476  
1243        -0.96008000 -0.97350179 0.00056441  
1244        -0.93472000 -0.97347061 0.00056481  
1245        -0.98304000 -0.97347830 0.00056441  
1246        -0.97208000 -0.97347717 0.00056396  
1247        -0.98632000 -0.97348747 0.00056360  
1248        -0.99344000 -0.97350346 0.00056338  
1249        -0.98632000 -0.97351372 0.00056302  
1250        -0.96352000 -0.97350573 0.00056263  
1251        -0.96320000 -0.97349749 0.00056224  
1252        -0.99888000 -0.97351776 0.00056215  
1253        -0.99656000 -0.97353615 0.00056200  
1254        -0.98216000 -0.97354303 0.00056160  
1255        -0.93760000 -0.97351439 0.00056188  
1256        -0.92168000 -0.97347312 0.00056295  
1257        -0.95408000 -0.97345769 0.00056271  
1258        -0.95392000 -0.97344216 0.00056248  
1259        -0.96640000 -0.97343657 0.00056206  
1260        -0.99312000 -0.97345219 0.00056183  
1261        -0.94480000 -0.97342947 0.00056184  
1262        -0.95680000 -0.97341629 0.00056155  
1263        -0.99680000 -0.97343481 0.00056141  
1264        -0.99472000 -0.97345165 0.00056122  
1265        -0.99760000 -0.97347074 0.00056110  
1266        -0.99312000 -0.97348626 0.00056088  
1267        -0.98296000 -0.97349373 0.00056048  
1268        -0.98120000 -0.97349981 0.00056007  
1269        -0.96472000 -0.97349289 0.00055967  
1270        -0.98192000 -0.97349953 0.00055927  
1271        -0.97648000 -0.97350187 0.00055884  
1272        -0.97440000 -0.97350258 0.00055840  
1273        -0.98960000 -0.97351522 0.00055810  
1274        -0.98264000 -0.97352239 0.00055771  
1275        -0.97288000 -0.97352188 0.00055727  
1276        -0.96168000 -0.97351260 0.00055691  
1277        -0.95920000 -0.97350139 0.00055659  
1278        -0.98912000 -0.97351362 0.00055629  
1279        -0.99936000 -0.97353382 0.00055622  
1280        -0.95872000 -0.97352225 0.00055591  
1281        -0.99800000 -0.97354136 0.00055580  
1282        -0.99856000 -0.97356087 0.00055571  
1283        -0.93328000 -0.97352948 0.00055616  
1284        -0.95776000 -0.97351720 0.00055587  
1285        -0.98792000 -0.97352840 0.00055555  
1286        -0.99216000 -0.97354289 0.00055530  
1287        -0.99384000 -0.97355866 0.00055510  
1288        -0.99168000 -0.97357273 0.00055484  
1289        -0.98056000 -0.97357815 0.00055444  
1290        -0.97608000 -0.97358009 0.00055401  
1291        -0.98408000 -0.97358823 0.00055364  
1292        -0.98552000 -0.97359746 0.00055329  
1293        -0.93848000 -0.97357030 0.00055353  
1294        -0.99048000 -0.97358337 0.00055326  
1295        -0.96384000 -0.97357585 0.00055288  
1296        -0.93952000 -0.97354957 0.00055308  
1297        -0.97640000 -0.97355177 0.00055266  
1298        -0.98200000 -0.97355827 0.00055227  
1299        -0.93200000 -0.97352628 0.00055277  
1300        -0.95432000 -0.97351151 0.00055254  
1301        -0.99344000 -0.97352683 0.00055233  
1302        -0.95896000 -0.97351564 0.00055202  
1303        -0.99152000 -0.97352946 0.00055177  
1304        -0.99536000 -0.97354620 0.00055160  
1305        -0.99800000 -0.97356493 0.00055149  
1306        -0.99696000 -0.97358285 0.00055136  
1307        -0.98288000 -0.97358996 0.00055099  
1308        -0.97976000 -0.97359468 0.00055059  
1309        -0.98248000 -0.97360147 0.00055021  
1310        -0.93744000 -0.97357386 0.00055048  
1311        -0.93944000 -0.97354783 0.00055067  
1312        -0.97112000 -0.97354598 0.00055026  
1313        -0.97032000 -0.97354352 0.00054984  
1314        -0.95584000 -0.97353005 0.00054959  
1315        -0.95712000 -0.97351757 0.00054931  
1316        -0.96160000 -0.97350851 0.00054897  
1317        -0.96672000 -0.97350336 0.00054858  
1318        -0.95792000 -0.97349153 0.00054829  
1319        -0.97632000 -0.97349368 0.00054788  
1320        -0.95368000 -0.97347867 0.00054767  
1321        -0.99736000 -0.97349674 0.00054755  
1322        -0.99456000 -0.97351268 0.00054737  
1323        -0.93304000 -0.97348209 0.00054781  
1324        -0.94184000 -0.97345819 0.00054792  
1325        -0.99208000 -0.97347224 0.00054769  
1326        -0.99064000 -0.97348519 0.00054743  
1327        -0.97824000 -0.97348877 0.00054702  
1328        -0.96032000 -0.97347886 0.00054670  
1329        -0.99768000 -0.97349707 0.00054659  
1330        -0.96584000 -0.97349131 0.00054621  
1331        -0.97912000 -0.97349554 0.00054582  
1332        -0.98416000 -0.97350354 0.00054547  
1333        -0.98792000 -0.97351436 0.00054517  
1334        -0.94688000 -0.97349439 0.00054512  
1335        -0.96120000 -0.97348518 0.00054479  
1336        -0.95216000 -0.97346922 0.00054462  
1337        -0.96864000 -0.97346561 0.00054422  
1338        -0.99056000 -0.97347839 0.00054397  
1339        -0.98352000 -0.97348588 0.00054361  
1340        -0.95968000 -0.97347558 0.00054330  
1341        -0.96856000 -0.97347192 0.00054291  
1342        -0.96112000 -0.97346271 0.00054258  
1343        -0.91616000 -0.97342004 0.00054386  
1344        -0.96680000 -0.97341512 0.00054347  
1345        -0.96176000 -0.97340645 0.00054314  
1346        -0.91552000 -0.97336345 0.00054444  
1347        -0.98904000 -0.97337509 0.00054416  
1348        -0.92464000 -0.97333893 0.00054495  
1349        -0.98024000 -0.97334405 0.00054457  
1350        -0.93496000 -0.97331561 0.00054491  
1351        -0.97336000 -0.97331565 0.00054451  
1352        -0.99160000 -0.97332917 0.00054427  
1353        -0.99176000 -0.97334279 0.00054404  
1354        -0.99464000 -0.97335852 0.00054387  
1355        -0.98896000 -0.97337004 0.00054359  
1356        -0.99896000 -0.97338891 0.00054351  
1357        -0.99776000 -0.97340687 0.00054341  
1358        -0.98952000 -0.97341873 0.00054314  
1359        -0.95928000 -0.97340833 0.00054284  
1360        -0.99912000 -0.97342724 0.00054277  
1361        -0.99728000 -0.97344476 0.00054265  
1362        -0.97328000 -0.97344464 0.00054225  
1363        -0.94920000 -0.97342685 0.00054215  
1364        -0.95992000 -0.97341695 0.00054184  
1365        -0.98640000 -0.97342646 0.00054153  
1366        -0.96648000 -0.97342138 0.00054116  
1367        -0.99496000 -0.97343713 0.00054099  
1368        -0.96120000 -0.97342819 0.00054067  
1369        -0.99216000 -0.97344187 0.00054045  
1370        -0.96760000 -0.97343761 0.00054007  
1371        -0.98680000 -0.97344735 0.00053976  
1372        -0.95944000 -0.97343714 0.00053946  
1373        -0.99624000 -0.97345375 0.00053933  
1374        -0.94704000 -0.97343453 0.00053928  
1375        -0.95216000 -0.97341905 0.00053911  
1376        -0.97048000 -0.97341692 0.00053872  
1377        -0.98184000 -0.97342304 0.00053836  
1378        -0.98520000 -0.97343158 0.00053804  
1379        -0.96984000 -0.97342898 0.00053766  
1380        -0.99488000 -0.97344452 0.00053749  
1381        -0.97848000 -0.97344817 0.00053711  
1382        -0.97744000 -0.97345106 0.00053673  
1383        -0.97056000 -0.97344897 0.00053635  
1384        -0.99336000 -0.97346335 0.00053615  
1385        -0.95640000 -0.97345103 0.00053591  
1386        -0.99728000 -0.97346823 0.00053580  
1387        -0.97624000 -0.97347022 0.00053541  
1388        -0.98928000 -0.97348161 0.00053515  
1389        -0.99360000 -0.97349610 0.00053496  
1390        -0.95288000 -0.97348127 0.00053478  
1391        -0.99224000 -0.97349475 0.00053457  
1392        -0.98712000 -0.97350454 0.00053427  
1393        -0.96104000 -0.97349559 0.00053396  
1394        -0.97816000 -0.97349894 0.00053359  
1395        -0.96280000 -0.97349127 0.00053326  
1396        -0.97424000 -0.97349181 0.00053288  
1397        -0.99728000 -0.97350883 0.00053277  
1398        -0.93472000 -0.97348109 0.00053311  
1399        -0.97400000 -0.97348146 0.00053273  
1400        -0.99608000 -0.97349760 0.00053260  
1401        -0.95400000 -0.97348368 0.00053240  
1402        -0.95936000 -0.97347361 0.00053211  
1403        -0.99312000 -0.97348761 0.00053192  
1404        -0.99408000 -0.97350228 0.00053174  
1405        -0.99320000 -0.97351630 0.00053155  
1406        -0.94808000 -0.97349821 0.00053148  
1407        -0.99328000 -0.97351227 0.00053129  
1408        -0.94544000 -0.97349233 0.00053128  
1409        -0.98816000 -0.97350274 0.00053101  
1410        -0.98488000 -0.97351081 0.00053069  
1411        -0.97448000 -0.97351150 0.00053032  
1412        -0.99824000 -0.97352901 0.00053023  
1413        -0.95320000 -0.97351462 0.00053005  
1414        -0.99512000 -0.97352990 0.00052990  
1415        -0.92488000 -0.97349552 0.00053064  
1416        -0.97952000 -0.97349977 0.00053028  
1417        -0.99952000 -0.97351814 0.00053022  
1418        -0.99280000 -0.97353173 0.00053002  
1419        -0.93888000 -0.97350732 0.00053021  
1420        -0.95184000 -0.97349206 0.00053006  
1421        -0.97496000 -0.97349309 0.00052969  
1422        -0.99800000 -0.97351032 0.00052959  
1423        -0.99304000 -0.97352405 0.00052940  
1424        -0.95264000 -0.97350938 0.00052923  
1425        -0.98440000 -0.97351702 0.00052891  
1426        -0.98120000 -0.97352241 0.00052857  
1427        -0.96224000 -0.97351451 0.00052826  
1428        -0.96664000 -0.97350969 0.00052791  
1429        -0.99128000 -0.97352213 0.00052769  
1430        -0.99832000 -0.97353947 0.00052760  
1431        -0.95016000 -0.97352313 0.00052749  
1432        -0.99584000 -0.97353872 0.00052735  
1433        -0.96928000 -0.97353574 0.00052699  
1434        -0.95736000 -0.97352446 0.00052674  
1435        -0.97776000 -0.97352741 0.00052638  
1436        -0.96456000 -0.97352117 0.00052605  
1437        -0.98608000 -0.97352991 0.00052576  
1438        -0.98440000 -0.97353747 0.00052545  
1439        -0.97928000 -0.97354146 0.00052510  
1440        -0.93960000 -0.97351789 0.00052526  
1441        -0.99472000 -0.97353260 0.00052511  
1442        -0.96104000 -0.97352394 0.00052481  
1443        -0.91952000 -0.97348651 0.00052578  
1444        -0.97944000 -0.97349064 0.00052543  
1445        -0.93896000 -0.97346674 0.00052561  
1446        -0.99488000 -0.97348155 0.00052546  
1447        -0.99224000 -0.97349451 0.00052526  
1448        -0.99888000 -0.97351204 0.00052519  
1449        -0.99408000 -0.97352624 0.00052502  
1450        -0.92120000 -0.97349015 0.00052589  
1451        -0.99528000 -0.97350517 0.00052574  
1452        -0.96952000 -0.97350242 0.00052539  
1453        -0.95760000 -0.97349148 0.00052514  
1454        -0.97128000 -0.97348996 0.00052478  
1455        -0.95984000 -0.97348058 0.00052451  
1456        -0.97072000 -0.97347868 0.00052415  
1457        -0.97488000 -0.97347964 0.00052379  
1458        -0.96120000 -0.97347122 0.00052350  
1459        -0.96752000 -0.97346714 0.00052316  
1460        -0.98880000 -0.97347764 0.00052290  
1461        -0.98936000 -0.97348851 0.00052266  
1462        -0.99600000 -0.97350391 0.00052253  
1463        -0.99744000 -0.97352027 0.00052243  
1464        -0.99480000 -0.97353481 0.00052227  
1465        -0.96504000 -0.97352901 0.00052195  
1466        -0.97336000 -0.97352889 0.00052159  
1467        -0.96832000 -0.97352534 0.00052125  
1468        -0.98640000 -0.97353411 0.00052097  
1469        -0.97512000 -0.97353519 0.00052061  
1470        -0.93656000 -0.97351004 0.00052087  
1471        -0.98528000 -0.97351804 0.00052057  
1472        -0.99584000 -0.97353321 0.00052044  
1473        -0.99728000 -0.97354933 0.00052034  
1474        -0.94808000 -0.97353205 0.00052027  
1475        -0.95256000 -0.97351783 0.00052011  
1476        -0.97592000 -0.97351946 0.00051976  
1477        -0.97688000 -0.97352173 0.00051941  
1478        -0.93648000 -0.97349667 0.00051967  
1479        -0.94296000 -0.97347602 0.00051973  
1480        -0.96704000 -0.97347168 0.00051939  
1481        -0.96464000 -0.97346571 0.00051908  
1482        -0.94136000 -0.97344405 0.00051918  
1483        -0.98192000 -0.97344976 0.00051886  
1484        -0.95832000 -0.97343957 0.00051861  
1485        -0.97232000 -0.97343881 0.00051826  
1486        -0.98824000 -0.97344878 0.00051801  
1487        -0.99648000 -0.97346426 0.00051789  
1488        -0.95592000 -0.97345247 0.00051768  
1489        -0.99456000 -0.97346665 0.00051752  
1490        -0.98328000 -0.97347323 0.00051722  
1491        -0.97712000 -0.97347568 0.00051688  
1492        -0.99544000 -0.97349040 0.00051674  
1493        -0.98688000 -0.97349937 0.00051647  
1494        -0.95120000 -0.97348444 0.00051634  
1495        -0.99296000 -0.97349747 0.00051616  
1496        -0.97360000 -0.97349754 0.00051582  
1497        -0.98496000 -0.97350520 0.00051553  
1498        -0.99584000 -0.97352011 0.00051540  
1499        -0.96888000 -0.97351701 0.00051507  
1500        -0.97768000 -0.97351979 0.00051473  
1501        -0.98752000 -0.97352911 0.00051447  
1502        -0.97864000 -0.97353252 0.00051414  
1503        -0.94656000 -0.97351457 0.00051411  
1504        -0.99280000 -0.97352739 0.00051393  
1505        -0.98712000 -0.97353643 0.00051367  
1506        -0.97352000 -0.97353641 0.00051332  
1507        -0.98264000 -0.97354246 0.00051302  
1508        -0.95752000 -0.97353183 0.00051279  
1509        -0.95640000 -0.97352048 0.00051258  
1510        -0.96280000 -0.97351338 0.00051228  
1511        -0.98888000 -0.97352355 0.00051205  
1512        -0.98408000 -0.97353053 0.00051176  
1513        -0.93376000 -0.97350424 0.00051209  
1514        -0.98872000 -0.97351429 0.00051185  
1515        -0.97288000 -0.97351387 0.00051151  
1516        -0.99544000 -0.97352834 0.00051138  
1517        -0.98080000 -0.97353313 0.00051107  
1518        -0.99088000 -0.97354456 0.00051086  
1519        -0.98392000 -0.97355139 0.00051057  
1520        -0.99592000 -0.97356611 0.00051044  
1521        -0.94704000 -0.97354867 0.00051041  
1522        -0.97336000 -0.97354854 0.00051007  
1523        -0.97064000 -0.97354663 0.00050974  
1524        -0.99320000 -0.97355953 0.00050957  
1525        -0.94328000 -0.97353967 0.00050962  
1526        -0.95624000 -0.97352834 0.00050941  
1527        -0.91624000 -0.97349082 0.00051046  
1528        -0.98256000 -0.97349675 0.00051016  
1529        -0.94784000 -0.97347997 0.00051010  
1530        -0.95200000 -0.97346593 0.00050996  
1531        -0.91456000 -0.97342746 0.00051108  
1532        -0.97680000 -0.97342966 0.00051075  
1533        -0.98368000 -0.97343635 0.00051046  
1534        -0.97560000 -0.97343776 0.00051013  
1535        -0.98816000 -0.97344735 0.00050989  
1536        -0.99632000 -0.97346224 0.00050977  
1537        -0.98872000 -0.97347217 0.00050954  
1538        -0.99720000 -0.97348759 0.00050944  
1539        -0.97040000 -0.97348559 0.00050911  
1540        -0.97576000 -0.97348706 0.00050878  
1541        -0.97720000 -0.97348947 0.00050846  
1542        -0.98208000 -0.97349505 0.00050816  
1543        -0.93584000 -0.97347064 0.00050842  
1544        -0.97664000 -0.97347269 0.00050809  
1545        -0.97168000 -0.97347153 0.00050776  
1546        -0.95232000 -0.97345785 0.00050762  
1547        -0.99816000 -0.97347382 0.00050754  
1548        -0.97728000 -0.97347628 0.00050722  
1549        -0.98760000 -0.97348540 0.00050698  
1550        -0.99520000 -0.97349941 0.00050684  
1551        -0.98488000 -0.97350674 0.00050657  
1552        -0.96896000 -0.97350381 0.00050625  
1553        -0.99752000 -0.97351928 0.00050616  
1554        -0.97656000 -0.97352124 0.00050584  
1555        -0.97784000 -0.97352401 0.00050552  
1556        -0.97008000 -0.97352180 0.00050520  
1557        -0.99752000 -0.97353721 0.00050511  
1558        -0.99488000 -0.97355091 0.00050497  
1559        -0.97656000 -0.97355284 0.00050465  
1560        -0.96184000 -0.97354533 0.00050438  
1561        -0.99696000 -0.97356033 0.00050428  
1562        -0.99344000 -0.97357306 0.00050412  
1563        -0.96456000 -0.97356729 0.00050383  
1564        -0.98608000 -0.97357529 0.00050357  
1565        -0.97952000 -0.97357909 0.00050327  
1566        -0.94800000 -0.97356276 0.00050321  
1567        -0.96088000 -0.97355466 0.00050295  
1568        -0.98504000 -0.97356199 0.00050269  
1569        -0.95832000 -0.97355228 0.00050246  
1570        -0.99088000 -0.97356331 0.00050226  
1571        -0.95264000 -0.97354999 0.00050212  
1572        -0.96536000 -0.97354478 0.00050183  
1573        -0.99592000 -0.97355901 0.00050171  
1574        -0.99216000 -0.97357083 0.00050153  
1575        -0.96360000 -0.97356450 0.00050125  
1576        -0.96424000 -0.97355858 0.00050097  
1577        -0.97920000 -0.97356216 0.00050066  
1578        -0.97168000 -0.97356096 0.00050035  
1579        -0.95440000 -0.97354883 0.00050018  
1580        -0.93760000 -0.97352608 0.00050038  
1581        -0.94480000 -0.97350791 0.00050039  
1582        -0.99560000 -0.97352187 0.00050027  
1583        -0.97104000 -0.97352030 0.00049995  
1584        -0.99768000 -0.97353556 0.00049987  
1585        -0.98760000 -0.97354443 0.00049964  
1586        -0.98864000 -0.97355395 0.00049941  
1587        -0.98976000 -0.97356416 0.00049920  
1588        -0.97552000 -0.97356539 0.00049889  
1589        -0.98168000 -0.97357050 0.00049860  
1590        -0.95200000 -0.97355693 0.00049847  
1591        -0.91344000 -0.97351915 0.00049959  
1592        -0.98032000 -0.97352342 0.00049929  
1593        -0.93744000 -0.97350077 0.00049949  
1594        -0.98688000 -0.97350916 0.00049925  
1595        -0.96064000 -0.97350109 0.00049900  
1596        -0.99696000 -0.97351579 0.00049891  
1597        -0.99632000 -0.97353007 0.00049880  
1598        -0.99752000 -0.97354508 0.00049871  
1599        -0.96208000 -0.97353791 0.00049845  
1600        -0.99424000 -0.97355085 0.00049831  
1601        -0.99352000 -0.97356332 0.00049815  
1602        -0.99384000 -0.97357598 0.00049800  
1603        -0.96864000 -0.97357290 0.00049770  
1604        -0.98384000 -0.97357930 0.00049743  
1605        -0.95200000 -0.97356586 0.00049730  
1606        -0.97920000 -0.97356936 0.00049701  
1607        -0.95992000 -0.97356087 0.00049677  
1608        -0.98632000 -0.97356881 0.00049652  
1609        -0.98704000 -0.97357718 0.00049629  
1610        -0.97576000 -0.97357853 0.00049598  
1611        -0.98072000 -0.97358297 0.00049569  
1612        -0.98256000 -0.97358854 0.00049541  
1613        -0.97432000 -0.97358899 0.00049511  
1614        -0.96552000 -0.97358399 0.00049483  
1615        -0.95408000 -0.97357191 0.00049467  
1616        -0.95680000 -0.97356153 0.00049447  
1617        -0.96216000 -0.97355448 0.00049421  
1618        -0.99528000 -0.97356791 0.00049409  
1619        -0.93072000 -0.97354145 0.00049449  
1620        -0.99872000 -0.97355699 0.00049443  
1621        -0.93520000 -0.97353333 0.00049469  
1622        -0.97952000 -0.97353702 0.00049440  
1623        -0.91480000 -0.97350083 0.00049542  
1624        -0.96304000 -0.97349438 0.00049516  
1625        -0.96752000 -0.97349071 0.00049487  
1626        -0.97160000 -0.97348954 0.00049457  
1627        -0.93232000 -0.97346424 0.00049491  
1628        -0.98896000 -0.97347376 0.00049470  
1629        -0.99824000 -0.97348896 0.00049463  
1630        -0.99520000 -0.97350228 0.00049450  
1631        -0.97952000 -0.97350597 0.00049421  
1632        -0.95936000 -0.97349730 0.00049399  
1633        -0.96184000 -0.97349017 0.00049373  
1634        -0.92504000 -0.97346051 0.00049432  
1635        -0.98552000 -0.97346789 0.00049407  
1636        -0.97192000 -0.97346694 0.00049377  
1637        -0.96552000 -0.97346209 0.00049350  
1638        -0.99712000 -0.97347653 0.00049341  
1639        -0.98312000 -0.97348242 0.00049314  
1640        -0.99024000 -0.97349263 0.00049294  
1641        -0.97416000 -0.97349304 0.00049264  
1642        -0.95312000 -0.97348063 0.00049250  
1643        -0.93816000 -0.97345914 0.00049267  
1644        -0.99872000 -0.97347450 0.00049261  
1645        -0.95128000 -0.97346101 0.00049250  
1646        -0.93056000 -0.97343495 0.00049289  
1647        -0.98824000 -0.97344393 0.00049267  
1648        -0.98520000 -0.97345107 0.00049242  
1649        -0.98808000 -0.97345994 0.00049220  
1650        -0.98424000 -0.97346647 0.00049195  
1651        -0.98168000 -0.97347145 0.00049167  
1652        -0.97408000 -0.97347182 0.00049138  
1653        -0.96280000 -0.97346536 0.00049112  
1654        -0.99424000 -0.97347792 0.00049099  
1655        -0.99576000 -0.97349138 0.00049087  
1656        -0.99528000 -0.97350454 0.00049075  
1657        -0.98792000 -0.97351324 0.00049053  
1658        -0.97960000 -0.97351691 0.00049025  
1659        -0.97616000 -0.97351851 0.00048996  
1660        -0.96808000 -0.97351523 0.00048967  
1661        -0.96144000 -0.97350796 0.00048943  
1662        -0.98240000 -0.97351331 0.00048917  
1663        -0.98824000 -0.97352216 0.00048895  
1664        -0.99472000 -0.97353490 0.00048883  
1665        -0.99704000 -0.97354902 0.00048874  
1666        -0.99896000 -0.97356427 0.00048868  
1667        -0.97880000 -0.97356741 0.00048840  
1668        -0.97264000 -0.97356686 0.00048811  
1669        -0.99456000 -0.97357944 0.00048798  
1670        -0.94696000 -0.97356350 0.00048794  
1671        -0.98336000 -0.97356936 0.00048769  
1672        -0.99456000 -0.97358191 0.00048756  
1673        -0.95696000 -0.97357198 0.00048737  
1674        -0.98544000 -0.97357907 0.00048713  
1675        -0.97080000 -0.97357741 0.00048684  
1676        -0.99696000 -0.97359136 0.00048675  
1677        -0.96440000 -0.97358588 0.00048649  
1678        -0.94448000 -0.97356853 0.00048651  
1679        -0.95408000 -0.97355693 0.00048636  
1680        -0.99640000 -0.97357052 0.00048626  
1681        -0.99352000 -0.97358239 0.00048611  
1682        -0.99440000 -0.97359477 0.00048598  
1683        -0.96792000 -0.97359140 0.00048570  
1684        -0.96344000 -0.97358537 0.00048545  
1685        -0.94808000 -0.97357023 0.00048540  
1686        -0.97968000 -0.97357386 0.00048513  
1687        -0.98080000 -0.97357814 0.00048486  
1688        -0.98064000 -0.97358232 0.00048459  
1689        -0.93336000 -0.97355851 0.00048489  
1690        -0.97600000 -0.97355995 0.00048460  
1691        -0.98112000 -0.97356442 0.00048434  
1692        -0.98480000 -0.97357106 0.00048409  
1693        -0.99456000 -0.97358346 0.00048397  
1694        -0.97056000 -0.97358168 0.00048369  
1695        -0.97128000 -0.97358032 0.00048340  
1696        -0.97728000 -0.97358250 0.00048312  
1697        -0.97984000 -0.97358619 0.00048285  
1698        -0.96448000 -0.97358082 0.00048260  
1699        -0.98632000 -0.97358832 0.00048237  
1700        -0.99240000 -0.97359939 0.00048221  
1701        -0.96768000 -0.97359591 0.00048194  
1702        -0.98552000 -0.97360291 0.00048171  
1703        -0.96208000 -0.97359615 0.00048147  
1704        -0.98632000 -0.97360362 0.00048125  
1705        -0.99728000 -0.97361750 0.00048117  
1706        -0.98704000 -0.97362537 0.00048095  
1707        -0.92680000 -0.97359794 0.00048145  
1708        -0.98880000 -0.97360684 0.00048125  
1709        -0.99608000 -0.97361999 0.00048115  
1710        -0.99720000 -0.97363378 0.00048107  
1711        -0.98048000 -0.97363778 0.00048080  
1712        -0.99824000 -0.97365215 0.00048073  
1713        -0.99328000 -0.97366361 0.00048059  
1714        -0.99680000 -0.97367711 0.00048050  
1715        -0.99504000 -0.97368956 0.00048038  
1716        -0.97072000 -0.97368783 0.00048010  
1717        -0.99960000 -0.97370292 0.00048006  
1718        -0.93784000 -0.97368205 0.00048024  
1719        -0.94936000 -0.97366790 0.00048016  
1720        -0.95216000 -0.97365540 0.00048005  
1721        -0.99576000 -0.97366824 0.00047994  
1722        -0.99864000 -0.97368274 0.00047988  
1723        -0.98368000 -0.97368854 0.00047964  
1724        -0.99336000 -0.97369995 0.00047950  
1725        -0.99064000 -0.97370977 0.00047932  
1726        -0.97696000 -0.97371166 0.00047904  
1727        -0.97384000 -0.97371173 0.00047877  
1728        -0.93976000 -0.97369208 0.00047889  
1729        -0.95992000 -0.97368412 0.00047868  
1730        -0.91784000 -0.97365184 0.00047949  
1731        -0.97696000 -0.97365375 0.00047922  
1732        -0.95992000 -0.97364582 0.00047901  
1733        -0.92384000 -0.97361708 0.00047959  
1734        -0.94896000 -0.97360286 0.00047953  
1735        -0.98304000 -0.97360830 0.00047928  
1736        -0.99408000 -0.97362009 0.00047915  
1737        -0.98744000 -0.97362805 0.00047894  
1738        -0.99816000 -0.97364216 0.00047887  
1739        -0.99744000 -0.97365585 0.00047879  
1740        -0.96368000 -0.97365011 0.00047855  
1741        -0.99304000 -0.97366125 0.00047841  
1742        -0.99384000 -0.97367284 0.00047827  
1743        -0.97488000 -0.97367353 0.00047800  
1744        -0.99592000 -0.97368628 0.00047790  
1745        -0.97624000 -0.97368775 0.00047762  
1746        -0.93600000 -0.97366616 0.00047784  
1747        -0.94392000 -0.97364914 0.00047787  
1748        -0.96432000 -0.97364380 0.00047762  
1749        -0.95120000 -0.97363097 0.00047752  
1750        -0.97952000 -0.97363433 0.00047726  
1751        -0.97784000 -0.97363673 0.00047700  
1752        -0.97832000 -0.97363941 0.00047673  
1753        -0.95280000 -0.97362752 0.00047661  
1754        -0.95744000 -0.97361829 0.00047643  
1755        -0.99520000 -0.97363059 0.00047631  
1756        -0.96656000 -0.97362656 0.00047606  
1757        -0.99440000 -0.97363838 0.00047593  
1758        -0.97488000 -0.97363909 0.00047566  
1759        -0.99216000 -0.97364962 0.00047551  
1760        -0.97912000 -0.97365273 0.00047525  
1761        -0.96744000 -0.97364920 0.00047499  
1762        -0.97016000 -0.97364722 0.00047473  
1763        -0.92816000 -0.97362142 0.00047516  
1764        -0.99616000 -0.97363420 0.00047506  
1765        -0.99008000 -0.97364351 0.00047488  
1766        -0.99184000 -0.97365382 0.00047473  
1767        -0.98576000 -0.97366067 0.00047451  
1768        -0.98320000 -0.97366606 0.00047427  
1769        -0.97768000 -0.97366833 0.00047401  
1770        -0.99272000 -0.97367910 0.00047386  
1771        -0.97312000 -0.97367878 0.00047359  
1772        -0.99576000 -0.97369124 0.00047349  
1773        -0.94192000 -0.97367332 0.00047356  
1774        -0.96216000 -0.97366683 0.00047334  
1775        -0.97064000 -0.97366513 0.00047308  
1776        -0.97968000 -0.97366851 0.00047282  
1777        -0.98176000 -0.97367307 0.00047258  
1778        -0.99632000 -0.97368580 0.00047248  
1779        -0.96488000 -0.97368085 0.00047224  
1780        -0.96928000 -0.97367838 0.00047198  
1781        -0.99392000 -0.97368975 0.00047186  
1782        -0.94080000 -0.97367129 0.00047195  
1783        -0.90184000 -0.97363100 0.00047341  
1784        -0.92792000 -0.97360538 0.00047383  
1785        -0.96832000 -0.97360242 0.00047358  
1786        -0.97696000 -0.97360430 0.00047332  
1787        -0.99304000 -0.97361518 0.00047318  
1788        -0.99472000 -0.97362698 0.00047306  
1789        -0.94712000 -0.97361216 0.00047303  
1790        -0.95184000 -0.97360000 0.00047292  
1791        -0.98392000 -0.97360576 0.00047269  
1792        -0.98864000 -0.97361415 0.00047250  
1793        -0.99152000 -0.97362414 0.00047234  
1794        -0.99488000 -0.97363599 0.00047223  
1795        -0.99152000 -0.97364595 0.00047207  
1796        -0.97704000 -0.97364784 0.00047181  
1797        -0.99832000 -0.97366157 0.00047175  
1798        -0.99688000 -0.97367448 0.00047166  
1799        -0.95576000 -0.97366452 0.00047150  
1800        -0.98928000 -0.97367320 0.00047132  
1801        -0.99640000 -0.97368582 0.00047123  
1802        -0.98760000 -0.97369354 0.00047103  
1803        -0.97000000 -0.97369149 0.00047077  
1804        -0.95944000 -0.97368359 0.00047058  
1805        -0.97112000 -0.97368217 0.00047032  
1806        -0.97408000 -0.97368239 0.00047006  
1807        -0.98736000 -0.97368996 0.00046986  
1808        -0.99648000 -0.97370257 0.00046977  
1809        -0.97600000 -0.97370384 0.00046951  
1810        -0.94096000 -0.97368575 0.00046960  
1811        -0.98648000 -0.97369281 0.00046939  
1812        -0.93568000 -0.97367183 0.00046960  
1813        -0.96472000 -0.97366689 0.00046937  
1814        -0.97472000 -0.97366748 0.00046911  
1815        -0.96432000 -0.97366233 0.00046888  
1816        -0.98760000 -0.97367000 0.00046869  
1817        -0.99720000 -0.97368295 0.00046861  
1818        -0.98952000 -0.97369166 0.00046843  
1819        -0.99824000 -0.97370516 0.00046837  
1820        -0.97864000 -0.97370787 0.00046812  
1821        -0.99672000 -0.97372051 0.00046803  
1822        -0.98816000 -0.97372843 0.00046784  
1823        -0.99104000 -0.97373793 0.00046768  
1824        -0.98936000 -0.97374649 0.00046750  
1825        -0.95440000 -0.97373589 0.00046737  
1826        -0.96400000 -0.97373056 0.00046714  
1827        -0.98240000 -0.97373530 0.00046691  
1828        -0.99008000 -0.97374425 0.00046674  
1829        -0.99640000 -0.97375663 0.00046665  
1830        -0.99040000 -0.97376573 0.00046648  
1831        -0.98888000 -0.97377398 0.00046630  
1832        -0.97536000 -0.97377485 0.00046605  
1833        -0.97264000 -0.97377423 0.00046579  
1834        -0.98704000 -0.97378146 0.00046560  
1835        -0.99040000 -0.97379052 0.00046543  
1836        -0.99008000 -0.97379939 0.00046526  
1837        -0.95896000 -0.97379131 0.00046508  
1838        -0.98872000 -0.97379943 0.00046490  
1839        -0.99736000 -0.97381225 0.00046482  
1840        -0.99032000 -0.97382122 0.00046465  
1841        -0.99080000 -0.97383044 0.00046449  
1842        -0.97432000 -0.97383071 0.00046424  
1843        -0.98824000 -0.97383852 0.00046405  
1844        -0.95440000 -0.97382798 0.00046392  
1845        -0.98992000 -0.97383670 0.00046375  
1846        -0.96816000 -0.97383363 0.00046351  
1847        -0.98904000 -0.97384186 0.00046333  
1848        -0.96920000 -0.97383935 0.00046309  
1849        -0.96488000 -0.97383451 0.00046287  
1850        -0.96936000 -0.97383209 0.00046262  
1851        -0.97144000 -0.97383079 0.00046237  
1852        -0.98584000 -0.97383728 0.00046217  
1853        -0.97104000 -0.97383577 0.00046192  
1854        -0.97864000 -0.97383836 0.00046168  
1855        -0.96168000 -0.97383181 0.00046148  
1856        -0.94488000 -0.97381621 0.00046149  
1857        -0.98616000 -0.97382285 0.00046129  
1858        -0.97344000 -0.97382265 0.00046104  
1859        -0.95320000 -0.97381155 0.00046093  
1860        -0.98864000 -0.97381953 0.00046075  
1861        -0.99576000 -0.97383132 0.00046065  
1862        -0.95632000 -0.97382191 0.00046050  
1863        -0.96104000 -0.97381505 0.00046031  
1864        -0.93608000 -0.97379481 0.00046050  
1865        -0.91240000 -0.97376189 0.00046143  
1866        -0.97376000 -0.97376189 0.00046119  
1867        -0.99352000 -0.97377247 0.00046106  
1868        -0.99632000 -0.97378454 0.00046097  
1869        -0.99008000 -0.97379326 0.00046081  
1870        -0.96448000 -0.97378828 0.00046059  
1871        -0.96288000 -0.97378245 0.00046038  
1872        -0.98496000 -0.97378842 0.00046017  
1873        -0.97544000 -0.97378930 0.00045993  
1874        -0.97816000 -0.97379163 0.00045969  
1875        -0.99200000 -0.97380134 0.00045954  
1876        -0.98520000 -0.97380742 0.00045934  
1877        -0.97344000 -0.97380722 0.00045909  
1878        -0.97512000 -0.97380792 0.00045885  
1879        -0.98864000 -0.97381582 0.00045867  
1880        -0.97552000 -0.97381672 0.00045843  
1881        -0.95328000 -0.97380581 0.00045832  
1882        -0.95592000 -0.97379630 0.00045817  
1883        -0.96400000 -0.97379110 0.00045796  
1884        -0.98336000 -0.97379618 0.00045774  
1885        -0.97744000 -0.97379811 0.00045750  
1886        -0.98152000 -0.97380221 0.00045728  
1887        -0.99296000 -0.97381236 0.00045715  
1888        -0.95640000 -0.97380314 0.00045700  
1889        -0.96808000 -0.97380011 0.00045677  
1890        -0.95744000 -0.97379145 0.00045661  
1891        -0.98376000 -0.97379672 0.00045640  
1892        -0.98752000 -0.97380397 0.00045621  
1893        -0.99432000 -0.97381481 0.00045610  
1894        -0.96776000 -0.97381162 0.00045587  
1895        -0.98432000 -0.97381716 0.00045567  
1896        -0.99320000 -0.97382738 0.00045554  
1897        -0.99728000 -0.97383975 0.00045547  
1898        -0.99704000 -0.97385197 0.00045539  
1899        -0.98240000 -0.97385647 0.00045517  
1900        -0.97720000 -0.97385823 0.00045494  
1901        -0.98648000 -0.97386487 0.00045475  
1902        -0.94848000 -0.97385152 0.00045470  
1903        -0.99544000 -0.97386287 0.00045461  
1904        -0.98672000 -0.97386962 0.00045442  
1905        -0.99672000 -0.97388162 0.00045434  
1906        -0.99008000 -0.97389012 0.00045418  
1907        -0.96760000 -0.97388682 0.00045395  
1908        -0.99072000 -0.97389564 0.00045380  
1909        -0.98656000 -0.97390227 0.00045361  
1910        -0.98392000 -0.97390752 0.00045340  
1911        -0.96984000 -0.97390539 0.00045317  
1912        -0.98744000 -0.97391247 0.00045299  
1913        -0.97696000 -0.97391406 0.00045276  
1914        -0.99504000 -0.97392510 0.00045265  
1915        -0.99392000 -0.97393554 0.00045254  
1916        -0.97976000 -0.97393858 0.00045231  
1917        -0.98568000 -0.97394471 0.00045212  
1918        -0.99392000 -0.97395512 0.00045200  
1919        -0.99608000 -0.97396665 0.00045191  
1920        -0.97800000 -0.97396875 0.00045168  
1921        -0.96624000 -0.97396473 0.00045147  
1922        -0.99560000 -0.97397598 0.00045137  
1923        -0.99296000 -0.97398586 0.00045124  
1924        -0.94960000 -0.97397318 0.00045119  
1925        -0.97280000 -0.97397257 0.00045095  
1926        -0.94504000 -0.97395755 0.00045097  
1927        -0.99112000 -0.97396646 0.00045082  
1928        -0.95616000 -0.97395722 0.00045068  
1929        -0.99576000 -0.97396852 0.00045059  
1930        -0.95680000 -0.97395963 0.00045045  
1931        -0.95976000 -0.97395227 0.00045027  
1932        -0.93176000 -0.97393043 0.00045057  
1933        -0.98768000 -0.97393755 0.00045039  
1934        -0.99216000 -0.97394697 0.00045026  
1935        -0.95560000 -0.97393749 0.00045013  
1936        -0.95288000 -0.97392661 0.00045002  
1937        -0.97488000 -0.97392710 0.00044979  
1938        -0.96168000 -0.97392078 0.00044960  
1939        -0.99872000 -0.97393357 0.00044955  
1940        -0.99696000 -0.97394544 0.00044948  
1941        -0.97304000 -0.97394498 0.00044925  
1942        -0.95096000 -0.97393314 0.00044917  
1943        -0.93032000 -0.97391069 0.00044950  
1944        -0.99096000 -0.97391947 0.00044936  
1945        -0.98752000 -0.97392646 0.00044918  
1946        -0.99472000 -0.97393714 0.00044908  
1947        -0.99296000 -0.97394691 0.00044895  
1948        -0.99816000 -0.97395934 0.00044889  
1949        -0.97616000 -0.97396047 0.00044866  
1950        -0.99440000 -0.97397095 0.00044856  
1951        -0.99120000 -0.97397978 0.00044841  
1952        -0.97968000 -0.97398270 0.00044819  
1953        -0.99608000 -0.97399402 0.00044811  
1954        -0.96128000 -0.97398751 0.00044792  
1955        -0.92664000 -0.97396329 0.00044835  
1956        -0.92480000 -0.97393816 0.00044882  
1957        -0.99016000 -0.97394645 0.00044867  
1958        -0.96192000 -0.97394031 0.00044848  
1959        -0.99368000 -0.97395038 0.00044837  
1960        -0.99240000 -0.97395980 0.00044824  
1961        -0.99256000 -0.97396928 0.00044811  
1962        -0.95800000 -0.97396114 0.00044796  
1963        -0.99680000 -0.97397278 0.00044788  
1964        -0.98776000 -0.97397980 0.00044771  
1965        -0.98048000 -0.97398310 0.00044749  
1966        -0.99224000 -0.97399239 0.00044736  
1967        -0.98264000 -0.97399679 0.00044715  
1968        -0.96864000 -0.97399407 0.00044693  
1969        -0.93488000 -0.97397420 0.00044715  
1970        -0.99584000 -0.97398530 0.00044706  
1971        -0.95320000 -0.97397475 0.00044696  
1972        -0.98232000 -0.97397899 0.00044675  
1973        -0.95064000 -0.97396716 0.00044668  
1974        -0.95688000 -0.97395850 0.00044654  
1975        -0.97720000 -0.97396014 0.00044632  
1976        -0.96728000 -0.97395676 0.00044610  
1977        -0.98232000 -0.97396099 0.00044590  
1978        -0.94784000 -0.97394779 0.00044587  
1979        -0.96488000 -0.97394320 0.00044566  
1980        -0.99632000 -0.97395451 0.00044558  
1981        -0.98008000 -0.97395760 0.00044537  
1982        -0.98488000 -0.97396311 0.00044518  
1983        -0.99192000 -0.97397216 0.00044505  
1984        -0.95752000 -0.97396387 0.00044490  
1985        -0.93848000 -0.97394599 0.00044503  
1986        -0.95880000 -0.97393837 0.00044487  
1987        -0.99880000 -0.97395088 0.00044483  
1988        -0.99376000 -0.97396085 0.00044471  
1989        -0.99296000 -0.97397040 0.00044459  
1990        -0.98120000 -0.97397403 0.00044438  
1991        -0.98008000 -0.97397710 0.00044417  
1992        -0.95896000 -0.97396956 0.00044401  
1993        -0.96408000 -0.97396460 0.00044382  
1994        -0.97968000 -0.97396746 0.00044360  
1995        -0.95968000 -0.97396030 0.00044344  
1996        -0.95560000 -0.97395110 0.00044331  
1997        -0.98176000 -0.97395501 0.00044311  
1998        -0.99696000 -0.97396653 0.00044304  
1999        -0.98696000 -0.97397303 0.00044286  
2000        -0.98008000 -0.97397608 0.00044265  
