  1	344.7670	0.0000
  2	345.2113	0.3142
  3	345.3594	0.2419
  4	344.9704	0.3827
  5	344.2781	0.6907
  6	343.5581	0.8737
  7	343.0438	0.8874
  8	342.4283	0.9667
  9	341.8656	1.0099
 10	341.6546	0.9306
 11	341.5469	0.8523
 12	341.2856	0.8203
 13	341.0599	0.7877
 14	340.8664	0.7548
 15	340.6988	0.7228
 16	340.4193	0.7297
 17	340.2082	0.7166
 18	339.9832	0.7113
 19	339.5725	0.7835
 20	339.1670	0.8428
 21	338.8000	0.8789
 22	338.3931	0.9284
 23	338.0546	0.9477
 24	337.7207	0.9653
 25	337.4135	0.9743
 26	337.1300	0.9772
 27	336.9294	0.9614
 28	336.7432	0.9449
 29	336.5867	0.9252
 30	336.4405	0.9058
 31	336.2608	0.8943
 32	336.0923	0.8820
 33	335.7999	0.9025
 34	335.5012	0.9241
 35	335.2968	0.9200
 36	335.0813	0.9193
 37	334.8910	0.9139
 38	334.5924	0.9374
 39	334.3091	0.9552
 40	334.0400	0.9685
 41	333.7946	0.9755
 42	333.5791	0.9758
 43	333.3736	0.9745
 44	333.1774	0.9719
 45	332.9465	0.9773
 46	332.7148	0.9832
 47	332.4930	0.9869
 48	332.2804	0.9890
 49	332.0765	0.9896
 50	331.8683	0.9915
 51	331.6742	0.9909
 52	331.4296	1.0015
 53	331.1342	1.0253
 54	330.8501	1.0449
 55	330.5783	1.0607
 56	330.2912	1.0799
 57	329.9356	1.1180
 58	329.5699	1.1570
 59	329.1676	1.2053
 60	328.7592	1.2525
 61	328.3655	1.2923
 62	327.9846	1.3264
 63	327.6157	1.3557
 64	327.2617	1.3800
 65	326.9251	1.3992
 66	326.5963	1.4161
 67	326.2674	1.4326
 68	325.9530	1.4457
 69	325.5975	1.4678
 70	325.2292	1.4923
 71	324.8717	1.5135
 72	324.5240	1.5319
 73	324.1892	1.5471
 74	323.8634	1.5601
 75	323.5189	1.5769
 76	323.1835	1.5914
 77	322.8569	1.6039
 78	322.5138	1.6196
 79	322.1710	1.6350
 80	321.8368	1.6483
 81	321.5108	1.6599
 82	321.1889	1.6706
 83	320.8213	1.6904
 84	320.4624	1.7080
 85	320.1117	1.7235
 86	319.7299	1.7453
 87	319.3568	1.7646
 88	318.9921	1.7818
 89	318.6312	1.7980
 90	318.2783	1.8123
 91	317.9332	1.8250
 92	317.5853	1.8380
 93	317.2449	1.8495
 94	316.9312	1.8562
 95	316.6240	1.8619
 96	316.3233	1.8667
 97	316.0216	1.8716
 98	315.7314	1.8749
 99	315.4408	1.8783
100	315.1561	1.8810
  1	285.4945	0.0000
  2	285.9605	0.3295
  3	286.1159	0.2536
  4	285.7316	0.3833
  5	285.0149	0.7106
  6	284.2603	0.9084
  7	283.7213	0.9248
  8	283.0961	0.9984
  9	282.5095	1.0457
 10	282.2709	0.9680
 11	282.1462	0.8880
 12	281.8693	0.8561
 13	281.6144	0.8273
 14	281.3959	0.7965
 15	281.4755	0.7474
 16	281.4233	0.7025
 17	281.4095	0.6613
 18	281.3623	0.6263
 19	281.1122	0.6413
 20	280.8615	0.6564
 21	280.6347	0.6632
 22	280.3619	0.6869
 23	280.1541	0.6877
 24	279.9498	0.6887
 25	279.7618	0.6864
 26	279.5883	0.6815
 27	279.4942	0.6628
 28	279.4068	0.6448
 29	279.3396	0.6261
 30	279.2769	0.6083
 31	279.1689	0.5982
 32	279.0676	0.5880
 33	278.8389	0.6131
 34	278.6017	0.6393
 35	278.4554	0.6376
 36	278.3004	0.6384
 37	278.1634	0.6357
 38	277.9147	0.6658
 39	277.6788	0.6893
 40	277.4547	0.7075
 41	277.2557	0.7177
 42	277.0806	0.7217
 43	276.9137	0.7239
 44	276.7544	0.7248
 45	276.5571	0.7351
 46	276.3540	0.7466
 47	276.1596	0.7556
 48	275.9733	0.7625
 49	275.7946	0.7676
 50	275.6126	0.7735
 51	275.4453	0.7762
 52	275.2291	0.7908
 53	274.9630	0.8194
 54	274.7074	0.8432
 55	274.4655	0.8619
 56	274.2055	0.8848
 57	273.8759	0.9287
 58	273.5341	0.9735
 59	273.1582	1.0270
 60	272.7770	1.0783
 61	272.4131	1.1204
 62	272.0608	1.1564
 63	271.7198	1.1872
 64	271.3944	1.2125
 65	271.0871	1.2321
 66	270.7891	1.2490
 67	270.4895	1.2658
 68	270.2030	1.2792
 69	269.8742	1.3022
 70	269.5318	1.3279
 71	269.2038	1.3491
 72	268.8816	1.3682
 73	268.5724	1.3840
 74	268.2715	1.3976
 75	267.9529	1.4148
 76	267.6427	1.4298
 77	267.3405	1.4428
 78	267.0204	1.4594
 79	266.6988	1.4759
 80	266.3852	1.4904
 81	266.0794	1.5031
 82	265.7808	1.5141
 83	265.4366	1.5345
 84	265.1005	1.5526
 85	264.7754	1.5680
 86	264.4184	1.5899
 87	264.0697	1.6094
 88	263.7289	1.6268
 89	263.3882	1.6438
 90	263.0551	1.6590
 91	262.7293	1.6724
 92	262.4001	1.6863
 93	262.0780	1.6987
 94	261.7816	1.7063
 95	261.4914	1.7128
 96	261.2072	1.7184
 97	260.9209	1.7243
 98	260.6459	1.7285
 99	260.3680	1.7333
100	260.0957	1.7372
  1	231.9139	0.0000
  2	232.4073	0.3489
  3	232.5717	0.2686
  4	232.1974	0.3817
  5	231.4511	0.7340
  6	230.6521	0.9519
  7	230.1717	0.9293
  8	229.6042	0.9711
  9	229.0404	1.0137
 10	228.8063	0.9390
 11	228.6925	0.8605
 12	228.4230	0.8299
 13	228.1526	0.8089
 14	227.9207	0.7837
 15	227.9839	0.7340
 16	227.9335	0.6898
 17	227.9158	0.6495
 18	227.8688	0.6151
 19	227.6218	0.6304
 20	227.3889	0.6404
 21	227.1781	0.6437
 22	226.9301	0.6605
 23	226.7036	0.6695
 24	226.4942	0.6735
 25	226.3016	0.6736
 26	226.1237	0.6707
 27	226.0308	0.6523
 28	225.9445	0.6347
 29	225.8750	0.6166
 30	225.8102	0.5994
 31	225.6926	0.5915
 32	225.5824	0.5832
 33	225.3469	0.6112
 34	225.1054	0.6392
 35	224.9544	0.6385
 36	224.8023	0.6386
 37	224.6628	0.6364
 38	224.4121	0.6672
 39	224.1742	0.6912
 40	223.9483	0.7099
 41	223.7519	0.7193
 42	223.5746	0.7237
 43	223.4056	0.7263
 44	223.2442	0.7275
 45	223.0432	0.7386
 46	222.8324	0.7520
 47	222.6306	0.7626
 48	222.4372	0.7708
 49	222.2517	0.7771
 50	222.0657	0.7835
 51	221.8965	0.7862
 52	221.6823	0.7997
 53	221.4209	0.8263
 54	221.1701	0.8482
 55	220.9360	0.8645
 56	220.6814	0.8857
 57	220.3574	0.9275
 58	220.0197	0.9711
 59	219.6526	1.0217
 60	219.2821	1.0697
 61	218.9328	1.1077
 62	218.5948	1.1403
 63	218.2675	1.1682
 64	217.9573	1.1904
 65	217.6668	1.2070
 66	217.3883	1.2205
 67	217.1070	1.2342
 68	216.8373	1.2452
 69	216.5248	1.2657
 70	216.1986	1.2890
 71	215.8815	1.3093
 72	215.5666	1.3284
 73	215.2652	1.3440
 74	214.9719	1.3575
 75	214.6627	1.3741
 76	214.3616	1.3886
 77	214.0684	1.4012
 78	213.7562	1.4176
 79	213.4409	1.4343
 80	213.1336	1.4489
 81	212.8338	1.4617
 82	212.5453	1.4721
 83	212.2121	1.4916
 84	211.8867	1.5089
 85	211.5691	1.5242
 86	211.2198	1.5460
 87	210.8784	1.5655
 88	210.5447	1.5828
 89	210.2087	1.6003
 90	209.8802	1.6159
 91	209.5589	1.6298
 92	209.2341	1.6441
 93	208.9163	1.6569
 94	208.6237	1.6649
 95	208.3373	1.6718
 96	208.0555	1.6780
 97	207.7710	1.6846
 98	207.4979	1.6894
 99	207.2206	1.6950
100	206.9488	1.6997
  1	178.9499	0.0000
  2	179.4547	0.3570
  3	179.6230	0.2748
  4	179.2586	0.3769
  5	178.5013	0.7415
  6	177.6815	0.9704
  7	177.1787	0.9532
  8	176.6018	0.9934
  9	176.0204	1.0394
 10	175.7657	0.9661
 11	175.6387	0.8866
 12	175.3599	0.8554
 13	175.0714	0.8369
 14	174.8242	0.8128
 15	174.8713	0.7600
 16	174.8139	0.7146
 17	174.7894	0.6730
 18	174.7387	0.6375
 19	174.4910	0.6503
 20	174.2645	0.6561
 21	174.0596	0.6561
 22	173.8221	0.6678
 23	173.6053	0.6731
 24	173.4126	0.6720
 25	173.2354	0.6681
 26	173.0718	0.6621
 27	172.9961	0.6419
 28	172.9258	0.6228
 29	172.8679	0.6041
 30	172.8139	0.5863
 31	172.7017	0.5781
 32	172.5965	0.5695
 33	172.3671	0.5966
 34	172.1338	0.6230
 35	171.9891	0.6218
 36	171.8473	0.6205
 37	171.7144	0.6178
 38	171.4707	0.6478
 39	171.2394	0.6712
 40	171.0197	0.6895
 41	170.8108	0.7036
 42	170.6189	0.7125
 43	170.4359	0.7191
 44	170.2613	0.7236
 45	170.0465	0.7387
 46	169.8205	0.7564
 47	169.6042	0.7707
 48	169.3968	0.7820
 49	169.1980	0.7909
 50	169.0007	0.7993
 51	168.8216	0.8035
 52	168.6001	0.8180
 53	168.3336	0.8449
 54	168.0781	0.8670
 55	167.8409	0.8831
 56	167.5822	0.9044
 57	167.2549	0.9459
 58	166.9132	0.9894
 59	166.5453	1.0388
 60	166.1757	1.0852
 61	165.8301	1.1211
 62	165.4958	1.1518
 63	165.1719	1.1782
 64	164.8661	1.1988
 65	164.5697	1.2164
 66	164.2871	1.2304
 67	164.0013	1.2448
 68	163.7268	1.2564
 69	163.4100	1.2775
 70	163.0797	1.3012
 71	162.7586	1.3219
 72	162.4381	1.3419
 73	162.1317	1.3580
 74	161.8335	1.3720
 75	161.5206	1.3889
 76	161.2160	1.4037
 77	160.9193	1.4165
 78	160.6034	1.4331
 79	160.2842	1.4501
 80	159.9730	1.4649
 81	159.6695	1.4780
 82	159.3734	1.4893
 83	159.0333	1.5097
 84	158.7013	1.5278
 85	158.3771	1.5438
 86	158.0216	1.5663
 87	157.6726	1.5867
 88	157.3316	1.6049
 89	156.9882	1.6232
 90	156.6525	1.6395
 91	156.3241	1.6540
 92	155.9924	1.6690
 93	155.6678	1.6823
 94	155.3689	1.6907
 95	155.0762	1.6981
 96	154.7883	1.7046
 97	154.4976	1.7117
 98	154.2185	1.7168
 99	153.9355	1.7226
100	153.6581	1.7276
  1	125.0701	0.0000
  2	125.5731	0.3556
  3	125.7407	0.2738
  4	125.3787	0.3748
  5	124.6248	0.7380
  6	123.8084	0.9662
  7	123.3105	0.9478
  8	122.7349	0.9888
  9	122.1581	1.0336
 10	121.9110	0.9593
 11	121.7891	0.8798
 12	121.5168	0.8476
 13	121.2406	0.8261
 14	121.0038	0.8003
 15	121.0624	0.7491
 16	121.0088	0.7042
 17	120.9922	0.6630
 18	120.9485	0.6276
 19	120.7072	0.6393
 20	120.4824	0.6456
 21	120.2790	0.6462
 22	120.0410	0.6591
 23	119.8238	0.6653
 24	119.6310	0.6649
 25	119.4538	0.6615
 26	119.2901	0.6560
 27	119.2164	0.6359
 28	119.1480	0.6168
 29	119.0897	0.5983
 30	119.0352	0.5808
 31	118.9220	0.5730
 32	118.8158	0.5649
 33	118.5856	0.5928
 34	118.3538	0.6190
 35	118.2085	0.6182
 36	118.0656	0.6173
 37	117.9321	0.6149
 38	117.6878	0.6454
 39	117.4561	0.6691
 40	117.2360	0.6877
 41	117.0266	0.7020
 42	116.8337	0.7113
 43	116.6498	0.7182
 44	116.4742	0.7230
 45	116.2577	0.7386
 46	116.0307	0.7567
 47	115.8134	0.7711
 48	115.6051	0.7827
 49	115.4053	0.7918
 50	115.2075	0.8003
 51	115.0279	0.8045
 52	114.8060	0.8191
 53	114.5397	0.8458
 54	114.2845	0.8678
 55	114.0471	0.8839
 56	113.7877	0.9054
 57	113.4599	0.9470
 58	113.1172	0.9907
 59	112.7496	1.0399
 60	112.3815	1.0857
 61	112.0392	1.1206
 62	111.7079	1.1505
 63	111.3855	1.1765
 64	111.0816	1.1967
 65	110.7870	1.2140
 66	110.5076	1.2274
 67	110.2246	1.2413
 68	109.9521	1.2526
 69	109.6378	1.2732
 70	109.3101	1.2965
 71	108.9915	1.3168
 72	108.6720	1.3367
 73	108.3669	1.3528
 74	108.0701	1.3667
 75	107.7594	1.3833
 76	107.4569	1.3978
 77	107.1623	1.4104
 78	106.8483	1.4268
 79	106.5308	1.4436
 80	106.2213	1.4584
 81	105.9194	1.4713
 82	105.6249	1.4825
 83	105.2874	1.5026
 84	104.9579	1.5204
 85	104.6362	1.5362
 86	104.2835	1.5583
 87	103.9351	1.5788
 88	103.5936	1.5974
 89	103.2490	1.6162
 90	102.9120	1.6330
 91	102.5825	1.6480
 92	102.2498	1.6633
 93	101.9243	1.6770
 94	101.6249	1.6856
 95	101.3318	1.6932
 96	101.0435	1.6999
 97	100.7519	1.7072
 98	100.4722	1.7126
 99	100.1889	1.7185
100	99.9112	1.7236
  1	71.2084	0.0000
  2	71.7065	0.3522
  3	71.8726	0.2711
  4	71.5166	0.3693
  5	70.7715	0.7290
  6	69.9644	0.9550
  7	69.4795	0.9335
  8	68.9074	0.9766
  9	68.3434	1.0180
 10	68.1164	0.9411
 11	68.0074	0.8619
 12	67.7530	0.8267
 13	67.5096	0.7982
 14	67.3009	0.7680
 15	67.3885	0.7217
 16	67.3446	0.6780
 17	67.3486	0.6381
 18	67.3231	0.6031
 19	67.0996	0.6114
 20	66.8798	0.6191
 21	66.6809	0.6207
 22	66.4422	0.6368
 23	66.2243	0.6453
 24	66.0318	0.6465
 25	65.8548	0.6444
 26	65.6913	0.6400
 27	65.6233	0.6199
 28	65.5601	0.6010
 29	65.5005	0.5832
 30	65.4448	0.5664
 31	65.3291	0.5598
 32	65.2207	0.5527
 33	64.9887	0.5826
 34	64.7618	0.6081
 35	64.6154	0.6081
 36	64.4696	0.6084
 37	64.3347	0.6067
 38	64.0898	0.6383
 39	63.8574	0.6629
 40	63.6367	0.6821
 41	63.4267	0.6970
 42	63.2315	0.7072
 43	63.0453	0.7149
 44	62.8676	0.7204
 45	62.6465	0.7375
 46	62.4171	0.7563
 47	62.1974	0.7715
 48	61.9869	0.7836
 49	61.7850	0.7932
 50	61.5861	0.8019
 51	61.4056	0.8062
 52	61.1835	0.8207
 53	60.9190	0.8468
 54	60.6658	0.8681
 55	60.4284	0.8842
 56	60.1674	0.9061
 57	59.8394	0.9478
 58	59.4946	0.9921
 59	59.1298	1.0402
 60	58.7692	1.0836
 61	58.4204	1.1206
 62	58.0829	1.1522
 63	57.7510	1.1807
 64	57.4385	1.2029
 65	57.1356	1.2220
 66	56.8518	1.2360
 67	56.5631	1.2508
 68	56.2841	1.2631
 69	55.9650	1.2845
 70	55.6333	1.3083
 71	55.3110	1.3289
 72	54.9841	1.3501
 73	54.6730	1.3670
 74	54.3702	1.3816
 75	54.0564	1.3984
 76	53.7509	1.4130
 77	53.4532	1.4256
 78	53.1361	1.4422
 79	52.8164	1.4590
 80	52.5046	1.4737
 81	52.2005	1.4865
 82	51.9038	1.4977
 83	51.5693	1.5165
 84	51.2428	1.5332
 85	50.9239	1.5480
 86	50.5768	1.5684
 87	50.2266	1.5890
 88	49.8802	1.6083
 89	49.5304	1.6278
 90	49.1884	1.6453
 91	48.8539	1.6608
 92	48.5178	1.6764
 93	48.1890	1.6903
 94	47.8903	1.6986
 95	47.5979	1.7057
 96	47.3115	1.7118
 97	47.0179	1.7191
 98	46.7381	1.7242
 99	46.4556	1.7298
100	46.1788	1.7345
  1	17.0414	0.0000
  2	17.5003	0.3245
  3	17.6532	0.2498
  4	17.3768	0.3040
  5	16.7217	0.6344
  6	15.9899	0.8519
  7	15.4672	0.8760
  8	14.8292	0.9714
  9	14.3133	0.9911
 10	14.1883	0.8998
 11	14.1425	0.8192
 12	14.1044	0.7518
 13	14.0721	0.6947
 14	14.0445	0.6456
 15	14.2850	0.6458
 16	14.3325	0.6072
 17	14.3743	0.5729
 18	14.3856	0.5412
 19	14.2148	0.5390
 20	14.0417	0.5391
 21	13.8997	0.5318
 22	13.7480	0.5288
 23	13.6095	0.5237
 24	13.4825	0.5170
 25	13.3657	0.5094
 26	13.2579	0.5010
 27	13.2540	0.4825
 28	13.2504	0.4653
 29	13.2349	0.4495
 30	13.2204	0.4347
 31	13.1281	0.4304
 32	13.0416	0.4256
 33	12.8421	0.4570
 34	12.6544	0.4806
 35	12.5608	0.4759
 36	12.4723	0.4708
 37	12.3731	0.4684
 38	12.1644	0.5004
 39	11.9664	0.5253
 40	11.7783	0.5448
 41	11.6271	0.5521
 42	11.4834	0.5574
 43	11.3463	0.5610
 44	11.2155	0.5633
 45	11.0818	0.5664
 46	10.9539	0.5684
 47	10.8314	0.5693
 48	10.7397	0.5648
 49	10.6517	0.5601
 50	10.5683	0.5551
 51	10.5086	0.5474
 52	10.4555	0.5394
 53	10.4255	0.5301
 54	10.4004	0.5209
 55	10.4160	0.5116
 56	10.4152	0.5025
 57	10.4145	0.4937
 58	10.4201	0.4852
 59	10.4256	0.4770
 60	10.4308	0.4691
 61	10.4359	0.4614
 62	10.4408	0.4540
 63	10.4163	0.4475
 64	10.4181	0.4405
 65	10.4199	0.4337
 66	10.4363	0.4274
 67	10.4523	0.4214
 68	10.4666	0.4154
 69	10.4806	0.4096
 70	10.4942	0.4040
 71	10.5073	0.3985
 72	10.4801	0.3939
 73	10.4543	0.3894
 74	10.4301	0.3848
 75	10.4066	0.3804
 76	10.3837	0.3761
 77	10.3614	0.3719
 78	10.3296	0.3685
 79	10.2767	0.3676
 80	10.2116	0.3687
 81	10.1459	0.3700
 82	10.0817	0.3710
 83	10.0191	0.3718
 84	9.9580	0.3723
 85	9.8983	0.3727
 86	9.8228	0.3759
 87	9.7491	0.3788
 88	9.6492	0.3874
 89	9.5516	0.3952
 90	9.4561	0.4022
 91	9.3627	0.4084
 92	9.2714	0.4141
 93	9.2049	0.4149
 94	9.1499	0.4141
 95	9.0961	0.4133
 96	9.0435	0.4123
 97	8.9990	0.4104
 98	8.9521	0.4089
 99	8.9061	0.4074
100	8.8751	0.4045
  1	6.7935	0.0000
  2	7.4264	0.4475
  3	7.6058	0.3323
  4	6.9316	0.6349
  5	6.0583	0.9316
  6	5.4762	0.9408
  7	5.0604	0.8936
  8	4.7485	0.8345
  9	4.4367	0.7980
 10	4.3945	0.7193
 11	4.3739	0.6542
 12	4.4076	0.6005
 13	4.6094	0.5873
 14	4.7824	0.5703
 15	5.0765	0.6033
 16	5.1189	0.5671
 17	5.1563	0.5350
 18	5.1842	0.5060
 19	5.2130	0.4802
 20	5.2022	0.4563
 21	5.1924	0.4347
 22	5.1835	0.4150
 23	5.2056	0.3975
 24	5.2258	0.3815
 25	5.2007	0.3671
 26	5.2095	0.3530
 27	5.3083	0.3535
 28	5.4708	0.3764
 29	5.6200	0.3919
 30	5.7593	0.4028
 31	5.8225	0.3947
 32	5.8818	0.3868
 33	5.8202	0.3800
 34	5.7438	0.3764
 35	5.7393	0.3657
 36	5.7350	0.3556
 37	5.7249	0.3461
 38	5.5977	0.3596
 39	5.5639	0.3519
 40	5.5317	0.3446
 41	5.5016	0.3375
 42	5.4938	0.3296
 43	5.4978	0.3219
 44	5.5017	0.3146
 45	5.5053	0.3077
 46	5.5088	0.3010
 47	5.5121	0.2946
 48	5.5153	0.2885
 49	5.5184	0.2826
 50	5.5149	0.2770
 51	5.5302	0.2720
 52	5.5449	0.2671
 53	5.5590	0.2625
 54	5.5761	0.2582
 55	5.6374	0.2607
 56	5.6768	0.2590
 57	5.7148	0.2572
 58	5.7599	0.2567
 59	5.8035	0.2560
 60	5.8382	0.2541
 61	5.8718	0.2521
 62	5.9044	0.2502
 63	5.9037	0.2462
 64	5.9293	0.2437
 65	5.9541	0.2412
 66	5.9965	0.2412
 67	6.0377	0.2411
 68	6.0751	0.2405
 69	6.1115	0.2397
 70	6.1566	0.2405
 71	6.2006	0.2411
 72	6.2039	0.2378
 73	6.2081	0.2345
 74	6.2124	0.2314
 75	6.2166	0.2284
 76	6.2207	0.2254
 77	6.2247	0.2225
 78	6.2195	0.2197
 79	6.2144	0.2170
 80	6.1971	0.2150
 81	6.1840	0.2127
 82	6.1713	0.2105
 83	6.1387	0.2105
 84	6.1186	0.2089
 85	6.0990	0.2074
 86	6.0720	0.2067
 87	6.0087	0.2138
 88	5.9757	0.2139
 89	5.9434	0.2139
 90	5.9119	0.2139
 91	5.8811	0.2137
 92	5.8554	0.2129
 93	5.8302	0.2121
 94	5.8186	0.2102
 95	5.8073	0.2083
 96	5.7961	0.2064
 97	5.7864	0.2045
 98	5.7773	0.2026
 99	5.7927	0.2012
100	5.7866	0.1993
  1	5.1830	0.0000
  2	5.1830	0.0000
  3	5.1830	0.0000
  4	4.9899	0.1672
  5	4.8741	0.1692
  6	5.1502	0.2888
  7	5.3474	0.3075
  8	5.4887	0.2998
  9	5.8367	0.4227
 10	6.1458	0.4803
 11	6.3069	0.4629
 12	6.4412	0.4434
 13	6.5548	0.4236
 14	6.6521	0.4043
 15	6.7965	0.4023
 16	6.7073	0.3869
 17	6.6286	0.3721
 18	6.5333	0.3634
 19	6.4481	0.3541
 20	6.2149	0.4060
 21	6.0039	0.4381
 22	5.8122	0.4582
 23	5.6417	0.4689
 24	5.4855	0.4747
 25	5.3736	0.4687
 26	5.2703	0.4619
 27	5.2643	0.4448
 28	5.3480	0.4368
 29	5.4333	0.4300
 30	5.5128	0.4229
 31	5.5509	0.4110
 32	5.6115	0.4026
 33	5.5738	0.3921
 34	5.4647	0.3955
 35	5.4604	0.3842
 36	5.4563	0.3736
 37	5.4400	0.3638
 38	5.3548	0.3641
 39	5.2739	0.3636
 40	5.1971	0.3626
 41	5.1008	0.3663
 42	5.0091	0.3689
 43	4.9690	0.3625
 44	4.9307	0.3562
 45	4.8772	0.3523
 46	4.8259	0.3484
 47	4.7768	0.3444
 48	4.7801	0.3372
 49	4.7832	0.3304
 50	4.7862	0.3238
 51	4.8130	0.3185
 52	4.8683	0.3172
 53	4.9215	0.3156
 54	4.9765	0.3145
 55	5.0695	0.3223
 56	5.1435	0.3249
 57	5.2150	0.3270
 58	5.2920	0.3303
 59	5.3664	0.3330
 60	5.4384	0.3351
 61	5.5080	0.3368
 62	5.5753	0.3380
 63	5.6128	0.3347
 64	5.6748	0.3351
 65	5.7348	0.3353
 66	5.8060	0.3377
 67	5.8751	0.3397
 68	5.9418	0.3412
 69	6.0066	0.3423
 70	6.0696	0.3432
 71	6.1307	0.3438
 72	6.1507	0.3396
 73	6.1696	0.3354
 74	6.1891	0.3315
 75	6.2081	0.3276
 76	6.2266	0.3238
 77	6.2446	0.3201
 78	6.2515	0.3161
 79	6.2354	0.3125
 80	6.2067	0.3099
 81	6.1835	0.3069
 82	6.1609	0.3040
 83	6.1388	0.3012
 84	6.1173	0.2983
 85	6.0962	0.2956
 86	6.0514	0.2955
 87	6.0076	0.2954
 88	5.9647	0.2951
 89	5.9229	0.2947
 90	5.9004	0.2923
 91	5.8785	0.2899
 92	5.8451	0.2887
 93	5.8124	0.2874
 94	5.8003	0.2846
 95	5.7884	0.2819
 96	5.7768	0.2792
 97	5.7582	0.2769
 98	5.7430	0.2745
 99	5.7282	0.2721
100	5.7291	0.2694
  1	6.7632	0.0000
  2	7.3792	0.4356
  3	7.4617	0.2981
  4	6.9716	0.4797
  5	6.0460	0.9125
  6	5.4289	0.9464
  7	5.0351	0.8893
  8	4.6872	0.8435
  9	4.2469	0.8570
 10	4.1244	0.7800
 11	4.0766	0.7106
 12	4.1517	0.6553
 13	4.3499	0.6342
 14	4.5199	0.6112
 15	4.7917	0.6280
 16	4.8333	0.5902
 17	4.8701	0.5566
 18	4.9152	0.5275
 19	4.9909	0.5051
 20	5.0523	0.4836
 21	5.1078	0.4637
 22	5.1583	0.4454
 23	5.2398	0.4334
 24	5.3145	0.4217
 25	5.3306	0.4052
 26	5.3503	0.3901
 27	5.4641	0.3919
 28	5.6274	0.4105
 29	5.7667	0.4193
 30	5.8967	0.4250
 31	5.9391	0.4134
 32	5.9788	0.4024
 33	5.9077	0.3964
 34	5.8408	0.3904
 35	5.8663	0.3801
 36	5.8905	0.3703
 37	5.8894	0.3603
 38	5.7924	0.3636
 39	5.7003	0.3658
 40	5.6129	0.3669
 41	5.5468	0.3639
 42	5.4880	0.3599
 43	5.4585	0.3528
 44	5.4304	0.3459
 45	5.3912	0.3404
 46	5.3538	0.3351
 47	5.3179	0.3298
 48	5.3221	0.3230
 49	5.3261	0.3164
 50	5.3440	0.3106
 51	5.3849	0.3072
 52	5.4448	0.3071
 53	5.5024	0.3066
 54	5.5618	0.3067
 55	5.6568	0.3154
 56	5.7279	0.3177
 57	5.7966	0.3195
 58	5.8650	0.3212
 59	5.9311	0.3225
 60	5.9949	0.3234
 61	6.0567	0.3239
 62	6.1165	0.3242
 63	6.1447	0.3203
 64	6.1990	0.3198
 65	6.2516	0.3192
 66	6.3180	0.3212
 67	6.3825	0.3228
 68	6.4442	0.3239
 69	6.5007	0.3241
 70	6.5556	0.3241
 71	6.6090	0.3239
 72	6.6247	0.3198
 73	6.6414	0.3158
 74	6.6511	0.3117
 75	6.6605	0.3077
 76	6.6697	0.3038
 77	6.6787	0.3000
 78	6.6853	0.2962
 79	6.6918	0.2925
 80	6.6777	0.2892
 81	6.6504	0.2869
 82	6.6238	0.2847
 83	6.5979	0.2824
 84	6.5969	0.2790
 85	6.5959	0.2758
 86	6.5708	0.2737
 87	6.5209	0.2751
 88	6.4722	0.2762
 89	6.4246	0.2772
 90	6.3780	0.2780
 91	6.3325	0.2786
 92	6.2879	0.2791
 93	6.2640	0.2772
 94	6.2586	0.2743
 95	6.2533	0.2714
 96	6.2481	0.2687
 97	6.2423	0.2660
 98	6.2376	0.2633
 99	6.2330	0.2607
100	6.2391	0.2581
  1	7.0981	0.0000
  2	7.7501	0.4610
  3	7.9674	0.3549
  4	7.5438	0.4532
  5	6.6925	0.8434
  6	6.1528	0.8583
  7	5.7673	0.8177
  8	5.4782	0.7649
  9	5.1773	0.7367
 10	4.9752	0.6902
 11	4.8099	0.6469
 12	4.7019	0.6020
 13	4.6105	0.5626
 14	4.5322	0.5278
 15	4.5832	0.4951
 16	4.6278	0.4661
 17	4.8170	0.4756
 18	4.9804	0.4764
 19	5.1168	0.4704
 20	5.1635	0.4492
 21	5.0694	0.4376
 22	4.9838	0.4260
 23	4.9310	0.4107
 24	4.8826	0.3965
 25	4.8402	0.3829
 26	4.8011	0.3701
 27	4.8760	0.3639
 28	5.0222	0.3792
 29	5.1437	0.3850
 30	5.2570	0.3885
 31	5.3070	0.3792
 32	5.3701	0.3726
 33	5.3135	0.3656
 34	5.2427	0.3616
 35	5.2414	0.3513
 36	5.2402	0.3415
 37	5.2330	0.3324
 38	5.2263	0.3237
 39	5.2198	0.3155
 40	5.2137	0.3076
 41	5.2304	0.3006
 42	5.2527	0.2942
 43	5.2739	0.2882
 44	5.2942	0.2823
 45	5.2871	0.2761
 46	5.2802	0.2702
 47	5.2737	0.2646
 48	5.2989	0.2602
 49	5.3230	0.2561
 50	5.3484	0.2522
 51	5.3914	0.2509
 52	5.4250	0.2483
 53	5.4715	0.2479
 54	5.5203	0.2481
 55	5.5982	0.2555
 56	5.6532	0.2568
 57	5.7062	0.2577
 58	5.7586	0.2585
 59	5.8093	0.2591
 60	5.8582	0.2593
 61	5.9056	0.2594
 62	5.9514	0.2592
 63	5.9650	0.2555
 64	6.0038	0.2544
 65	6.0414	0.2532
 66	6.0946	0.2549
 67	6.1462	0.2563
 68	6.1943	0.2570
 69	6.2410	0.2575
 70	6.2864	0.2578
 71	6.3304	0.2579
 72	6.3327	0.2543
 73	6.3368	0.2509
 74	6.3455	0.2476
 75	6.3540	0.2445
 76	6.3623	0.2414
 77	6.3703	0.2384
 78	6.3656	0.2354
 79	6.3611	0.2324
 80	6.3496	0.2298
 81	6.3457	0.2270
 82	6.3420	0.2243
 83	6.3123	0.2235
 84	6.3002	0.2212
 85	6.2884	0.2189
 86	6.2626	0.2179
 87	6.2375	0.2168
 88	6.1837	0.2209
 89	6.1312	0.2246
 90	6.0798	0.2279
 91	6.0296	0.2309
 92	5.9805	0.2335
 93	5.9509	0.2329
 94	5.9294	0.2314
 95	5.9083	0.2299
 96	5.8876	0.2284
 97	5.8748	0.2264
 98	5.8582	0.2247
 99	5.8420	0.2231
100	5.8260	0.2214
  1	4.4409	0.0000
  2	5.0766	0.4495
  3	5.2886	0.3461
  4	4.7866	0.5063
  5	4.4855	0.4864
  6	4.2678	0.4514
  7	4.1124	0.4128
  8	3.9958	0.3773
  9	3.8273	0.3711
 10	3.7183	0.3496
 11	3.6292	0.3290
 12	3.6290	0.3016
 13	3.6289	0.2784
 14	3.6287	0.2585
 15	3.7288	0.2599
 16	3.8163	0.2580
 17	4.0529	0.3342
 18	4.2635	0.3761
 19	4.4526	0.4011
 20	4.5552	0.3939
 21	4.5104	0.3777
 22	4.4697	0.3627
 23	4.4563	0.3472
 24	4.4440	0.3330
 25	4.4231	0.3203
 26	4.4037	0.3086
 27	4.4991	0.3115
 28	4.6589	0.3389
 29	4.7878	0.3509
 30	4.9080	0.3592
 31	4.9604	0.3514
 32	5.0245	0.3462
 33	4.9693	0.3401
 34	4.9174	0.3340
 35	4.9655	0.3279
 36	5.0110	0.3220
 37	5.0359	0.3142
 38	4.9713	0.3125
 39	4.9101	0.3105
 40	4.8519	0.3081
 41	4.7941	0.3060
 42	4.7607	0.3005
 43	4.7411	0.2941
 44	4.7224	0.2880
 45	4.7046	0.2822
 46	4.6875	0.2766
 47	4.6711	0.2712
 48	4.6555	0.2660
 49	4.6405	0.2610
 50	4.6288	0.2560
 51	4.6390	0.2512
 52	4.6615	0.2474
 53	4.6831	0.2436
 54	4.7080	0.2404
 55	4.7687	0.2436
 56	4.8087	0.2425
 57	4.8473	0.2413
 58	4.8930	0.2414
 59	4.9372	0.2413
 60	4.9799	0.2411
 61	5.0212	0.2406
 62	5.0611	0.2400
 63	5.0751	0.2366
 64	5.1148	0.2362
 65	5.1533	0.2357
 66	5.2007	0.2369
 67	5.2467	0.2378
 68	5.2925	0.2386
 69	5.3370	0.2393
 70	5.3803	0.2398
 71	5.4223	0.2400
 72	5.4242	0.2367
 73	5.4241	0.2335
 74	5.4292	0.2304
 75	5.4342	0.2273
 76	5.4391	0.2244
 77	5.4438	0.2215
 78	5.4336	0.2189
 79	5.3991	0.2189
 80	5.3650	0.2188
 81	5.3579	0.2162
 82	5.3662	0.2137
 83	5.3743	0.2113
 84	5.3823	0.2089
 85	5.3900	0.2066
 86	5.3736	0.2049
 87	5.3577	0.2031
 88	5.3178	0.2047
 89	5.2789	0.2061
 90	5.2408	0.2072
 91	5.2036	0.2083
 92	5.1672	0.2092
 93	5.1485	0.2078
 94	5.1475	0.2056
 95	5.1465	0.2034
 96	5.1455	0.2013
 97	5.1429	0.1992
 98	5.1413	0.1972
 99	5.1397	0.1952
100	5.1520	0.1936
  1	7.0528	0.0000
  2	7.6946	0.4538
  3	7.8851	0.3402
  4	7.3360	0.5396
  5	6.4182	0.9275
  6	5.8064	0.9536
  7	5.3694	0.9120
  8	5.0357	0.8569
  9	4.7761	0.8000
 10	4.5899	0.7414
 11	4.5465	0.6753
 12	4.5103	0.6200
 13	4.4797	0.5730
 14	4.4534	0.5327
 15	4.6720	0.5401
 16	4.8185	0.5259
 17	4.9847	0.5205
 18	5.1478	0.5165
 19	5.2337	0.4964
 20	5.4163	0.5041
 21	5.5485	0.4971
 22	5.7610	0.5179
 23	5.9550	0.5305
 24	6.1328	0.5374
 25	6.2868	0.5375
 26	6.4290	0.5353
 27	6.6450	0.5574
 28	6.8788	0.5844
 29	7.0769	0.5969
 30	7.2619	0.6050
 31	7.3380	0.5903
 32	7.4093	0.5761
 33	7.4123	0.5587
 34	7.4150	0.5422
 35	7.4763	0.5302
 36	7.5341	0.5186
 37	7.5382	0.5046
 38	7.4776	0.4949
 39	7.4201	0.4856
 40	7.3494	0.4786
 41	7.2821	0.4716
 42	7.2267	0.4636
 43	7.2067	0.4533
 44	7.1877	0.4434
 45	7.1415	0.4359
 46	7.0973	0.4287
 47	7.0550	0.4216
 48	7.0610	0.4129
 49	7.0668	0.4045
 50	7.0809	0.3967
 51	7.1162	0.3904
 52	7.1543	0.3848
 53	7.2090	0.3814
 54	7.2657	0.3785
 55	7.3550	0.3820
 56	7.4212	0.3809
 57	7.4851	0.3796
 58	7.5466	0.3779
 59	7.6059	0.3762
 60	7.6632	0.3742
 61	7.7187	0.3722
 62	7.7724	0.3700
 63	7.7922	0.3647
 64	7.8371	0.3618
 65	7.8806	0.3588
 66	7.9413	0.3585
 67	8.0002	0.3579
 68	8.0547	0.3568
 69	8.1084	0.3556
 70	8.1605	0.3543
 71	8.2111	0.3529
 72	8.2248	0.3483
 73	8.2410	0.3439
 74	8.2501	0.3394
 75	8.2588	0.3350
 76	8.2674	0.3307
 77	8.2757	0.3265
 78	8.2829	0.3224
 79	8.2898	0.3184
 80	8.2761	0.3147
 81	8.2433	0.3125
 82	8.2112	0.3103
 83	8.1799	0.3082
 84	8.1677	0.3047
 85	8.1559	0.3014
 86	8.1277	0.2992
 87	8.0623	0.3028
 88	7.9984	0.3061
 89	7.9359	0.3089
 90	7.8748	0.3115
 91	7.8150	0.3137
 92	7.7566	0.3157
 93	7.7095	0.3158
 94	7.6809	0.3138
 95	7.6529	0.3117
 96	7.6255	0.3096
 97	7.5930	0.3082
 98	7.5635	0.3064
 99	7.5346	0.3047
100	7.5062	0.3030
  1	4.4757	0.0000
  2	5.1173	0.4537
  3	5.3312	0.3493
  4	5.0983	0.3306
  5	4.4229	0.6595
  6	4.0890	0.6284
  7	3.9262	0.5593
  8	3.8042	0.5026
  9	3.8621	0.4500
 10	3.9815	0.4206
 11	4.0112	0.3834
 12	4.1576	0.3784
 13	4.2815	0.3690
 14	4.3877	0.3576
 15	4.5661	0.3756
 16	4.5224	0.3547
 17	4.4838	0.3359
 18	4.4692	0.3176
 19	4.5476	0.3104
 20	4.6182	0.3028
 21	4.5515	0.2956
 22	4.5456	0.2822
 23	4.5402	0.2700
 24	4.5352	0.2588
 25	4.5306	0.2485
 26	4.4795	0.2442
 27	4.4568	0.2362
 28	4.4622	0.2278
 29	4.4778	0.2205
 30	4.4924	0.2136
 31	4.5061	0.2072
 32	4.5189	0.2011
 33	4.4840	0.1980
 34	4.4511	0.1949
 35	4.4874	0.1927
 36	4.5218	0.1903
 37	4.5065	0.1858
 38	4.4920	0.1815
 39	4.4783	0.1774
 40	4.4652	0.1734
 41	4.4651	0.1692
 42	4.4764	0.1655
 43	4.5098	0.1650
 44	4.5416	0.1643
 45	4.5604	0.1617
 46	4.5784	0.1592
 47	4.5957	0.1567
 48	4.6467	0.1616
 49	4.6957	0.1655
 50	4.7479	0.1703
 51	4.8198	0.1815
 52	4.8979	0.1941
 53	4.9951	0.2134
 54	5.0924	0.2305
 55	5.2261	0.2623
 56	5.3386	0.2807
 57	5.4471	0.2960
 58	5.5564	0.3104
 59	5.6619	0.3226
 60	5.7640	0.3329
 61	5.8626	0.3418
 62	5.9581	0.3494
 63	6.0202	0.3493
 64	6.1059	0.3542
 65	6.1889	0.3583
 66	6.2857	0.3657
 67	6.3796	0.3721
 68	6.4690	0.3773
 69	6.5558	0.3817
 70	6.6402	0.3854
 71	6.7222	0.3886
 72	6.7614	0.3852
 73	6.8011	0.3819
 74	6.8415	0.3789
 75	6.8807	0.3759
 76	6.9189	0.3729
 77	6.9561	0.3699
 78	6.9820	0.3661
 79	6.9857	0.3614
 80	6.9766	0.3570
 81	6.9621	0.3529
 82	6.9479	0.3489
 83	6.9341	0.3450
 84	6.9206	0.3411
 85	6.9074	0.3374
 86	6.8806	0.3345
 87	6.8139	0.3372
 88	6.7488	0.3396
 89	6.6983	0.3396
 90	6.6490	0.3394
 91	6.6007	0.3390
 92	6.5576	0.3381
 93	6.5153	0.3371
 94	6.4871	0.3347
 95	6.4594	0.3323
 96	6.4322	0.3299
 97	6.4073	0.3275
 98	6.3826	0.3251
 99	6.3838	0.3218
100	6.3850	0.3186
  1	4.6270	0.0000
  2	4.5591	0.0480
  3	4.5365	0.0370
  4	4.2684	0.2338
  5	4.1076	0.2360
  6	4.0004	0.2196
  7	4.0278	0.1900
  8	4.0565	0.1684
  9	4.3160	0.2868
 10	4.5629	0.3485
 11	4.6929	0.3402
 12	4.8012	0.3287
 13	4.8929	0.3159
 14	4.9715	0.3030
 15	5.1343	0.3236
 16	5.0514	0.3138
 17	4.9782	0.3038
 18	4.9013	0.2965
 19	4.9134	0.2811
 20	4.9130	0.2671
 21	4.9126	0.2543
 22	4.9123	0.2428
 23	4.9120	0.2322
 24	4.9118	0.2225
 25	4.8143	0.2340
 26	4.7156	0.2450
 27	4.6838	0.2379
 28	4.7306	0.2340
 29	4.7905	0.2335
 30	4.8465	0.2323
 31	4.8988	0.2306
 32	4.9478	0.2286
 33	4.8918	0.2284
 34	4.8391	0.2277
 35	4.8856	0.2259
 36	4.9295	0.2238
 37	4.9459	0.2184
 38	4.9615	0.2132
 39	4.9762	0.2082
 40	4.9902	0.2035
 41	5.0108	0.1996
 42	5.0505	0.1987
 43	5.1115	0.2033
 44	5.1696	0.2068
 45	5.2044	0.2051
 46	5.2376	0.2033
 47	5.2694	0.2015
 48	5.3349	0.2076
 49	5.3977	0.2127
 50	5.4573	0.2166
 51	5.5336	0.2254
 52	5.5989	0.2303
 53	5.6686	0.2363
 54	5.7395	0.2423
 55	5.8478	0.2610
 56	5.9311	0.2693
 57	6.0115	0.2763
 58	6.0902	0.2825
 59	6.1662	0.2878
 60	6.2397	0.2922
 61	6.3108	0.2960
 62	6.3795	0.2991
 63	6.4167	0.2966
 64	6.4528	0.2942
 65	6.4877	0.2917
 66	6.5381	0.2916
 67	6.5870	0.2913
 68	6.6331	0.2907
 69	6.6746	0.2894
 70	6.7149	0.2881
 71	6.7541	0.2867
 72	6.7562	0.2827
 73	6.7607	0.2788
 74	6.7593	0.2751
 75	6.7578	0.2714
 76	6.7564	0.2678
 77	6.7551	0.2644
 78	6.7517	0.2610
 79	6.7485	0.2577
 80	6.7266	0.2554
 81	6.6955	0.2542
 82	6.6651	0.2529
 83	6.6355	0.2515
 84	6.6067	0.2502
 85	6.5784	0.2488
 86	6.5422	0.2486
 87	6.4764	0.2543
 88	6.4121	0.2594
 89	6.3806	0.2584
 90	6.3499	0.2573
 91	6.3198	0.2563
 92	6.2962	0.2546
 93	6.2732	0.2529
 94	6.2575	0.2507
 95	6.2422	0.2485
 96	6.2272	0.2463
 97	6.2178	0.2440
 98	6.2069	0.2417
 99	6.1962	0.2395
100	6.1857	0.2374
  1	2.8329	0.0000
  2	2.5192	0.2218
  3	2.4147	0.1707
  4	2.7000	0.2784
  5	2.8713	0.2703
  6	3.2592	0.4197
  7	3.5942	0.4750
  8	3.9144	0.5123
  9	4.3810	0.6331
 10	4.7346	0.6612
 11	4.9328	0.6301
 12	5.0980	0.5989
 13	5.2377	0.5689
 14	5.3575	0.5407
 15	5.4806	0.5185
 16	5.3888	0.4941
 17	5.3078	0.4716
 18	5.2330	0.4513
 19	5.1661	0.4325
 20	5.0297	0.4319
 21	4.9063	0.4286
 22	4.7941	0.4235
 23	4.7421	0.4083
 24	4.6944	0.3940
 25	4.6294	0.3836
 26	4.5694	0.3735
 27	4.6072	0.3616
 28	4.7054	0.3618
 29	4.7910	0.3593
 30	4.8709	0.3561
 31	4.8870	0.3450
 32	4.9021	0.3345
 33	4.8054	0.3381
 34	4.7144	0.3401
 35	4.7297	0.3308
 36	4.7442	0.3219
 37	4.7489	0.3132
 38	4.7093	0.3075
 39	4.6717	0.3019
 40	4.6360	0.2965
 41	4.6021	0.2912
 42	4.6223	0.2849
 43	4.6417	0.2790
 44	4.6601	0.2732
 45	4.6778	0.2677
 46	4.7308	0.2671
 47	4.7816	0.2662
 48	4.7674	0.2610
 49	4.7539	0.2561
 50	4.7140	0.2540
 51	4.6757	0.2519
 52	4.6305	0.2511
 53	4.5871	0.2501
 54	4.5458	0.2488
 55	4.5177	0.2459
 56	4.5093	0.2416
 57	4.5011	0.2375
 58	4.5336	0.2357
 59	4.5650	0.2338
 60	4.5869	0.2309
 61	4.6080	0.2281
 62	4.6285	0.2253
 63	4.6429	0.2222
 64	4.6587	0.2193
 65	4.6740	0.2164
 66	4.6882	0.2136
 67	4.7019	0.2109
 68	4.7143	0.2081
 69	4.7655	0.2113
 70	4.8152	0.2141
 71	4.8636	0.2164
 72	4.9118	0.2187
 73	4.9545	0.2199
 74	4.9651	0.2172
 75	4.9754	0.2145
 76	4.9854	0.2119
 77	4.9951	0.2094
 78	5.0315	0.2098
 79	5.0670	0.2102
 80	5.0765	0.2077
 81	5.0731	0.2052
 82	5.0562	0.2034
 83	5.0398	0.2016
 84	5.0237	0.1999
 85	5.0080	0.1981
 86	5.0193	0.1961
 87	5.0426	0.1953
 88	5.0654	0.1944
 89	5.0876	0.1934
 90	5.0945	0.1914
 91	5.0728	0.1905
 92	5.0576	0.1891
 93	5.0427	0.1876
 94	5.0403	0.1856
 95	5.0379	0.1837
 96	5.0356	0.1818
 97	5.0335	0.1799
 98	5.0322	0.1781
 99	5.0548	0.1777
100	5.0542	0.1760
  1	3.7535	0.0000
  2	3.9422	0.1334
  3	4.0051	0.1027
  4	3.4647	0.4743
  5	3.1405	0.4776
  6	2.9243	0.4442
  7	2.8731	0.3837
  8	2.9087	0.3374
  9	3.1065	0.3531
 10	3.2715	0.3543
 11	3.3356	0.3278
 12	3.3889	0.3048
 13	3.4340	0.2847
 14	3.4727	0.2670
 15	3.6412	0.2976
 16	3.5666	0.2882
 17	3.6666	0.2881
 18	3.7691	0.2898
 19	3.9052	0.3048
 20	4.0223	0.3112
 21	4.1283	0.3139
 22	4.2246	0.3141
 23	4.3466	0.3233
 24	4.4584	0.3286
 25	4.5054	0.3188
 26	4.5517	0.3098
 27	4.6886	0.3272
 28	4.8714	0.3630
 29	5.0289	0.3832
 30	5.1759	0.3976
 31	5.2339	0.3890
 32	5.2882	0.3806
 33	5.2337	0.3729
 34	5.1823	0.3655
 35	5.2224	0.3572
 36	5.2602	0.3493
 37	5.2702	0.3400
 38	5.1890	0.3406
 39	5.1118	0.3405
 40	5.0386	0.3398
 41	4.9841	0.3359
 42	4.9359	0.3313
 43	4.9142	0.3243
 44	4.8934	0.3176
 45	4.8736	0.3112
 46	4.8546	0.3050
 47	4.8365	0.2990
 48	4.8191	0.2933
 49	4.8024	0.2878
 50	4.7971	0.2821
 51	4.8150	0.2771
 52	4.8507	0.2741
 53	4.8851	0.2711
 54	4.9222	0.2686
 55	4.9929	0.2728
 56	5.0420	0.2723
 57	5.0893	0.2716
 58	5.1405	0.2717
 59	5.1900	0.2716
 60	5.2379	0.2713
 61	5.2842	0.2707
 62	5.3290	0.2701
 63	5.3448	0.2662
 64	5.3865	0.2653
 65	5.4268	0.2643
 66	5.4788	0.2653
 67	5.5293	0.2661
 68	5.5782	0.2667
 69	5.6256	0.2670
 70	5.6718	0.2671
 71	5.7166	0.2671
 72	5.7201	0.2634
 73	5.7233	0.2598
 74	5.7313	0.2564
 75	5.7391	0.2531
 76	5.7467	0.2499
 77	5.7541	0.2468
 78	5.7474	0.2437
 79	5.7201	0.2422
 80	5.6901	0.2410
 81	5.6793	0.2383
 82	5.6687	0.2356
 83	5.6583	0.2330
 84	5.6482	0.2304
 85	5.6540	0.2278
 86	5.6374	0.2257
 87	5.5935	0.2274
 88	5.5505	0.2288
 89	5.5085	0.2301
 90	5.4674	0.2311
 91	5.4510	0.2292
 92	5.4229	0.2284
 93	5.3955	0.2276
 94	5.3823	0.2256
 95	5.3694	0.2235
 96	5.3567	0.2216
 97	5.3390	0.2200
 98	5.3227	0.2184
 99	5.3067	0.2167
100	5.2911	0.2151
  1	4.2853	0.0000
  2	4.9051	0.4382
  3	5.1117	0.3374
  4	4.9417	0.2927
  5	4.8397	0.2513
  6	4.4965	0.3769
  7	4.2167	0.4140
  8	4.0069	0.4120
  9	3.7413	0.4437
 10	3.6646	0.4059
 11	3.6019	0.3738
 12	3.6321	0.3439
 13	3.6576	0.3184
 14	3.6796	0.2964
 15	3.8252	0.3103
 16	3.7670	0.2963
 17	3.8961	0.3057
 18	4.0388	0.3203
 19	4.2165	0.3493
 20	4.3764	0.3666
 21	4.3816	0.3492
 22	4.4129	0.3347
 23	4.4897	0.3288
 24	4.5600	0.3226
 25	4.5739	0.3100
 26	4.6239	0.3021
 27	4.7495	0.3159
 28	4.9240	0.3495
 29	5.0864	0.3733
 30	5.2379	0.3904
 31	5.3074	0.3839
 32	5.3726	0.3774
 33	5.3374	0.3676
 34	5.2787	0.3614
 35	5.2883	0.3512
 36	5.2973	0.3416
 37	5.2799	0.3328
 38	5.1645	0.3435
 39	5.0550	0.3517
 40	4.9510	0.3580
 41	4.8979	0.3531
 42	4.8181	0.3536
 43	4.7932	0.3463
 44	4.7694	0.3392
 45	4.7164	0.3358
 46	4.6658	0.3323
 47	4.6173	0.3287
 48	4.6293	0.3221
 49	4.6408	0.3157
 50	4.6780	0.3116
 51	4.7382	0.3113
 52	4.8248	0.3171
 53	4.9081	0.3219
 54	4.9925	0.3268
 55	5.1036	0.3392
 56	5.1903	0.3441
 57	5.2740	0.3481
 58	5.3536	0.3510
 59	5.4304	0.3534
 60	5.5047	0.3552
 61	5.5765	0.3566
 62	5.6460	0.3575
 63	5.6807	0.3535
 64	5.7392	0.3528
 65	5.7960	0.3519
 66	5.8702	0.3543
 67	5.9422	0.3563
 68	6.0088	0.3572
 69	6.0735	0.3579
 70	6.1473	0.3603
 71	6.2190	0.3623
 72	6.2499	0.3585
 73	6.2814	0.3550
 74	6.3095	0.3513
 75	6.3368	0.3477
 76	6.3634	0.3441
 77	6.3893	0.3406
 78	6.4081	0.3368
 79	6.4265	0.3330
 80	6.4278	0.3289
 81	6.4203	0.3249
 82	6.4130	0.3210
 83	6.4059	0.3172
 84	6.4220	0.3139
 85	6.4378	0.3106
 86	6.4296	0.3071
 87	6.3936	0.3056
 88	6.3585	0.3042
 89	6.3241	0.3027
 90	6.2905	0.3012
 91	6.2576	0.2997
 92	6.2140	0.2996
 93	6.1713	0.2994
 94	6.1513	0.2969
 95	6.1316	0.2944
 96	6.1124	0.2919
 97	6.0843	0.2903
 98	6.0607	0.2883
 99	6.0376	0.2863
100	6.0297	0.2835
  1	6.2785	0.0000
  2	6.8816	0.4264
  3	6.9272	0.2867
  4	6.4560	0.4613
  5	5.5398	0.8987
  6	4.9291	0.9336
  7	4.5172	0.8865
  8	4.1860	0.8352
  9	3.8401	0.8109
 10	3.7480	0.7350
 11	3.6726	0.6721
 12	3.7608	0.6218
 13	3.8355	0.5785
 14	3.8995	0.5407
 15	4.0566	0.5270
 16	4.1941	0.5116
 17	4.3154	0.4957
 18	4.4233	0.4798
 19	4.5199	0.4642
 20	4.5726	0.4439
 21	4.6203	0.4253
 22	4.6636	0.4082
 23	4.7316	0.3961
 24	4.7939	0.3844
 25	4.8099	0.3694
 26	4.8434	0.3567
 27	4.9717	0.3659
 28	5.1614	0.3989
 29	5.3304	0.4194
 30	5.4881	0.4341
 31	5.5652	0.4269
 32	5.6376	0.4196
 33	5.5837	0.4104
 34	5.5331	0.4014
 35	5.5812	0.3928
 36	5.6266	0.3845
 37	5.6563	0.3753
 38	5.5827	0.3725
 39	5.5129	0.3695
 40	5.4465	0.3661
 41	5.3876	0.3619
 42	5.3520	0.3551
 43	5.3384	0.3471
 44	5.3254	0.3394
 45	5.2983	0.3330
 46	5.2724	0.3267
 47	5.2476	0.3207
 48	5.2570	0.3142
 49	5.2660	0.3079
 50	5.2826	0.3022
 51	5.3207	0.2987
 52	5.3683	0.2967
 53	5.4142	0.2946
 54	5.4622	0.2930
 55	5.5466	0.2996
 56	5.6059	0.3001
 57	5.6631	0.3002
 58	5.7201	0.3004
 59	5.7751	0.3003
 60	5.8283	0.3000
 61	5.8797	0.2994
 62	5.9295	0.2987
 63	5.9499	0.2947
 64	5.9974	0.2939
 65	6.0433	0.2929
 66	6.1016	0.2942
 67	6.1581	0.2952
 68	6.2132	0.2960
 69	6.2589	0.2952
 70	6.3033	0.2943
 71	6.3464	0.2933
 72	6.3510	0.2892
 73	6.3566	0.2853
 74	6.3575	0.2815
 75	6.3584	0.2777
 76	6.3593	0.2741
 77	6.3602	0.2705
 78	6.3566	0.2671
 79	6.3532	0.2637
 80	6.3319	0.2613
 81	6.3068	0.2592
 82	6.2823	0.2572
 83	6.2584	0.2552
 84	6.2351	0.2533
 85	6.2124	0.2513
 86	6.1774	0.2508
 87	6.1433	0.2502
 88	6.1099	0.2496
 89	6.0772	0.2489
 90	6.0554	0.2471
 91	6.0340	0.2453
 92	6.0006	0.2449
 93	5.9680	0.2445
 94	5.9466	0.2428
 95	5.9257	0.2411
 96	5.9053	0.2395
 97	5.8846	0.2379
 98	5.8633	0.2364
 99	5.8423	0.2350
100	5.8218	0.2335
  1	4.3940	0.0000
  2	5.0238	0.4454
  3	5.2338	0.3428
  4	4.9614	0.3489
  5	4.7980	0.3151
  6	4.4967	0.3803
  7	4.2809	0.3823
  8	4.1190	0.3672
  9	3.9038	0.3843
 10	3.8257	0.3537
 11	3.7618	0.3273
 12	3.7561	0.3001
 13	3.7512	0.2770
 14	3.7471	0.2573
 15	3.8747	0.2700
 16	3.7860	0.2673
 17	3.8849	0.2692
 18	3.9973	0.2767
 19	4.1491	0.3009
 20	4.2857	0.3154
 21	4.2698	0.3008
 22	4.2854	0.2875
 23	4.3509	0.2824
 24	4.4109	0.2769
 25	4.4165	0.2659
 26	4.4727	0.2615
 27	4.5966	0.2797
 28	4.7706	0.3192
 29	4.9379	0.3493
 30	5.0941	0.3710
 31	5.1725	0.3672
 32	5.2459	0.3630
 33	5.2230	0.3527
 34	5.1624	0.3475
 35	5.1786	0.3379
 36	5.1939	0.3289
 37	5.1796	0.3203
 38	5.0768	0.3280
 39	4.9793	0.3337
 40	4.8867	0.3380
 41	4.8310	0.3343
 42	4.7595	0.3339
 43	4.7304	0.3274
 44	4.7025	0.3212
 45	4.6591	0.3170
 46	4.6175	0.3128
 47	4.5777	0.3086
 48	4.5868	0.3024
 49	4.5956	0.2963
 50	4.6271	0.2921
 51	4.6819	0.2914
 52	4.7638	0.2971
 53	4.8426	0.3018
 54	4.9225	0.3066
 55	5.0326	0.3201
 56	5.1195	0.3260
 57	5.2034	0.3309
 58	5.2856	0.3353
 59	5.3650	0.3389
 60	5.4418	0.3418
 61	5.5161	0.3442
 62	5.5879	0.3460
 63	5.6260	0.3426
 64	5.6883	0.3429
 65	5.7486	0.3429
 66	5.8247	0.3460
 67	5.8986	0.3487
 68	5.9678	0.3503
 69	6.0351	0.3517
 70	6.1004	0.3527
 71	6.1639	0.3534
 72	6.1850	0.3491
 73	6.2080	0.3450
 74	6.2339	0.3414
 75	6.2590	0.3377
 76	6.2835	0.3342
 77	6.3074	0.3307
 78	6.3193	0.3267
 79	6.3147	0.3226
 80	6.3020	0.3188
 81	6.2913	0.3150
 82	6.2808	0.3114
 83	6.2707	0.3078
 84	6.2607	0.3043
 85	6.2510	0.3008
 86	6.2196	0.2990
 87	6.1888	0.2971
 88	6.1333	0.2989
 89	6.0921	0.2983
 90	6.0519	0.2977
 91	6.0126	0.2970
 92	5.9772	0.2959
 93	5.9426	0.2948
 94	5.9240	0.2922
 95	5.9058	0.2897
 96	5.8880	0.2872
 97	5.8708	0.2848
 98	5.8545	0.2823
 99	5.8627	0.2796
100	5.8708	0.2769
  1	4.6028	0.0000
  2	4.5454	0.0406
  3	4.5263	0.0312
  4	4.2519	0.2388
  5	4.0872	0.2412
  6	3.9774	0.2246
  7	3.8990	0.2058
  8	3.8991	0.1800
  9	4.1361	0.2748
 10	4.3520	0.3211
 11	4.4770	0.3153
 12	4.5811	0.3058
 13	4.6692	0.2947
 14	4.7447	0.2831
 15	4.8880	0.2983
 16	4.8061	0.2907
 17	4.7338	0.2825
 18	4.6847	0.2710
 19	4.7437	0.2631
 20	4.8097	0.2581
 21	4.8695	0.2526
 22	4.9238	0.2469
 23	4.9735	0.2411
 24	5.0189	0.2353
 25	4.9679	0.2314
 26	4.8701	0.2423
 27	4.8613	0.2334
 28	4.9104	0.2302
 29	4.9538	0.2263
 30	4.9943	0.2224
 31	4.9820	0.2155
 32	4.9706	0.2091
 33	4.9598	0.2030
 34	4.9191	0.2011
 35	4.9578	0.1990
 36	5.0180	0.2024
 37	5.0490	0.1993
 38	4.9773	0.2066
 39	4.9092	0.2122
 40	4.8445	0.2165
 41	4.8108	0.2139
 42	4.7736	0.2120
 43	4.7735	0.2071
 44	4.7734	0.2024
 45	4.7530	0.1989
 46	4.7335	0.1955
 47	4.7148	0.1922
 48	4.7440	0.1904
 49	4.7719	0.1886
 50	4.8145	0.1896
 51	4.8791	0.1965
 52	4.9607	0.2090
 53	5.0392	0.2193
 54	5.1188	0.2292
 55	5.2319	0.2515
 56	5.3193	0.2617
 57	5.4036	0.2704
 58	5.4846	0.2776
 59	5.5629	0.2837
 60	5.6385	0.2888
 61	5.7116	0.2932
 62	5.7824	0.2969
 63	5.8205	0.2946
 64	5.8843	0.2969
 65	5.9461	0.2987
 66	6.0228	0.3038
 67	6.0972	0.3083
 68	6.1681	0.3118
 69	6.2322	0.3138
 70	6.2945	0.3154
 71	6.3550	0.3167
 72	6.3767	0.3131
 73	6.4003	0.3097
 74	6.4189	0.3060
 75	6.4370	0.3025
 76	6.4546	0.2990
 77	6.4718	0.2956
 78	6.4848	0.2921
 79	6.4975	0.2887
 80	6.4919	0.2852
 81	6.4748	0.2821
 82	6.4582	0.2792
 83	6.4419	0.2763
 84	6.4504	0.2731
 85	6.4587	0.2701
 86	6.4425	0.2674
 87	6.3997	0.2677
 88	6.3579	0.2679
 89	6.3171	0.2680
 90	6.2771	0.2680
 91	6.2380	0.2679
 92	6.1998	0.2677
 93	6.1624	0.2674
 94	6.1494	0.2649
 95	6.1368	0.2624
 96	6.1243	0.2600
 97	6.0993	0.2585
 98	6.0810	0.2565
 99	6.0631	0.2545
100	6.0582	0.2520
  1	6.3539	0.0000
  2	6.9499	0.4214
  3	7.0122	0.2855
  4	6.6212	0.4007
  5	5.7518	0.8410
  6	5.1723	0.8781
  7	4.7672	0.8409
  8	4.3838	0.8186
  9	4.0066	0.8099
 10	3.9506	0.7308
 11	3.9047	0.6658
 12	4.0148	0.6194
 13	4.1080	0.5787
 14	4.1879	0.5428
 15	4.3689	0.5360
 16	4.5273	0.5254
 17	4.6670	0.5127
 18	4.7936	0.4996
 19	4.8975	0.4840
 20	4.9546	0.4631
 21	5.0062	0.4440
 22	5.0532	0.4263
 23	5.1222	0.4133
 24	5.1855	0.4009
 25	5.2072	0.3854
 26	5.2384	0.3719
 27	5.3692	0.3804
 28	5.5629	0.4132
 29	5.7318	0.4321
 30	5.8896	0.4456
 31	5.9658	0.4376
 32	6.0372	0.4298
 33	5.9789	0.4207
 34	5.9241	0.4118
 35	5.9641	0.4020
 36	6.0018	0.3926
 37	6.0289	0.3829
 38	5.9445	0.3821
 39	5.8644	0.3806
 40	5.7883	0.3786
 41	5.7259	0.3745
 42	5.6840	0.3679
 43	5.6717	0.3595
 44	5.6599	0.3515
 45	5.6226	0.3457
 46	5.5868	0.3400
 47	5.5526	0.3345
 48	5.5616	0.3277
 49	5.5702	0.3211
 50	5.5883	0.3152
 51	5.6277	0.3115
 52	5.6733	0.3088
 53	5.7172	0.3061
 54	5.7634	0.3039
 55	5.8422	0.3084
 56	5.8937	0.3071
 57	5.9434	0.3058
 58	5.9895	0.3039
 59	6.0340	0.3020
 60	6.0771	0.3001
 61	6.1188	0.2980
 62	6.1591	0.2959
 63	6.1693	0.2914
 64	6.2070	0.2893
 65	6.2435	0.2871
 66	6.2941	0.2872
 67	6.3431	0.2871
 68	6.3905	0.2867
 69	6.4273	0.2849
 70	6.4631	0.2831
 71	6.4980	0.2812
 72	6.4939	0.2774
 73	6.4922	0.2736
 74	6.4886	0.2699
 75	6.4850	0.2663
 76	6.4815	0.2628
 77	6.4781	0.2594
 78	6.4690	0.2563
 79	6.4601	0.2532
 80	6.4369	0.2511
 81	6.4139	0.2490
 82	6.3915	0.2470
 83	6.3695	0.2450
 84	6.3481	0.2430
 85	6.3272	0.2411
 86	6.2885	0.2413
 87	6.2507	0.2415
 88	6.2137	0.2416
 89	6.1776	0.2416
 90	6.1553	0.2399
 91	6.1335	0.2383
 92	6.0999	0.2380
 93	6.0671	0.2377
 94	6.0501	0.2358
 95	6.0334	0.2339
 96	6.0170	0.2320
 97	5.9957	0.2306
 98	5.9763	0.2291
 99	5.9573	0.2276
100	5.9387	0.2260
  1	4.3631	0.0000
  2	4.9950	0.4468
  3	5.2056	0.3440
  4	5.0068	0.3101
  5	4.8876	0.2701
  6	4.5059	0.4148
  7	4.2221	0.4421
  8	4.0092	0.4351
  9	3.7434	0.4608
 10	3.7028	0.4165
 11	3.6696	0.3800
 12	3.7032	0.3498
 13	3.7317	0.3240
 14	3.7561	0.3018
 15	3.7772	0.2824
 16	3.7230	0.2699
 17	3.8269	0.2733
 18	3.9738	0.2950
 19	4.1053	0.3074
 20	4.2236	0.3139
 21	4.1912	0.3007
 22	4.1618	0.2884
 23	4.1503	0.2761
 24	4.1397	0.2648
 25	4.1129	0.2556
 26	4.0882	0.2469
 27	4.1789	0.2539
 28	4.3333	0.2879
 29	4.4573	0.3036
 30	4.5730	0.3147
 31	4.6233	0.3086
 32	4.6856	0.3051
 33	4.6314	0.3007
 34	4.5803	0.2961
 35	4.6305	0.2919
 36	4.6779	0.2876
 37	4.7038	0.2810
 38	4.7284	0.2747
 39	4.7517	0.2686
 40	4.7739	0.2628
 41	4.8024	0.2580
 42	4.8503	0.2562
 43	4.9210	0.2598
 44	4.9885	0.2625
 45	5.0275	0.2596
 46	5.0648	0.2566
 47	5.1006	0.2536
 48	5.1722	0.2583
 49	5.2409	0.2620
 50	5.3068	0.2649
 51	5.3887	0.2721
 52	5.4569	0.2752
 53	5.5268	0.2788
 54	5.5980	0.2826
 55	5.7042	0.2967
 56	5.7841	0.3020
 57	5.8611	0.3064
 58	5.9345	0.3097
 59	6.0055	0.3125
 60	6.0741	0.3147
 61	6.1404	0.3165
 62	6.2046	0.3178
 63	6.2370	0.3144
 64	6.2684	0.3111
 65	6.2988	0.3078
 66	6.3456	0.3067
 67	6.3911	0.3054
 68	6.4335	0.3039
 69	6.4707	0.3017
 70	6.5069	0.2996
 71	6.5420	0.2974
 72	6.5403	0.2933
 73	6.5417	0.2893
 74	6.5385	0.2854
 75	6.5354	0.2816
 76	6.5324	0.2779
 77	6.5294	0.2743
 78	6.5240	0.2709
 79	6.5186	0.2675
 80	6.4968	0.2650
 81	6.4695	0.2632
 82	6.4428	0.2613
 83	6.4168	0.2594
 84	6.3914	0.2576
 85	6.3666	0.2558
 86	6.3291	0.2555
 87	6.2707	0.2592
 88	6.2136	0.2625
 89	6.1860	0.2609
 90	6.1590	0.2594
 91	6.1327	0.2579
 92	6.1128	0.2559
 93	6.0933	0.2539
 94	6.0841	0.2513
 95	6.0751	0.2489
 96	6.0663	0.2464
 97	6.0603	0.2440
 98	6.0541	0.2415
 99	6.0480	0.2392
100	6.0421	0.2369
  1	2.8311	0.0000
  2	2.4811	0.2475
  3	2.3645	0.1905
  4	2.7160	0.3363
  5	2.9269	0.3286
  6	3.2885	0.4289
  7	3.6085	0.4721
  8	3.8979	0.4939
  9	4.3563	0.6161
 10	4.7243	0.6552
 11	4.9426	0.6310
 12	5.1245	0.6040
 13	5.2784	0.5768
 14	5.4103	0.5505
 15	5.5571	0.5330
 16	5.4814	0.5051
 17	5.4145	0.4798
 18	5.3531	0.4570
 19	5.2981	0.4363
 20	5.1590	0.4361
 21	5.0331	0.4331
 22	4.9187	0.4283
 23	4.8551	0.4143
 24	4.7967	0.4012
 25	4.7254	0.3914
 26	4.6595	0.3818
 27	4.7003	0.3699
 28	4.8056	0.3713
 29	4.8947	0.3691
 30	4.9779	0.3660
 31	4.9979	0.3548
 32	5.0167	0.3442
 33	4.9106	0.3497
 34	4.8107	0.3534
 35	4.8204	0.3435
 36	4.8294	0.3340
 37	4.8380	0.3251
 38	4.8462	0.3167
 39	4.8539	0.3086
 40	4.8613	0.3010
 41	4.8769	0.2941
 42	4.9082	0.2887
 43	4.9587	0.2864
 44	5.0069	0.2839
 45	5.0402	0.2796
 46	5.0721	0.2753
 47	5.1026	0.2711
 48	5.1640	0.2723
 49	5.2228	0.2730
 50	5.2795	0.2734
 51	5.3540	0.2780
 52	5.4256	0.2817
 53	5.5080	0.2882
 54	5.5910	0.2946
 55	5.7137	0.3138
 56	5.8139	0.3237
 57	5.9105	0.3322
 58	6.0077	0.3404
 59	6.1016	0.3473
 60	6.1924	0.3532
 61	6.2802	0.3582
 62	6.3652	0.3623
 63	6.4182	0.3604
 64	6.4695	0.3584
 65	6.5192	0.3563
 66	6.5833	0.3567
 67	6.6455	0.3567
 68	6.7046	0.3563
 69	6.7619	0.3558
 70	6.8289	0.3569
 71	6.8941	0.3578
 72	6.9184	0.3536
 73	6.9418	0.3496
 74	6.9626	0.3455
 75	6.9829	0.3415
 76	7.0026	0.3375
 77	7.0218	0.3337
 78	7.0327	0.3296
 79	7.0217	0.3256
 80	6.9929	0.3228
 81	6.9579	0.3207
 82	6.9238	0.3186
 83	6.8905	0.3165
 84	6.8579	0.3144
 85	6.8262	0.3123
 86	6.7836	0.3116
 87	6.7164	0.3151
 88	6.6508	0.3183
 89	6.5866	0.3212
 90	6.5238	0.3237
 91	6.4778	0.3234
 92	6.4217	0.3247
 93	6.3879	0.3229
 94	6.3611	0.3206
 95	6.3349	0.3183
 96	6.3092	0.3160
 97	6.2940	0.3131
 98	6.2742	0.3106
 99	6.2549	0.3080
100	6.2515	0.3050
  1	7.0916	0.0000
  2	7.7147	0.4406
  3	7.8659	0.3186
  4	7.1572	0.6586
  5	6.3066	0.9255
  6	5.7394	0.9289
  7	5.3344	0.8801
  8	5.0305	0.8208
  9	4.7943	0.7629
 10	4.6750	0.6959
 11	4.6258	0.6343
 12	4.5849	0.5828
 13	4.5502	0.5390
 14	4.5204	0.5013
 15	4.7611	0.5225
 16	4.8917	0.5059
 17	5.0302	0.4947
 18	5.1514	0.4818
 19	5.1580	0.4565
 20	5.2630	0.4456
 21	5.3432	0.4316
 22	5.5046	0.4411
 23	5.6519	0.4458
 24	5.7870	0.4473
 25	5.9147	0.4472
 26	6.0326	0.4453
 27	6.2215	0.4671
 28	6.4405	0.4992
 29	6.6362	0.5189
 30	6.8188	0.5328
 31	6.9016	0.5220
 32	6.9792	0.5114
 33	6.9745	0.4959
 34	6.9625	0.4815
 35	6.9991	0.4691
 36	7.0336	0.4574
 37	7.0241	0.4451
 38	6.9433	0.4407
 39	6.8667	0.4360
 40	6.7935	0.4312
 41	6.7238	0.4262
 42	6.6659	0.4200
 43	6.6505	0.4105
 44	6.6358	0.4015
 45	6.5757	0.3970
 46	6.5182	0.3925
 47	6.4631	0.3880
 48	6.4104	0.3835
 49	6.3598	0.3790
 50	6.3052	0.3753
 51	6.2720	0.3694
 52	6.2471	0.3632
 53	6.2232	0.3571
 54	6.2042	0.3510
 55	6.2254	0.3452
 56	6.2287	0.3391
 57	6.2319	0.3332
 58	6.2473	0.3278
 59	6.2622	0.3226
 60	6.2765	0.3175
 61	6.2904	0.3126
 62	6.3192	0.3089
 63	6.3148	0.3040
 64	6.3372	0.3001
 65	6.3590	0.2962
 66	6.4003	0.2946
 67	6.4493	0.2943
 68	6.4973	0.2938
 69	6.5347	0.2919
 70	6.5709	0.2900
 71	6.6062	0.2881
 72	6.6027	0.2841
 73	6.6005	0.2802
 74	6.5949	0.2765
 75	6.5894	0.2728
 76	6.5841	0.2693
 77	6.5789	0.2659
 78	6.5685	0.2627
 79	6.5583	0.2595
 80	6.5319	0.2576
 81	6.5050	0.2558
 82	6.4788	0.2541
 83	6.4533	0.2523
 84	6.4283	0.2505
 85	6.4040	0.2487
 86	6.3640	0.2490
 87	6.3250	0.2492
 88	6.2869	0.2493
 89	6.2496	0.2493
 90	6.2268	0.2475
 91	6.2046	0.2458
 92	6.1701	0.2455
 93	6.1364	0.2452
 94	6.1157	0.2435
 95	6.0955	0.2417
 96	6.0757	0.2400
 97	6.0553	0.2384
 98	6.0347	0.2369
 99	6.0145	0.2353
100	5.9948	0.2338
  1	4.3784	0.0000
  2	5.0190	0.4530
  3	5.2326	0.3487
  4	4.9404	0.3639
  5	4.7650	0.3307
  6	4.4332	0.4095
  7	4.2146	0.4052
  8	4.0507	0.3863
  9	3.8430	0.3952
 10	3.8025	0.3578
 11	3.7693	0.3268
 12	3.7770	0.2996
 13	3.7835	0.2767
 14	3.7890	0.2570
 15	3.7938	0.2399
 16	3.7201	0.2359
 17	3.7982	0.2346
 18	3.9209	0.2516
 19	4.0307	0.2612
 20	4.1295	0.2662
 21	4.0792	0.2582
 22	4.0335	0.2505
 23	4.0052	0.2412
 24	3.9793	0.2325
 25	3.9411	0.2263
 26	3.9059	0.2204
 27	3.9849	0.2259
 28	4.1312	0.2610
 29	4.2532	0.2790
 30	4.3670	0.2920
 31	4.4197	0.2873
 32	4.4877	0.2863
 33	4.4443	0.2809
 34	4.3788	0.2801
 35	4.3825	0.2722
 36	4.3860	0.2646
 37	4.3793	0.2575
 38	4.2809	0.2689
 39	4.1875	0.2778
 40	4.0987	0.2847
 41	4.0400	0.2837
 42	3.9842	0.2824
 43	3.9309	0.2808
 44	3.9094	0.2752
 45	3.8641	0.2728
 46	3.8161	0.2711
 47	3.7702	0.2692
 48	3.7437	0.2649
 49	3.7439	0.2595
 50	3.7495	0.2543
 51	3.7776	0.2509
 52	3.8241	0.2504
 53	3.8689	0.2496
 54	3.9159	0.2494
 55	4.0000	0.2586
 56	4.0642	0.2619
 57	4.1262	0.2645
 58	4.1954	0.2688
 59	4.2622	0.2725
 60	4.3269	0.2755
 61	4.3894	0.2780
 62	4.4499	0.2800
 63	4.4831	0.2775
 64	4.5411	0.2792
 65	4.5974	0.2805
 66	4.6625	0.2837
 67	4.7256	0.2864
 68	4.7878	0.2889
 69	4.8482	0.2909
 70	4.9068	0.2926
 71	4.9638	0.2940
 72	4.9803	0.2904
 73	4.9946	0.2867
 74	5.0114	0.2834
 75	5.0277	0.2800
 76	5.0437	0.2768
 77	5.0592	0.2737
 78	5.0615	0.2702
 79	5.0394	0.2676
 80	5.0106	0.2658
 81	5.0027	0.2627
 82	4.9950	0.2596
 83	4.9875	0.2566
 84	4.9802	0.2536
 85	4.9886	0.2508
 86	4.9758	0.2482
 87	4.9632	0.2457
 88	4.9298	0.2451
 89	4.8971	0.2445
 90	4.8651	0.2439
 91	4.8339	0.2432
 92	4.8033	0.2425
 93	4.7734	0.2417
 94	4.7570	0.2397
 95	4.7410	0.2377
 96	4.7253	0.2358
 97	4.7105	0.2338
 98	4.6944	0.2320
 99	4.6785	0.2302
100	4.6816	0.2279
  1	6.4895	0.0000
  2	7.0878	0.4231
  3	7.1001	0.2822
  4	6.4857	0.5726
  5	5.5802	0.9305
  6	4.9765	0.9513
  7	4.5918	0.8898
  8	4.3033	0.8240
  9	4.0526	0.7696
 10	4.0629	0.6927
 11	4.0714	0.6298
 12	4.1265	0.5797
 13	4.1731	0.5370
 14	4.2131	0.5001
 15	4.2477	0.4680
 16	4.1601	0.4469
 17	4.0828	0.4272
 18	4.0741	0.4036
 19	4.0664	0.3824
 20	4.0594	0.3634
 21	3.9233	0.3707
 22	3.9137	0.3540
 23	4.0032	0.3497
 24	4.0852	0.3446
 25	4.1416	0.3354
 26	4.1938	0.3265
 27	4.3036	0.3324
 28	4.4414	0.3479
 29	4.5700	0.3589
 30	4.6899	0.3664
 31	4.7290	0.3567
 32	4.7657	0.3474
 33	4.7432	0.3376
 34	4.6975	0.3308
 35	4.6961	0.3213
 36	4.6948	0.3124
 37	4.6446	0.3080
 38	4.5970	0.3035
 39	4.5519	0.2991
 40	4.5091	0.2946
 41	4.5023	0.2875
 42	4.4891	0.2810
 43	4.4766	0.2747
 44	4.4646	0.2687
 45	4.4531	0.2630
 46	4.4422	0.2575
 47	4.4317	0.2523
 48	4.4216	0.2472
 49	4.4120	0.2424
 50	4.4015	0.2377
 51	4.4122	0.2333
 52	4.4333	0.2298
 53	4.4536	0.2263
 54	4.4772	0.2234
 55	4.5386	0.2276
 56	4.5801	0.2273
 57	4.6201	0.2268
 58	4.6689	0.2281
 59	4.7161	0.2290
 60	4.7617	0.2297
 61	4.8059	0.2302
 62	4.8486	0.2304
 63	4.8666	0.2274
 64	4.9101	0.2280
 65	4.9522	0.2283
 66	5.0018	0.2302
 67	5.0498	0.2317
 68	5.0983	0.2333
 69	5.1454	0.2347
 70	5.1912	0.2357
 71	5.2357	0.2366
 72	5.2406	0.2333
 73	5.2427	0.2301
 74	5.2496	0.2271
 75	5.2564	0.2242
 76	5.2629	0.2214
 77	5.2693	0.2186
 78	5.2607	0.2159
 79	5.2251	0.2161
 80	5.1902	0.2162
 81	5.1847	0.2136
 82	5.1927	0.2112
 83	5.2005	0.2088
 84	5.2082	0.2064
 85	5.2156	0.2041
 86	5.1979	0.2025
 87	5.1806	0.2009
 88	5.1413	0.2025
 89	5.1027	0.2038
 90	5.0651	0.2050
 91	5.0283	0.2060
 92	4.9922	0.2069
 93	4.9765	0.2053
 94	4.9775	0.2031
 95	4.9785	0.2010
 96	4.9795	0.1989
 97	4.9807	0.1968
 98	4.9820	0.1948
 99	4.9832	0.1929
100	4.9975	0.1915
  1	7.0160	0.0000
  2	7.6626	0.4572
  3	7.8781	0.3519
  4	7.4706	0.4407
  5	6.6689	0.7990
  6	6.1345	0.8254
  7	5.7194	0.8052
  8	5.4080	0.7623
  9	4.9341	0.8117
 10	4.7926	0.7427
 11	4.7383	0.6772
 12	4.6930	0.6223
 13	4.6547	0.5756
 14	4.6218	0.5354
 15	4.8586	0.5496
 16	4.9463	0.5222
 17	5.0237	0.4972
 18	5.0840	0.4732
 19	5.0328	0.4510
 20	5.1140	0.4357
 21	5.1910	0.4217
 22	5.3616	0.4357
 23	5.5174	0.4438
 24	5.6602	0.4477
 25	5.7944	0.4494
 26	5.9182	0.4488
 27	6.0993	0.4673
 28	6.3052	0.4939
 29	6.4961	0.5125
 30	6.6743	0.5255
 31	6.7577	0.5151
 32	6.8358	0.5049
 33	6.8450	0.4897
 34	6.8323	0.4754
 35	6.8729	0.4636
 36	6.9113	0.4523
 37	6.8952	0.4403
 38	6.8251	0.4343
 39	6.7586	0.4282
 40	6.6707	0.4264
 41	6.6267	0.4183
 42	6.5713	0.4120
 43	6.5186	0.4058
 44	6.4682	0.3997
 45	6.4100	0.3950
 46	6.3544	0.3903
 47	6.3011	0.3856
 48	6.2826	0.3780
 49	6.2648	0.3707
 50	6.2581	0.3634
 51	6.2747	0.3566
 52	6.3073	0.3513
 53	6.3387	0.3460
 54	6.3728	0.3413
 55	6.4444	0.3425
 56	6.4929	0.3398
 57	6.5397	0.3371
 58	6.5878	0.3347
 59	6.6343	0.3322
 60	6.6792	0.3297
 61	6.7227	0.3272
 62	6.7648	0.3246
 63	6.7771	0.3197
 64	6.8163	0.3171
 65	6.8543	0.3144
 66	6.9051	0.3138
 67	6.9545	0.3129
 68	7.0023	0.3120
 69	7.0437	0.3102
 70	7.0840	0.3084
 71	7.1231	0.3065
 72	7.1247	0.3022
 73	7.1272	0.2981
 74	7.1231	0.2941
 75	7.1192	0.2902
 76	7.1153	0.2864
 77	7.1115	0.2827
 78	7.1054	0.2792
 79	7.0994	0.2757
 80	7.0731	0.2735
 81	7.0373	0.2725
 82	7.0024	0.2714
 83	6.9683	0.2702
 84	6.9350	0.2690
 85	6.9025	0.2678
 86	6.8645	0.2674
 87	6.7957	0.2730
 88	6.7285	0.2781
 89	6.6969	0.2767
 90	6.6659	0.2754
 91	6.6357	0.2740
 92	6.6101	0.2722
 93	6.5851	0.2704
 94	6.5635	0.2684
 95	6.5423	0.2664
 96	6.5216	0.2645
 97	6.5120	0.2619
 98	6.4984	0.2596
 99	6.4852	0.2573
100	6.4722	0.2551
  1	3.2220	0.0000
  2	3.0561	0.1173
  3	3.0009	0.0903
  4	3.0354	0.0740
  5	3.0561	0.0620
  6	3.4474	0.3609
  7	3.8023	0.4513
  8	4.1391	0.5052
  9	4.5995	0.6245
 10	4.9337	0.6453
 11	5.1019	0.6082
 12	5.2421	0.5734
 13	5.3607	0.5414
 14	5.4623	0.5122
 15	5.5682	0.4889
 16	5.4622	0.4697
 17	5.3688	0.4512
 18	5.2697	0.4369
 19	5.1811	0.4228
 20	5.0225	0.4304
 21	4.8790	0.4331
 22	4.7486	0.4327
 23	4.6929	0.4174
 24	4.6418	0.4031
 25	4.5854	0.3909
 26	4.5334	0.3793
 27	4.5620	0.3664
 28	4.6534	0.3645
 29	4.7436	0.3629
 30	4.8278	0.3605
 31	4.8545	0.3498
 32	4.8795	0.3398
 33	4.8094	0.3366
 34	4.7435	0.3331
 35	4.7781	0.3254
 36	4.8108	0.3180
 37	4.8269	0.3098
 38	4.8059	0.3024
 39	4.7859	0.2953
 40	4.7670	0.2885
 41	4.7117	0.2867
 42	4.6591	0.2847
 43	4.6061	0.2830
 44	4.5554	0.2810
 45	4.5070	0.2789
 46	4.4607	0.2767
 47	4.4164	0.2743
 48	4.3739	0.2719
 49	4.3332	0.2693
 50	4.3133	0.2647
 51	4.3187	0.2596
 52	4.3637	0.2584
 53	4.4071	0.2572
 54	4.4526	0.2564
 55	4.5316	0.2636
 56	4.5965	0.2668
 57	4.6591	0.2694
 58	4.7319	0.2744
 59	4.8023	0.2786
 60	4.8703	0.2822
 61	4.9663	0.2934
 62	5.0592	0.3030
 63	5.1186	0.3040
 64	5.2001	0.3100
 65	5.2791	0.3151
 66	5.3723	0.3238
 67	5.4628	0.3314
 68	5.5481	0.3373
 69	5.6309	0.3424
 70	5.7114	0.3469
 71	5.7896	0.3507
 72	5.8264	0.3478
 73	5.8637	0.3450
 74	5.8984	0.3421
 75	5.9322	0.3392
 76	5.9652	0.3363
 77	5.9972	0.3335
 78	6.0212	0.3300
 79	6.0287	0.3259
 80	6.0201	0.3220
 81	6.0031	0.3185
 82	5.9866	0.3150
 83	5.9704	0.3116
 84	5.9547	0.3083
 85	5.9393	0.3051
 86	5.9133	0.3026
 87	5.8636	0.3032
 88	5.8355	0.3011
 89	5.8080	0.2989
 90	5.7811	0.2968
 91	5.7548	0.2947
 92	5.7352	0.2922
 93	5.7160	0.2897
 94	5.7138	0.2866
 95	5.7116	0.2836
 96	5.7095	0.2806
 97	5.7024	0.2778
 98	5.6988	0.2750
 99	5.7150	0.2727
100	5.7065	0.2701
  1	2.9759	0.0000
  2	3.1780	0.1429
  3	3.2454	0.1100
  4	2.7941	0.3994
  5	2.5234	0.4010
  6	2.8266	0.4339
  7	3.0431	0.4225
  8	3.2055	0.3997
  9	3.5394	0.4746
 10	3.8406	0.5140
 11	4.0004	0.4914
 12	4.1335	0.4682
 13	4.2462	0.4455
 14	4.3428	0.4240
 15	4.5409	0.4396
 16	4.4836	0.4158
 17	4.5737	0.4010
 18	4.6505	0.3860
 19	4.7538	0.3793
 20	4.7918	0.3622
 21	4.6922	0.3584
 22	4.6016	0.3534
 23	4.5630	0.3401
 24	4.5276	0.3278
 25	4.4692	0.3198
 26	4.4153	0.3120
 27	4.4642	0.3043
 28	4.5715	0.3118
 29	4.6613	0.3137
 30	4.7451	0.3142
 31	4.7625	0.3046
 32	4.7789	0.2955
 33	4.6759	0.3039
 34	4.5790	0.3101
 35	4.5903	0.3014
 36	4.6010	0.2932
 37	4.6050	0.2853
 38	4.5617	0.2811
 39	4.5205	0.2769
 40	4.4814	0.2727
 41	4.4443	0.2686
 42	4.4625	0.2628
 43	4.4798	0.2573
 44	4.4964	0.2519
 45	4.5122	0.2468
 46	4.5274	0.2419
 47	4.5419	0.2372
 48	4.5050	0.2351
 49	4.5219	0.2310
 50	4.5069	0.2268
 51	4.5000	0.2225
 52	4.4823	0.2189
 53	4.4652	0.2154
 54	4.4514	0.2119
 55	4.4968	0.2128
 56	4.5332	0.2121
 57	4.5682	0.2113
 58	4.6021	0.2103
 59	4.6348	0.2093
 60	4.6563	0.2069
 61	4.6771	0.2046
 62	4.6972	0.2023
 63	4.6851	0.1994
 64	4.6995	0.1968
 65	4.7135	0.1943
 66	4.7447	0.1938
 67	4.7749	0.1933
 68	4.8018	0.1923
 69	4.8279	0.1913
 70	4.8533	0.1902
 71	4.8780	0.1891
 72	4.8607	0.1873
 73	4.8474	0.1852
 74	4.8461	0.1827
 75	4.8449	0.1803
 76	4.8437	0.1779
 77	4.8425	0.1756
 78	4.8241	0.1743
 79	4.8062	0.1730
 80	4.7951	0.1712
 81	4.8088	0.1696
 82	4.8221	0.1681
 83	4.7924	0.1687
 84	4.7940	0.1667
 85	4.7956	0.1647
 86	4.7668	0.1653
 87	4.7386	0.1658
 88	4.7111	0.1662
 89	4.6842	0.1665
 90	4.6789	0.1647
 91	4.6736	0.1630
 92	4.6593	0.1618
 93	4.6453	0.1607
 94	4.6562	0.1593
 95	4.6669	0.1580
 96	4.6775	0.1567
 97	4.6743	0.1552
 98	4.6781	0.1536
 99	4.6819	0.1521
100	4.6958	0.1512
